0 0.03828125 0.1734375 0.07421875 0.04375
0 0.0375 0.221875 0.0734375 0.04609375
0 0.03671875 0.26796875 0.071875 0.04765625
0 0.0375 0.3125 0.0734375 0.05390625
0 0.0375 0.3625 0.075 0.0484375
0 0.03828125 0.409375 0.07109375 0.04921875
0 0.03828125 0.45859375 0.075 0.05
0 0.0375 0.503125 0.07109375 0.04296875
0 0.03828125 0.546875 0.075 0.046875
0 0.0390625 0.59375 0.07734375 0.04609375
0 0.0390625 0.64453125 0.0765625 0.05
0 0.0390625 0.6921875 0.0765625 0.05234375
0 0.109375 0.171875 0.06953125 0.04921875
0 0.11015625 0.21875 0.075 0.05
0 0.1109375 0.26484375 0.07265625 0.046875
0 0.109375 0.3140625 0.06953125 0.05078125
0 0.1078125 0.36171875 0.06875 0.04921875
0 0.109375 0.41015625 0.06953125 0.04921875
0 0.11015625 0.45703125 0.0734375 0.046875
0 0.1109375 0.50078125 0.07265625 0.046875
0 0.109375 0.54765625 0.07109375 0.05234375
0 0.11171875 0.59609375 0.071875 0.04140625
0 0.1109375 0.64453125 0.06953125 0.05
0 0.1109375 0.69296875 0.07265625 0.04765625
0 0.23203125 0.403125 0.06640625 0.05078125
0 0.2328125 0.453125 0.0640625 0.04921875
0 0.23359375 0.5 0.0640625 0.0484375
0 0.2359375 0.5484375 0.0671875 0.04921875
0 0.23359375 0.59140625 0.06484375 0.04296875
0 0.23203125 0.63984375 0.06796875 0.04921875
0 0.23046875 0.68984375 0.071875 0.04453125
0 0.303125 0.4 0.07578125 0.05234375
0 0.30234375 0.45 0.0765625 0.0515625
0 0.30234375 0.5015625 0.07265625 0.04921875
0 0.303125 0.55078125 0.06953125 0.04453125
0 0.30234375 0.5953125 0.07109375 0.0484375
0 0.3 0.646875 0.075 0.04609375
0 0.30390625 0.69375 0.0734375 0.0484375
0 0.38046875 0.4015625 0.07890625 0.053125
0 0.37734375 0.44921875 0.07421875 0.05078125
0 0.37734375 0.49921875 0.07734375 0.05234375
0 0.378125 0.55 0.0765625 0.0515625
0 0.375 0.59921875 0.07578125 0.04921875
0 0.3796875 0.64921875 0.07734375 0.0515625
0 0.3875 0.69921875 0.078125 0.05390625
0 0.4578125 0.39765625 0.07734375 0.053125
0 0.4578125 0.44765625 0.0796875 0.053125
0 0.4578125 0.4984375 0.08203125 0.046875
0 0.46015625 0.54609375 0.08515625 0.04921875
0 0.4578125 0.5953125 0.0796875 0.05546875
0 0.46171875 0.6484375 0.07890625 0.04921875
0 0.46640625 0.6984375 0.07734375 0.05390625
0 0.54140625 0.39609375 0.08046875 0.053125
0 0.540625 0.446875 0.0796875 0.05234375
0 0.53984375 0.496875 0.08125 0.04609375
0 0.54453125 0.54296875 0.08046875 0.05234375
0 0.5453125 0.596875 0.08359375 0.053125
0 0.5484375 0.6453125 0.08359375 0.0484375
0 0.54921875 0.69140625 0.0796875 0.05
0 0.89453125 0.196875 0.21015625 0.11171875
0 0.89375 0.29609375 0.2125 0.1046875
0 0.88828125 0.396875 0.2234375 0.1046875
0 0.89375 0.49296875 0.21171875 0.09921875
0 0.89140625 0.5921875 0.2171875 0.103125
0 0.89140625 0.68984375 0.2171875 0.1078125
0 0.26953125 0.35859375 0.06953125 0.0359375
0 0.5578125 0.35390625 0.07109375 0.0359375
1 0.39765625 0.28515625 0.1296875 0.109375
1 0.5140625 0.253125 0.0890625 0.053125
1 0.5296875 0.31796875 0.121875 0.06953125