0 0.93828125 0.50859375 0.121875 0.10859375
0 0.93828125 0.59609375 0.1234375 0.1046875
0 0.93671875 0.67734375 0.1265625 0.1109375
0 0.934375 0.75859375 0.13125 0.1125
0 0.928125 0.834375 0.13203125 0.12421875
0 0.9171875 0.90859375 0.12578125 0.10234375
0 0.93515625 0.16953125 0.06171875 0.04921875
0 0.9421875 0.1171875 0.06875 0.0625
0 0.94765625 0.06328125 0.06875 0.05546875
0 0.95546875 0.01796875 0.07109375 0.034375
0 0.7859375 0.5921875 0.084375 0.15546875
0 0.775 0.7203125 0.084375 0.14765625
0 0.76640625 0.83515625 0.075 0.1328125
0 0.759375 0.9421875 0.06953125 0.115625
0 0.71171875 0.61171875 0.08125 0.153125
0 0.7015625 0.74375 0.0796875 0.15546875
0 0.69609375 0.86015625 0.078125 0.13515625
0 0.690625 0.953125 0.07421875 0.09296875
0 0.6328125 0.6328125 0.084375 0.1640625
0 0.62578125 0.76875 0.0828125 0.1546875
0 0.62265625 0.89140625 0.0796875 0.14453125
0 0.61875 0.9671875 0.075 0.065625
0 0.54921875 0.6578125 0.090625 0.1703125
0 0.5453125 0.8015625 0.0890625 0.1765625
0 0.54453125 0.92578125 0.0828125 0.14765625
0 0.4515625 0.6859375 0.1015625 0.1828125
0 0.4546875 0.83359375 0.09296875 0.17265625
0 0.45546875 0.94375 0.09609375 0.1125
0 0.2203125 0.57265625 0.1125 0.08671875
0 0.22890625 0.63203125 0.11328125 0.084375
0 0.23515625 0.68828125 0.10859375 0.08828125
0 0.23984375 0.74453125 0.10625 0.084375
0 0.24375 0.796875 0.1046875 0.0765625
0 0.2515625 0.8515625 0.1046875 0.08203125
0 0.2546875 0.90390625 0.0984375 0.0765625
0 0.25625 0.946875 0.0984375 0.0765625
0 0.2625 0.97734375 0.096875 0.04453125
0 0.10625 0.5984375 0.121875 0.09375
0 0.11640625 0.65546875 0.12109375 0.090625
0 0.1265625 0.71796875 0.11875 0.0875
0 0.1328125 0.77109375 0.11796875 0.0875
0 0.14140625 0.82890625 0.115625 0.090625
0 0.146875 0.88203125 0.11171875 0.0875
0 0.153125 0.93515625 0.11328125 0.084375
0 0.1625 0.97109375 0.1046875 0.0578125
0 0.025 0.61328125 0.05 0.071875
0 0.03125 0.68671875 0.0609375 0.06484375
0 0.0375 0.7390625 0.075 0.07421875
0 0.040625 0.8 0.08046875 0.084375
0 0.0453125 0.86015625 0.0890625 0.08203125
0 0.0484375 0.9171875 0.096875 0.084375
0 0.05546875 0.96484375 0.1109375 0.06953125
0 0.8203125 0.1734375 0.0796875 0.0625
0 0.82578125 0.11171875 0.0796875 0.06328125
0 0.83046875 0.0515625 0.08125 0.0625
0 0.75390625 0.0515625 0.08125 0.06953125
0 0.74921875 0.11171875 0.0828125 0.06484375
0 0.74453125 0.175 0.0828125 0.0609375
0 0.66796875 0.04609375 0.09453125 0.07109375
0 0.665625 0.11328125 0.09140625 0.06484375
0 0.6625 0.17421875 0.0890625 0.06484375
0 0.57421875 0.0453125 0.09921875 0.06953125
0 0.5734375 0.1125 0.1 0.0671875
0 0.57265625 0.18046875 0.09453125 0.06328125
0 0.4703125 0.0390625 0.11328125 0.0765625
0 0.46953125 0.11171875 0.109375 0.07734375
0 0.47265625 0.18203125 0.10625 0.0671875
0 0.18671875 0.20859375 0.1796875 0.09140625
0 0.17109375 0.12421875 0.184375 0.090625
0 0.16640625 0.0421875 0.1859375 0.08359375
0 0.57734375 0.43359375 0.078125 0.15
0 0.45859375 0.415625 0.065625 0.10234375
0 0.39609375 0.42734375 0.05625 0.10859375