0 0.02890625 0.4328125 0.05703125 0.046875
0 0.03203125 0.48515625 0.06328125 0.04921875
0 0.03203125 0.53828125 0.06328125 0.053125
0 0.1359375 0.42890625 0.14453125 0.0609375
0 0.140625 0.48046875 0.14609375 0.05546875
0 0.14296875 0.5421875 0.14921875 0.06640625
0 0.334375 0.5375 0.134375 0.1015625
0 0.33515625 0.44140625 0.134375 0.09375
0 0.33046875 0.33984375 0.13359375 0.11328125
0 0.33125 0.2390625 0.1328125 0.121875
0 0.3328125 0.13671875 0.1359375 0.12421875
0 0.33203125 0.05234375 0.13359375 0.10234375
0 0.47890625 0.03984375 0.1546875 0.078125
0 0.4796875 0.11484375 0.1578125 0.1328125
0 0.47890625 0.2203125 0.15703125 0.1328125
0 0.4796875 0.32890625 0.15703125 0.12265625
0 0.48203125 0.4375 0.15546875 0.109375
0 0.48203125 0.5421875 0.1546875 0.10625
0 0.6515625 0.07734375 0.1859375 0.15390625
0 0.65078125 0.19375 0.1859375 0.14375
0 0.653125 0.3125 0.184375 0.1375
0 0.65234375 0.43046875 0.1859375 0.121875
0 0.653125 0.5453125 0.1859375 0.11171875
0 0.90390625 0.01875 0.1421875 0.0375
0 0.90546875 0.0640625 0.14375 0.0984375
0 0.9015625 0.13828125 0.14375 0.090625
0 0.9 0.21484375 0.14453125 0.08828125
0 0.89609375 0.2890625 0.1421875 0.0828125
0 0.89140625 0.36015625 0.1390625 0.07734375
0 0.8921875 0.43125 0.1390625 0.0734375
0 0.89609375 0.50546875 0.1390625 0.06953125
0 0.8921875 0.5765625 0.1390625 0.0734375
0 0.21484375 0.38515625 0.13046875 0.046875
0 0.06953125 0.971875 0.05 0.053125