0 0.23046875 0.434375 0.28984375 0.109375
0 0.23203125 0.33515625 0.28671875 0.10390625
0 0.2359375 0.2375 0.28359375 0.12265625
0 0.221875 0.128125 0.28984375 0.125
0 0.2359375 0.046875 0.284375 0.09140625
0 0.06953125 0.746875 0.08125 0.03203125
0 0.0671875 0.7796875 0.08515625 0.03515625
0 0.065625 0.8140625 0.08671875 0.0375
0 0.0640625 0.85234375 0.08671875 0.03515625
0 0.0640625 0.88671875 0.08515625 0.0296875
0 0.0640625 0.9203125 0.08046875 0.03203125
0 0.0640625 0.953125 0.0796875 0.040625
0 0.06328125 0.9859375 0.0796875 0.028125
0 0.15703125 0.74296875 0.0875 0.03828125
0 0.15390625 0.78046875 0.08671875 0.03984375
0 0.15390625 0.81484375 0.08125 0.03984375
0 0.15234375 0.85078125 0.084375 0.0375
0 0.15 0.88203125 0.0796875 0.0375
0 0.14765625 0.9140625 0.08359375 0.0359375
0 0.146875 0.95 0.08046875 0.040625
0 0.146875 0.98203125 0.08203125 0.03515625
0 0.24453125 0.74140625 0.08671875 0.04140625
0 0.24296875 0.77734375 0.08515625 0.0375
0 0.2421875 0.8140625 0.08671875 0.03828125
0 0.240625 0.846875 0.0859375 0.03515625
0 0.2390625 0.88203125 0.0859375 0.034375
0 0.2359375 0.91953125 0.08515625 0.04296875
0 0.234375 0.953125 0.084375 0.0359375
0 0.234375 0.984375 0.0828125 0.03125
0 0.33359375 0.740625 0.084375 0.040625
0 0.3328125 0.7734375 0.084375 0.03828125
0 0.3296875 0.81171875 0.0828125 0.0359375
0 0.328125 0.84375 0.0828125 0.03515625
0 0.32734375 0.8796875 0.0828125 0.0390625
0 0.325 0.915625 0.0828125 0.0390625
0 0.325 0.9484375 0.08125 0.03984375
0 0.32421875 0.98359375 0.08515625 0.03203125
0 0.609375 0.70546875 0.08828125 0.04296875
0 0.60859375 0.746875 0.09140625 0.04453125
0 0.6078125 0.78125 0.0890625 0.0375
0 0.6046875 0.81484375 0.0875 0.03984375
0 0.60390625 0.85 0.0859375 0.04453125
0 0.603125 0.88828125 0.08515625 0.0421875
0 0.603125 0.925 0.0890625 0.0375
0 0.60234375 0.9578125 0.08984375 0.0359375
0 0.6015625 0.9859375 0.0921875 0.028125
0 0.7015625 0.71484375 0.0875 0.0390625
0 0.7 0.753125 0.08671875 0.03828125
0 0.7 0.7828125 0.08671875 0.0421875
0 0.69765625 0.81875 0.0875 0.03828125
0 0.69609375 0.85546875 0.0875 0.0359375
0 0.69765625 0.890625 0.08671875 0.0375
0 0.69453125 0.925 0.08671875 0.040625
0 0.69609375 0.96171875 0.08671875 0.04453125
0 0.79296875 0.71171875 0.08515625 0.0359375
0 0.790625 0.746875 0.08671875 0.03984375
0 0.790625 0.78203125 0.08671875 0.040625
0 0.78984375 0.81796875 0.08828125 0.034375
0 0.7890625 0.85234375 0.08984375 0.03984375
0 0.7875 0.88828125 0.0875 0.03671875
0 0.7875 0.92734375 0.0875 0.034375
0 0.78671875 0.95859375 0.08515625 0.03515625
0 0.88125 0.7078125 0.0828125 0.03828125
0 0.8828125 0.74453125 0.08671875 0.03671875
0 0.88125 0.77890625 0.0828125 0.03671875
0 0.88046875 0.81484375 0.08125 0.0375
0 0.8796875 0.84765625 0.084375 0.034375
0 0.88046875 0.884375 0.08671875 0.0421875
0 0.87734375 0.921875 0.084375 0.0359375
0 0.878125 0.9609375 0.0859375 0.03515625
0 0.7859375 0.9890625 0.08671875 0.02109375
0 0.87734375 0.990625 0.08515625 0.01875
0 0.5375 0.46640625 0.07421875 0.040625
0 0.5375 0.43125 0.075 0.03515625
0 0.53515625 0.396875 0.07578125 0.03828125
0 0.53359375 0.3578125 0.07734375 0.03671875
0 0.5328125 0.31953125 0.078125 0.040625
0 0.53203125 0.28359375 0.078125 0.03515625
0 0.5328125 0.24765625 0.0765625 0.040625
0 0.5328125 0.2125 0.0765625 0.04140625
0 0.53203125 0.17421875 0.0765625 0.03828125
0 0.53359375 0.13359375 0.075 0.04140625
0 0.53671875 0.1 0.07265625 0.0359375
0 0.53671875 0.06328125 0.07265625 0.040625
0 0.53671875 0.02734375 0.07421875 0.03828125
0 0.6125 0.0265625 0.0765625 0.03828125
0 0.6125 0.06484375 0.075 0.034375
0 0.61171875 0.1 0.075 0.03515625
0 0.609375 0.1375 0.07578125 0.0359375
0 0.60859375 0.175 0.0765625 0.040625
0 0.61015625 0.2109375 0.075 0.04296875
0 0.60859375 0.2515625 0.0765625 0.0375
0 0.609375 0.284375 0.07421875 0.0359375
0 0.609375 0.3234375 0.07578125 0.034375
0 0.6109375 0.35625 0.075 0.040625
0 0.6125 0.39609375 0.07890625 0.03984375
0 0.6140625 0.43359375 0.0765625 0.03515625
0 0.6140625 0.47109375 0.0765625 0.04609375
0 0.69140625 0.471875 0.07578125 0.0421875
0 0.6921875 0.4328125 0.0765625 0.0375
0 0.6890625 0.39609375 0.078125 0.0375
0 0.68671875 0.35859375 0.07890625 0.040625
0 0.684375 0.31875 0.0765625 0.04609375
0 0.68515625 0.28203125 0.07734375 0.03671875
0 0.68359375 0.2453125 0.0765625 0.040625
0 0.68359375 0.20625 0.0765625 0.04140625
0 0.6859375 0.16875 0.0765625 0.040625
0 0.6859375 0.13203125 0.075 0.0359375
0 0.6859375 0.09921875 0.075 0.034375
0 0.6859375 0.06328125 0.075 0.04296875
0 0.6875 0.028125 0.07265625 0.03515625
0 0.76171875 0.0265625 0.08046875 0.0359375
0 0.765625 0.06328125 0.078125 0.04296875
0 0.7640625 0.1 0.07734375 0.0375
0 0.76328125 0.1328125 0.07734375 0.0375
0 0.7640625 0.16953125 0.078125 0.03828125
0 0.7625 0.209375 0.078125 0.0375
0 0.7625 0.2453125 0.07734375 0.0421875
0 0.7625 0.28203125 0.078125 0.0375
0 0.76484375 0.32109375 0.07734375 0.040625
0 0.7640625 0.36015625 0.07734375 0.0375
0 0.7671875 0.39921875 0.07421875 0.0359375
0 0.76640625 0.43671875 0.078125 0.0375
0 0.76875 0.47421875 0.0765625 0.03671875
0 0.84296875 0.4703125 0.075 0.040625
0 0.84296875 0.43125 0.0765625 0.04296875
0 0.8421875 0.3921875 0.075 0.03671875
0 0.84140625 0.35625 0.07578125 0.040625
0 0.84140625 0.31796875 0.0765625 0.04296875
0 0.840625 0.2796875 0.0765625 0.04140625
0 0.83984375 0.24140625 0.0734375 0.03828125
0 0.83984375 0.20390625 0.071875 0.0421875
0 0.8390625 0.1671875 0.0734375 0.04140625
0 0.840625 0.13046875 0.0765625 0.04296875
0 0.84140625 0.09296875 0.07265625 0.03828125
0 0.84296875 0.06015625 0.071875 0.0484375
0 0.8421875 0.02421875 0.0765625 0.03828125
0 0.9171875 0.01875 0.07734375 0.03671875
0 0.91953125 0.05546875 0.07734375 0.053125
0 0.91875 0.0890625 0.08125 0.04296875
0 0.9203125 0.12578125 0.078125 0.03984375
0 0.9171875 0.1671875 0.08046875 0.0453125
0 0.91796875 0.2 0.078125 0.03984375
0 0.9171875 0.2375 0.07890625 0.03828125
0 0.91875 0.27734375 0.0765625 0.04140625
0 0.91953125 0.3203125 0.07578125 0.03515625
0 0.91875 0.359375 0.0765625 0.0375
0 0.92109375 0.3953125 0.0765625 0.03515625
0 0.921875 0.43203125 0.07734375 0.03828125
0 0.9203125 0.47109375 0.0765625 0.0359375