0 0.04921875 0.08046875 0.09765625 0.06484375
0 0.05078125 0.13984375 0.1 0.0609375
0 0.0515625 0.19765625 0.10234375 0.0578125
0 0.053125 0.2546875 0.1015625 0.053125
0 0.059375 0.31171875 0.103125 0.0609375
0 0.06796875 0.3703125 0.103125 0.05
0 0.07109375 0.4265625 0.09765625 0.06484375
0 0.07109375 0.48046875 0.09453125 0.06484375
0 0.075 0.53515625 0.09453125 0.06015625
0 0.078125 0.5859375 0.09453125 0.06015625
0 0.178125 0.609375 0.09453125 0.0734375
0 0.17421875 0.54921875 0.09921875 0.06484375
0 0.1703125 0.490625 0.09921875 0.06484375
0 0.1703125 0.43125 0.10234375 0.06015625
0 0.165625 0.3703125 0.1015625 0.0578125
0 0.1578125 0.3125 0.09453125 0.05546875
0 0.153125 0.25859375 0.1015625 0.0609375
0 0.15078125 0.20390625 0.096875 0.06015625
0 0.146875 0.14453125 0.096875 0.0578125
0 0.14453125 0.0859375 0.096875 0.0609375
0 0.24453125 0.08046875 0.09921875 0.0578125
0 0.2484375 0.13984375 0.096875 0.06015625
0 0.25078125 0.20390625 0.09609375 0.06015625
0 0.25390625 0.2578125 0.09140625 0.05859375
0 0.2578125 0.3140625 0.0953125 0.05625
0 0.2609375 0.371875 0.09453125 0.06328125
0 0.265625 0.4265625 0.08828125 0.0609375
0 0.26796875 0.48125 0.08828125 0.06484375
0 0.2671875 0.53515625 0.08671875 0.05859375
0 0.26953125 0.58828125 0.090625 0.06484375
0 0.4296875 0.5609375 0.075 0.0421875
0 0.42890625 0.53046875 0.075 0.0390625
0 0.43125 0.50078125 0.07734375 0.0390625
0 0.43125 0.4703125 0.0765625 0.0359375
0 0.43203125 0.4375 0.07890625 0.03671875
0 0.43203125 0.40390625 0.078125 0.0359375
0 0.43203125 0.371875 0.0765625 0.0375
0 0.4328125 0.34140625 0.0765625 0.0375
0 0.4328125 0.30703125 0.0765625 0.03671875
0 0.43359375 0.27421875 0.07890625 0.0375
0 0.43515625 0.2375 0.07890625 0.034375
0 0.43515625 0.203125 0.08125 0.03671875
0 0.4375 0.1703125 0.0796875 0.03984375
0 0.4390625 0.13515625 0.07890625 0.04140625
0 0.43984375 0.1015625 0.0796875 0.04296875
0 0.43984375 0.06640625 0.0796875 0.04765625
0 0.440625 0.0296875 0.07890625 0.04296875
0 0.52109375 0.034375 0.07265625 0.0421875
0 0.51875 0.07109375 0.075 0.0421875
0 0.51796875 0.10390625 0.07265625 0.0421875
0 0.51640625 0.1375 0.071875 0.04140625
0 0.5140625 0.17421875 0.07109375 0.04296875
0 0.5140625 0.20625 0.071875 0.040625
0 0.51328125 0.2375 0.07109375 0.040625
0 0.51328125 0.27421875 0.075 0.03828125
0 0.51328125 0.30390625 0.07109375 0.03203125
0 0.51171875 0.334375 0.06953125 0.03359375
0 0.51015625 0.36875 0.06953125 0.03046875
0 0.509375 0.40078125 0.07109375 0.03359375
0 0.5078125 0.4328125 0.07109375 0.0296875
0 0.50859375 0.4625 0.071875 0.034375
0 0.5078125 0.49140625 0.07265625 0.03671875
0 0.50703125 0.52109375 0.071875 0.0359375
0 0.50546875 0.553125 0.07109375 0.0359375
0 0.5765625 0.54140625 0.0640625 0.034375
0 0.57890625 0.51328125 0.0640625 0.03125
0 0.57734375 0.4828125 0.0671875 0.03671875
0 0.57734375 0.45390625 0.06640625 0.03359375
0 0.5796875 0.425 0.065625 0.03203125
0 0.58203125 0.39375 0.0671875 0.03359375
0 0.5828125 0.36328125 0.06875 0.0359375
0 0.584375 0.33203125 0.06484375 0.03203125
0 0.584375 0.30390625 0.06875 0.02890625
0 0.5859375 0.27421875 0.0640625 0.0375
0 0.58671875 0.23984375 0.06328125 0.03125
0 0.5859375 0.21015625 0.065625 0.0375
0 0.5890625 0.175 0.065625 0.03984375
0 0.58984375 0.14453125 0.0640625 0.04140625
0 0.59296875 0.1109375 0.0625 0.03984375
0 0.5921875 0.078125 0.06171875 0.04140625
0 0.59453125 0.04453125 0.06328125 0.0390625
0 0.59375 0.01796875 0.065625 0.03359375
0 0.6578125 0.0265625 0.06171875 0.046875
0 0.6578125 0.05703125 0.0609375 0.046875
0 0.65625 0.08984375 0.0609375 0.04140625
0 0.65546875 0.1203125 0.0578125 0.0421875
0 0.6546875 0.1484375 0.059375 0.03828125
0 0.65234375 0.1796875 0.05703125 0.0359375
0 0.65234375 0.21171875 0.0578125 0.0328125
0 0.6515625 0.23984375 0.0546875 0.02890625
0 0.6515625 0.27109375 0.059375 0.03125
0 0.65 0.30390625 0.06015625 0.03203125
0 0.64765625 0.33125 0.06171875 0.0296875
0 0.64765625 0.3625 0.0625 0.0296875
0 0.646875 0.38984375 0.059375 0.03125
0 0.6453125 0.41875 0.06171875 0.034375
0 0.64375 0.4484375 0.06171875 0.03359375
0 0.64296875 0.47421875 0.0640625 0.03203125
0 0.64375 0.50234375 0.06015625 0.03203125
0 0.64296875 0.528125 0.05859375 0.028125
0 0.8265625 0.5078125 0.05078125 0.0296875
0 0.8265625 0.48203125 0.05078125 0.03125
0 0.82734375 0.4546875 0.05078125 0.02890625
0 0.828125 0.43125 0.0515625 0.0296875
0 0.8296875 0.40390625 0.053125 0.0296875
0 0.83125 0.3765625 0.0515625 0.0296875
0 0.83203125 0.35234375 0.05078125 0.02890625
0 0.8328125 0.32578125 0.053125 0.02734375
0 0.834375 0.29765625 0.05 0.028125
0 0.8359375 0.26953125 0.05 0.02578125
0 0.8375 0.24609375 0.05 0.0296875
0 0.840625 0.21640625 0.0515625 0.02890625
0 0.8421875 0.18828125 0.05390625 0.03203125
0 0.8421875 0.16171875 0.05546875 0.0375
0 0.84296875 0.13359375 0.05390625 0.034375
0 0.8453125 0.1015625 0.05625 0.03359375
0 0.846875 0.07578125 0.0546875 0.03671875
0 0.84921875 0.04609375 0.053125 0.034375
0 0.85078125 0.0171875 0.05078125 0.0328125
0 0.90234375 0.02734375 0.0484375 0.040625
0 0.90078125 0.05234375 0.046875 0.03203125
0 0.89765625 0.08125 0.04140625 0.03671875
0 0.896875 0.10859375 0.04375 0.034375
0 0.89453125 0.13671875 0.04375 0.0390625
0 0.8921875 0.16640625 0.0453125 0.034375
0 0.890625 0.18984375 0.04375 0.03203125
0 0.890625 0.21640625 0.04140625 0.03203125
0 0.8859375 0.24453125 0.0453125 0.03359375
0 0.884375 0.271875 0.046875 0.03125
0 0.88515625 0.29765625 0.04375 0.02734375
0 0.884375 0.32421875 0.0484375 0.028125
0 0.88203125 0.35234375 0.04765625 0.0296875
0 0.88125 0.378125 0.04609375 0.02890625
0 0.8796875 0.40234375 0.04765625 0.02578125
0 0.8796875 0.4265625 0.04921875 0.02890625
0 0.878125 0.453125 0.04765625 0.028125
0 0.8765625 0.478125 0.046875 0.02734375
0 0.8765625 0.5 0.046875 0.028125
0 0.92421875 0.49375 0.04140625 0.0296875
0 0.9234375 0.46875 0.04375 0.0296875
0 0.925 0.4453125 0.0453125 0.028125
0 0.92578125 0.42421875 0.0453125 0.02890625
0 0.92734375 0.3984375 0.04375 0.02890625
0 0.928125 0.3734375 0.04375 0.0296875
0 0.93046875 0.346875 0.04375 0.0265625
0 0.93046875 0.32265625 0.04375 0.0296875
0 0.9328125 0.2953125 0.0453125 0.025
0 0.93359375 0.271875 0.04140625 0.02890625
0 0.9359375 0.2453125 0.04375 0.02578125
0 0.93671875 0.2203125 0.0421875 0.0296875
0 0.93828125 0.19375 0.04375 0.02890625
0 0.93984375 0.16875 0.0421875 0.03359375
0 0.940625 0.14609375 0.040625 0.02734375
0 0.94296875 0.11796875 0.04140625 0.03125
0 0.9453125 0.08828125 0.04140625 0.0296875
0 0.94921875 0.06484375 0.040625 0.02890625
0 0.94921875 0.0375 0.04140625 0.03203125
0 0.965625 0.48671875 0.03984375 0.028125
0 0.96640625 0.46328125 0.03984375 0.02578125
0 0.96640625 0.4421875 0.03828125 0.025
0 0.96796875 0.41875 0.03984375 0.02734375
0 0.96796875 0.3953125 0.03984375 0.02890625
0 0.96953125 0.371875 0.04140625 0.028125
0 0.96953125 0.34609375 0.03828125 0.0296875
0 0.97421875 0.3234375 0.03984375 0.0265625
0 0.9734375 0.29921875 0.0390625 0.021875
0 0.975 0.275 0.04140625 0.03046875
0 0.97734375 0.24609375 0.040625 0.02734375
0 0.97890625 0.2203125 0.04140625 0.0296875
0 0.9796875 0.19765625 0.040625 0.0296875
0 0.98125 0.17265625 0.0375 0.0296875