0 0.07421875 0.38046875 0.14765625 0.08828125
0 0.0734375 0.29765625 0.1453125 0.0828125
0 0.071875 0.21171875 0.1421875 0.08828125
0 0.06953125 0.12109375 0.1390625 0.1
0 0.06953125 0.04296875 0.1390625 0.08515625
0 0.2171875 0.05234375 0.15 0.1015625
0 0.21796875 0.13515625 0.153125 0.09375
0 0.221875 0.21640625 0.15390625 0.0890625
0 0.221875 0.2984375 0.14921875 0.0875
0 0.225 0.37734375 0.15078125 0.078125
0 0.5015625 0.3734375 0.12734375 0.0828125
0 0.49921875 0.29453125 0.1296875 0.084375
0 0.496875 0.21796875 0.12578125 0.09296875
0 0.5015625 0.13984375 0.12734375 0.09609375
0 0.5015625 0.0625 0.1296875 0.09765625
0 0.625 0.0765625 0.11796875 0.0890625
0 0.6265625 0.0234375 0.11875 0.0453125
0 0.6234375 0.1546875 0.115625 0.0828125
0 0.6203125 0.228125 0.11640625 0.07734375
0 0.62265625 0.3 0.1125 0.07578125
0 0.6234375 0.378125 0.109375 0.0765625
0 0.7390625 0.375 0.11015625 0.07109375
0 0.73671875 0.30390625 0.11171875 0.07109375
0 0.7375 0.23046875 0.109375 0.0796875
0 0.740625 0.1546875 0.11171875 0.078125
0 0.74453125 0.08203125 0.11171875 0.0890625
0 0.74375 0.0265625 0.11015625 0.05234375
0 0.84609375 0.03359375 0.09765625 0.06484375
0 0.84296875 0.1015625 0.0953125 0.07421875
0 0.8453125 0.16875 0.0984375 0.07578125
0 0.84453125 0.240625 0.0953125 0.071875
0 0.8453125 0.30625 0.0953125 0.06953125
0 0.8421875 0.37578125 0.0921875 0.06953125
0 0.9421875 0.37265625 0.0875 0.0625
0 0.940625 0.3109375 0.0921875 0.06484375
0 0.940625 0.24765625 0.09296875 0.0625
0 0.9390625 0.1828125 0.090625 0.0671875
0 0.9390625 0.11328125 0.09453125 0.06015625
0 0.940625 0.04375 0.0890625 0.06328125
0 0.521875 0.771875 0.115625 0.06328125
0 0.52109375 0.82109375 0.11796875 0.0609375
0 0.51953125 0.86640625 0.115625 0.0625
0 0.51875 0.9109375 0.115625 0.06015625
0 0.51640625 0.95390625 0.11640625 0.06328125
0 0.5171875 0.98515625 0.10859375 0.0296875
0 0.63203125 0.75546875 0.1046875 0.0578125
0 0.6328125 0.8 0.1046875 0.053125
0 0.6328125 0.84296875 0.1078125 0.05859375
0 0.63203125 0.8875 0.1078125 0.05859375
0 0.63125 0.9296875 0.1078125 0.0609375
0 0.63203125 0.9703125 0.1046875 0.05859375
0 0.74296875 0.74921875 0.1078125 0.0625
0 0.7421875 0.7890625 0.103125 0.0625
0 0.740625 0.83046875 0.09921875 0.06015625
0 0.73828125 0.86953125 0.0984375 0.06328125
0 0.7359375 0.9109375 0.09765625 0.06484375
0 0.7359375 0.95703125 0.09453125 0.06015625
0 0.8390625 0.72109375 0.0875 0.05859375
0 0.83828125 0.7640625 0.08828125 0.05234375
0 0.83671875 0.80625 0.0875 0.05546875
0 0.834375 0.84609375 0.09140625 0.05546875
0 0.83203125 0.88671875 0.08984375 0.06015625
0 0.8328125 0.92734375 0.08671875 0.06015625
0 0.8296875 0.9703125 0.08828125 0.05546875
0 0.921875 0.7046875 0.07890625 0.04296875
0 0.92109375 0.74375 0.07890625 0.04765625
0 0.91953125 0.78359375 0.078125 0.04765625
0 0.91953125 0.8234375 0.0796875 0.04765625
0 0.915625 0.8625 0.078125 0.053125
0 0.91640625 0.90390625 0.08125 0.053125
0 0.9140625 0.9421875 0.0796875 0.05234375
0 0.91484375 0.97421875 0.075 0.0515625
1 0.23671875 0.7234375 0.1515625 0.0984375
1 0.23359375 0.8109375 0.14453125 0.1046875