0 0.94453125 0.13125 0.109375 0.09765625
0 0.95 0.040625 0.1 0.07890625
0 0.78671875 0.09375 0.0765625 0.15703125
0 0.7140625 0.0890625 0.084375 0.15703125
0 0.63125 0.0890625 0.0890625 0.171875
0 0.54296875 0.09140625 0.090625 0.171875
0 0.446875 0.08828125 0.103125 0.1765625
0 0.23671875 0.15078125 0.11328125 0.07734375
0 0.23046875 0.07890625 0.115625 0.0765625
0 0.228125 0.02109375 0.11640625 0.0421875
0 0.10859375 0.02421875 0.128125 0.04765625
0 0.11640625 0.07734375 0.12734375 0.08046875
0 0.12265625 0.15 0.12265625 0.0765625
0 0.03203125 0.153125 0.0640625 0.0734375
0 0.028125 0.08125 0.05546875 0.084375
0 0.92734375 0.528125 0.04765625 0.046875
0 0.88046875 0.5421875 0.05234375 0.0453125
0 0.8296875 0.54609375 0.04921875 0.04453125
0 0.828125 0.58828125 0.05546875 0.04453125
0 0.9765625 0.58671875 0.04609375 0.040625
0 0.9296875 0.59921875 0.0515625 0.04921875
0 0.87890625 0.61328125 0.053125 0.05234375
0 0.8234375 0.63203125 0.0578125 0.04765625
0 0.975 0.6234375 0.04765625 0.04453125
0 0.9703125 0.6578125 0.04765625 0.04921875
0 0.965625 0.690625 0.0484375 0.04140625
0 0.96328125 0.7234375 0.04453125 0.0453125
0 0.95859375 0.753125 0.0453125 0.04140625
0 0.953125 0.78828125 0.04453125 0.04765625
0 0.9515625 0.81875 0.04296875 0.0453125
0 0.946875 0.8515625 0.04296875 0.0453125
0 0.9265625 0.63515625 0.0515625 0.0453125
0 0.921875 0.66953125 0.04921875 0.046875
0 0.91796875 0.70703125 0.04921875 0.046875
0 0.91484375 0.74140625 0.05078125 0.04296875
0 0.91015625 0.778125 0.0484375 0.040625
0 0.90703125 0.809375 0.0515625 0.0453125
0 0.90390625 0.83984375 0.05234375 0.046875
0 0.9 0.87109375 0.0515625 0.05
0 0.875 0.64921875 0.0515625 0.04765625
0 0.87109375 0.6875 0.05625 0.0515625
0 0.8671875 0.7234375 0.05078125 0.04921875
0 0.86328125 0.75859375 0.05234375 0.0515625
0 0.8609375 0.7921875 0.0546875 0.05
0 0.85625 0.8265625 0.05078125 0.046875
0 0.853125 0.85859375 0.04609375 0.04765625
0 0.85078125 0.89140625 0.05078125 0.05390625
0 0.81953125 0.66875 0.0609375 0.05
0 0.8140625 0.7078125 0.05625 0.046875
0 0.81328125 0.74453125 0.05625 0.0515625
0 0.809375 0.78203125 0.0515625 0.04921875
0 0.80625 0.8171875 0.053125 0.04921875
0 0.803125 0.85 0.05625 0.04765625
0 0.79921875 0.884375 0.05390625 0.04765625
0 0.79921875 0.91796875 0.0578125 0.05234375
0 0.46171875 0.82734375 0.0609375 0.0453125
0 0.46328125 0.853125 0.0578125 0.0453125
0 0.46328125 0.88203125 0.059375 0.04921875
0 0.465625 0.9109375 0.0578125 0.0453125
0 0.46640625 0.93828125 0.0609375 0.046875
0 0.46640625 0.96328125 0.059375 0.04296875
0 0.4671875 0.98359375 0.05625 0.03203125
0 0.521875 0.81171875 0.059375 0.04296875
0 0.52265625 0.83515625 0.059375 0.040625
0 0.52265625 0.86484375 0.059375 0.04296875
0 0.525 0.890625 0.05546875 0.0421875
0 0.52421875 0.91484375 0.0546875 0.0421875
0 0.52578125 0.94140625 0.05546875 0.04140625
0 0.525 0.96796875 0.05625 0.0421875
0 0.58125 0.79453125 0.05625 0.040625
0 0.58125 0.821875 0.05546875 0.040625
0 0.58046875 0.846875 0.05546875 0.04140625
0 0.58125 0.87265625 0.05546875 0.0421875
0 0.58203125 0.8984375 0.05390625 0.04140625
0 0.58203125 0.9234375 0.05390625 0.04296875
0 0.58046875 0.94765625 0.0515625 0.040625
0 0.5796875 0.96953125 0.053125 0.04140625
0 0.5796875 0.98515625 0.053125 0.0296875
0 0.6359375 0.7796875 0.05546875 0.04375
0 0.6359375 0.80625 0.05390625 0.04140625
0 0.63515625 0.8296875 0.05234375 0.0421875
0 0.63359375 0.853125 0.05078125 0.0390625
0 0.63359375 0.8765625 0.05 0.04296875
0 0.63203125 0.90078125 0.04921875 0.04140625
0 0.63203125 0.9234375 0.04921875 0.0484375
0 0.63125 0.9484375 0.04765625 0.04140625
0 0.63125 0.9703125 0.0453125 0.04140625
0 0.63125 0.984375 0.04609375 0.03125