0 0.02578125 0.10234375 0.05 0.053125
0 0.02578125 0.15390625 0.05 0.0515625
0 0.0265625 0.2015625 0.05234375 0.0484375
0 0.0265625 0.25078125 0.0515625 0.0484375
0 0.025 0.2984375 0.0484375 0.05234375
0 0.025 0.3421875 0.0484375 0.05
0 0.025 0.3890625 0.05 0.05078125
0 0.02578125 0.4390625 0.05 0.053125
0 0.0265625 0.484375 0.0515625 0.05078125
0 0.02734375 0.53125 0.053125 0.05078125
0 0.02734375 0.575 0.05390625 0.04453125
0 0.02890625 0.6203125 0.05703125 0.0484375
0 0.08984375 0.621875 0.06484375 0.0515625
0 0.08671875 0.5765625 0.06640625 0.04765625
0 0.0875 0.5296875 0.06875 0.05390625
0 0.0828125 0.48125 0.0703125 0.04765625
0 0.0828125 0.43671875 0.071875 0.04921875
0 0.08203125 0.38828125 0.06640625 0.053125
0 0.08359375 0.3390625 0.06875 0.0484375
0 0.08359375 0.29296875 0.06796875 0.053125
0 0.084375 0.246875 0.07109375 0.0515625
0 0.0875 0.196875 0.0671875 0.05859375
0 0.084375 0.14921875 0.06796875 0.0515625
0 0.08515625 0.1 0.06796875 0.059375
0 0.1546875 0.0921875 0.071875 0.0546875
0 0.153125 0.1484375 0.06796875 0.05078125
0 0.15390625 0.19375 0.0671875 0.05546875
0 0.1515625 0.24453125 0.0671875 0.0515625
0 0.15 0.2921875 0.0734375 0.053125
0 0.15234375 0.3390625 0.07109375 0.05390625
0 0.15390625 0.3875 0.07109375 0.0515625
0 0.153125 0.43515625 0.0671875 0.05078125
0 0.153125 0.48203125 0.0671875 0.05078125
0 0.15546875 0.53125 0.07109375 0.05
0 0.15546875 0.57734375 0.06953125 0.05
0 0.1578125 0.625 0.0671875 0.04765625
0 0.228125 0.6234375 0.071875 0.05078125
0 0.22578125 0.57890625 0.071875 0.05078125
0 0.2234375 0.53046875 0.071875 0.05703125
0 0.2234375 0.4828125 0.0734375 0.05625
0 0.2203125 0.43125 0.071875 0.05390625
0 0.22109375 0.3859375 0.06953125 0.05390625
0 0.22109375 0.33671875 0.0671875 0.053125
0 0.221875 0.28515625 0.0734375 0.0609375
0 0.221875 0.234375 0.07421875 0.053125
0 0.2203125 0.18984375 0.07109375 0.05859375
0 0.2203125 0.14140625 0.06875 0.05625
0 0.2203125 0.08828125 0.071875 0.05859375
0 0.3609375 0.16796875 0.08125 0.05703125
0 0.36015625 0.2171875 0.0828125 0.05390625
0 0.35625 0.26640625 0.078125 0.053125
0 0.35546875 0.31875 0.08515625 0.05390625
0 0.3578125 0.36875 0.08125 0.05859375
0 0.35859375 0.421875 0.078125 0.05390625
0 0.3578125 0.475 0.0796875 0.053125
0 0.3546875 0.52734375 0.08125 0.0453125
0 0.3578125 0.5765625 0.0796875 0.053125
0 0.35390625 0.62578125 0.08125 0.04765625
0 0.45703125 0.1828125 0.07734375 0.05625
0 0.45625 0.23125 0.07421875 0.0453125
0 0.45703125 0.28203125 0.07734375 0.05078125
0 0.4578125 0.3296875 0.07421875 0.05234375
0 0.45703125 0.37578125 0.0765625 0.0515625
0 0.459375 0.42265625 0.078125 0.05
0 0.4578125 0.475 0.07734375 0.053125
0 0.45625 0.525 0.0765625 0.04765625
0 0.4546875 0.575 0.07421875 0.05078125
0 0.45625 0.62265625 0.07265625 0.0515625
0 0.5359375 0.178125 0.0765625 0.05703125
0 0.534375 0.2265625 0.0796875 0.05390625
0 0.534375 0.2765625 0.0765625 0.05703125
0 0.534375 0.32578125 0.0765625 0.05390625
0 0.53515625 0.375 0.078125 0.05546875
0 0.53359375 0.4265625 0.07109375 0.04609375
0 0.534375 0.4765625 0.071875 0.053125
0 0.534375 0.52109375 0.071875 0.04765625
0 0.53515625 0.57421875 0.07109375 0.05390625
0 0.534375 0.62578125 0.07109375 0.05078125
0 0.61484375 0.640625 0.09296875 0.05859375
0 0.6140625 0.5875 0.08828125 0.05625
0 0.6140625 0.5296875 0.08671875 0.05625
0 0.615625 0.471875 0.0890625 0.0625
0 0.61171875 0.41484375 0.08515625 0.0640625
0 0.61484375 0.3640625 0.08515625 0.0484375
0 0.6109375 0.3203125 0.08046875 0.05546875
0 0.6140625 0.2734375 0.08046875 0.05390625
0 0.6125 0.2234375 0.0796875 0.0609375
0 0.6109375 0.16953125 0.075 0.0609375
0 0.69765625 0.13203125 0.09609375 0.06484375
0 0.69921875 0.1921875 0.096875 0.05625
0 0.70234375 0.24609375 0.0953125 0.0609375
0 0.70234375 0.30390625 0.09453125 0.065625
0 0.70625 0.35546875 0.09375 0.0609375
0 0.70703125 0.41484375 0.0953125 0.05703125
0 0.709375 0.4734375 0.1 0.0578125
0 0.70859375 0.52890625 0.09453125 0.053125
0 0.7078125 0.58515625 0.096875 0.05703125
0 0.709375 0.6453125 0.0984375 0.05625
0 0.9015625 0.65078125 0.10234375 0.040625
0 0.903125 0.6125 0.10390625 0.040625
0 0.903125 0.57578125 0.1046875 0.0421875
0 0.90546875 0.5390625 0.10625 0.0390625
0 0.9046875 0.49921875 0.10390625 0.03984375
0 0.90625 0.46171875 0.10390625 0.03828125
0 0.9078125 0.425 0.10234375 0.0375
0 0.90859375 0.38515625 0.10390625 0.04609375
0 0.909375 0.34453125 0.10546875 0.0453125
0 0.91171875 0.30625 0.1078125 0.0390625
0 0.91015625 0.26953125 0.1046875 0.04140625
0 0.91171875 0.23515625 0.10625 0.03828125
0 0.9140625 0.19375 0.10625 0.0421875
0 0.915625 0.15546875 0.1015625 0.05078125
0 0.91640625 0.11171875 0.1015625 0.03984375
0 0.91796875 0.0765625 0.10234375 0.04375
0 0.91875 0.03671875 0.10390625 0.040625