0 0.08515625 0.54296875 0.08125 0.05859375
0 0.0859375 0.5984375 0.0765625 0.05390625
0 0.08359375 0.6515625 0.0796875 0.05625
0 0.0828125 0.70625 0.0828125 0.04765625
0 0.08515625 0.7671875 0.07578125 0.06640625
0 0.08671875 0.8296875 0.0765625 0.05
0 0.08203125 0.8796875 0.0828125 0.04453125
0 0.08203125 0.9234375 0.084375 0.0453125
0 0.16640625 0.54296875 0.08515625 0.05859375
0 0.16796875 0.60234375 0.08515625 0.05859375
0 0.16640625 0.65546875 0.0859375 0.05546875
0 0.16796875 0.71171875 0.08671875 0.0578125
0 0.16953125 0.765625 0.0875 0.06328125
0 0.171875 0.825 0.08671875 0.05234375
0 0.16875 0.87734375 0.08984375 0.06015625
0 0.1703125 0.93046875 0.0875 0.06015625
0 0.253125 0.54453125 0.0859375 0.0578125
0 0.25546875 0.6015625 0.08515625 0.053125
0 0.2546875 0.65625 0.08671875 0.0578125
0 0.25546875 0.71171875 0.0875 0.05546875
0 0.2546875 0.7671875 0.084375 0.06015625
0 0.2578125 0.82578125 0.08671875 0.05390625
0 0.25859375 0.8796875 0.0875 0.05859375
0 0.25625 0.9328125 0.08515625 0.06015625
0 0.33984375 0.54609375 0.08828125 0.053125
0 0.33984375 0.59921875 0.08828125 0.05625
0 0.3421875 0.65625 0.08828125 0.0578125
0 0.34296875 0.7125 0.0921875 0.0578125
0 0.3453125 0.7703125 0.08828125 0.05390625
0 0.3453125 0.82421875 0.08671875 0.05546875
0 0.3453125 0.88203125 0.0875 0.05546875
0 0.3421875 0.9359375 0.0859375 0.05625
0 0.43046875 0.54296875 0.0953125 0.05390625
0 0.43125 0.59921875 0.08828125 0.05546875
0 0.43359375 0.65703125 0.0875 0.053125
0 0.434375 0.71015625 0.08828125 0.05390625
0 0.4359375 0.76640625 0.09296875 0.0609375
0 0.4359375 0.82421875 0.0890625 0.06015625
0 0.43671875 0.87578125 0.09140625 0.0515625
0 0.434375 0.9296875 0.09296875 0.0625
0 0.56015625 0.34140625 0.09921875 0.05859375
0 0.559375 0.3984375 0.09921875 0.05625
0 0.56015625 0.45546875 0.09609375 0.0578125
0 0.5609375 0.509375 0.0953125 0.05390625
0 0.56171875 0.565625 0.0953125 0.053125
0 0.5625 0.62265625 0.09609375 0.05546875
0 0.5640625 0.678125 0.0984375 0.05546875
0 0.56484375 0.734375 0.0984375 0.0578125
0 0.56484375 0.7890625 0.09609375 0.053125
0 0.5671875 0.84375 0.09921875 0.0609375
0 0.56328125 0.89765625 0.0953125 0.0578125
0 0.5640625 0.95078125 0.09140625 0.05390625
0 0.6546875 0.3421875 0.09296875 0.05390625
0 0.6546875 0.39765625 0.09296875 0.05625
0 0.65625 0.453125 0.096875 0.0609375
0 0.65625 0.509375 0.09453125 0.05625
0 0.6578125 0.565625 0.09296875 0.0578125
0 0.659375 0.62109375 0.0953125 0.05546875
0 0.6609375 0.67578125 0.09296875 0.05625
0 0.66015625 0.73203125 0.096875 0.06328125
0 0.6609375 0.78828125 0.09296875 0.05859375
0 0.6609375 0.84453125 0.09296875 0.05390625
0 0.659375 0.89921875 0.0953125 0.0515625
0 0.659375 0.9515625 0.09609375 0.05234375
0 0.7515625 0.33984375 0.09609375 0.0578125
0 0.75078125 0.39609375 0.09453125 0.053125
0 0.7515625 0.45078125 0.09609375 0.0609375
0 0.75234375 0.5078125 0.09609375 0.0609375
0 0.75390625 0.56328125 0.09296875 0.05625
0 0.75546875 0.6171875 0.09609375 0.0625
0 0.7578125 0.675 0.09921875 0.05390625
0 0.7578125 0.73203125 0.1 0.0609375
0 0.75625 0.78828125 0.0953125 0.05625
0 0.75625 0.84375 0.0984375 0.0578125
0 0.75703125 0.8984375 0.09921875 0.05390625
0 0.75625 0.9515625 0.0984375 0.05625
0 0.846875 0.33984375 0.09296875 0.05390625
0 0.8453125 0.39375 0.09609375 0.06015625
0 0.84609375 0.45390625 0.09453125 0.0625
0 0.84765625 0.50703125 0.09765625 0.06015625
0 0.8484375 0.56796875 0.0953125 0.05546875
0 0.85 0.621875 0.09453125 0.053125
0 0.85390625 0.67734375 0.0953125 0.0578125
0 0.8546875 0.73125 0.09453125 0.06015625
0 0.8546875 0.7859375 0.096875 0.06015625
0 0.85390625 0.84296875 0.09609375 0.05390625
0 0.85234375 0.8953125 0.0921875 0.0609375
0 0.85390625 0.95 0.09609375 0.05234375
0 0.9390625 0.34140625 0.0984375 0.0609375
0 0.93984375 0.39765625 0.09296875 0.05859375
0 0.94140625 0.453125 0.09453125 0.05625
0 0.94296875 0.50703125 0.09453125 0.0625
0 0.94375 0.56484375 0.09609375 0.0578125
0 0.94375 0.61875 0.09453125 0.05625
0 0.946875 0.675 0.0921875 0.05546875
0 0.94921875 0.73046875 0.09453125 0.05859375
0 0.95078125 0.7859375 0.09140625 0.05546875
0 0.94765625 0.8390625 0.09296875 0.06015625
0 0.94609375 0.89375 0.0953125 0.05390625
0 0.9484375 0.946875 0.09296875 0.05625