0 0.07890625 0.903125 0.0625 0.05625
0 0.02421875 0.89375 0.04765625 0.05625
0 0.1359375 0.91015625 0.05546875 0.046875
0 0.14609375 0.9640625 0.0671875 0.0578125
0 0.02421875 0.97734375 0.04765625 0.04296875
0 0.0796875 0.98125 0.059375 0.0375
0 0.0515625 0.47421875 0.10234375 0.1
0 0.0515625 0.37734375 0.1015625 0.10234375
0 0.05234375 0.28125 0.103125 0.09609375
0 0.05390625 0.1796875 0.1078125 0.10390625
0 0.05390625 0.08515625 0.1078125 0.1171875
0 0.221875 0.44375 0.07890625 0.1421875
0 0.2203125 0.3 0.078125 0.146875
0 0.2203125 0.14140625 0.08125 0.159375
0 0.2171875 0.03828125 0.07890625 0.075
0 0.2984375 0.03203125 0.0828125 0.06328125
0 0.303125 0.13671875 0.08515625 0.1703125
0 0.303125 0.2953125 0.08671875 0.16171875
0 0.303125 0.45078125 0.08671875 0.15859375
0 0.3875 0.4546875 0.08984375 0.165625
0 0.38828125 0.290625 0.08828125 0.1640625
0 0.3875 0.12890625 0.0890625 0.1703125
0 0.4796875 0.1078125 0.10078125 0.19375
0 0.48046875 0.28671875 0.0921875 0.175
0 0.4796875 0.4578125 0.09453125 0.1703125
0 0.578125 0.4578125 0.1078125 0.175
0 0.5796875 0.278125 0.10859375 0.1875
0 0.5796875 0.0953125 0.10625 0.190625
0 0.784375 0.528125 0.103125 0.06953125
0 0.7875 0.46640625 0.103125 0.06640625
0 0.7890625 0.403125 0.103125 0.06484375
0 0.790625 0.340625 0.1046875 0.0609375
0 0.79296875 0.2765625 0.1078125 0.06484375
0 0.79765625 0.209375 0.10859375 0.071875
0 0.80234375 0.14765625 0.1078125 0.06953125
0 0.80234375 0.07890625 0.10625 0.071875
0 0.8046875 0.02421875 0.11015625 0.04765625
0 0.91484375 0.06875 0.11875 0.0828125
0 0.91328125 0.13671875 0.11796875 0.0828125
0 0.90859375 0.2015625 0.1140625 0.078125
0 0.903125 0.27421875 0.11484375 0.0671875
0 0.90234375 0.3390625 0.1140625 0.06640625
0 0.896875 0.4046875 0.11796875 0.0609375
0 0.89453125 0.4671875 0.11171875 0.06640625
0 0.890625 0.53046875 0.10625 0.07109375
0 0.97265625 0.53828125 0.05390625 0.06640625
0 0.97578125 0.46953125 0.0484375 0.0671875
0 0.97734375 0.40625 0.0453125 0.0671875
0 0.97890625 0.33671875 0.0421875 0.07578125
0 0.98046875 0.26875 0.0390625 0.071875
0 0.9828125 0.20703125 0.03359375 0.0625