0 0.97421875 0.05078125 0.05078125 0.0671875
0 0.9734375 0.1140625 0.053125 0.0625
0 0.9734375 0.1796875 0.053125 0.0609375
0 0.9734375 0.24765625 0.053125 0.071875
0 0.9734375 0.3078125 0.053125 0.059375
0 0.97265625 0.36796875 0.05390625 0.06328125
0 0.97265625 0.42890625 0.0546875 0.0609375
0 0.97265625 0.49296875 0.0546875 0.0703125
0 0.8984375 0.05 0.1 0.0703125
0 0.896875 0.11484375 0.09921875 0.0671875
0 0.896875 0.18046875 0.1 0.06328125
0 0.8953125 0.240625 0.10234375 0.06484375
0 0.89609375 0.30546875 0.103125 0.065625
0 0.89609375 0.3703125 0.1015625 0.06171875
0 0.8953125 0.43125 0.103125 0.06015625
0 0.89453125 0.49453125 0.1046875 0.071875
0 0.7984375 0.0515625 0.10234375 0.0703125
0 0.79765625 0.115625 0.103125 0.065625
0 0.796875 0.18203125 0.1 0.06484375
0 0.79375 0.24140625 0.0984375 0.06171875
0 0.79375 0.3046875 0.1 0.0671875
0 0.79296875 0.36953125 0.1015625 0.06484375
0 0.79296875 0.4328125 0.10234375 0.06171875
0 0.79140625 0.49609375 0.10078125 0.0640625
0 0.696875 0.05234375 0.1 0.0671875
0 0.6953125 0.11953125 0.10234375 0.06328125
0 0.6953125 0.18203125 0.10078125 0.06484375
0 0.69375 0.24296875 0.1 0.06171875
0 0.69296875 0.30546875 0.1 0.065625
0 0.69140625 0.36796875 0.1 0.06328125
0 0.6921875 0.43046875 0.1 0.06171875
0 0.69140625 0.49765625 0.1 0.06484375
0 0.59765625 0.0578125 0.09609375 0.0640625
0 0.59453125 0.11953125 0.09765625 0.06171875
0 0.59296875 0.18203125 0.1 0.0609375
0 0.59296875 0.24609375 0.1 0.0640625
0 0.59296875 0.3078125 0.09609375 0.0609375
0 0.59140625 0.36875 0.0984375 0.06171875
0 0.59375 0.4296875 0.0984375 0.06328125
0 0.59140625 0.49453125 0.09921875 0.05859375
0 0.434375 0.12265625 0.1 0.0609375
0 0.434375 0.18359375 0.1015625 0.06171875
0 0.43515625 0.24609375 0.1 0.06484375
0 0.4359375 0.30703125 0.09921875 0.05859375
0 0.43359375 0.36640625 0.096875 0.05703125
0 0.434375 0.42578125 0.09609375 0.0578125
0 0.4359375 0.48828125 0.09765625 0.06171875
0 0.334375 0.11484375 0.10078125 0.06484375
0 0.3328125 0.178125 0.1 0.065625
0 0.334375 0.24140625 0.10078125 0.07265625
0 0.334375 0.3 0.10078125 0.06796875
0 0.33359375 0.36015625 0.10078125 0.06171875
0 0.3328125 0.42265625 0.10078125 0.05859375
0 0.328125 0.48828125 0.10078125 0.06171875
0 0.23359375 0.1125 0.1 0.0671875
0 0.234375 0.17578125 0.09609375 0.06328125
0 0.23359375 0.2421875 0.096875 0.06484375
0 0.2328125 0.3 0.096875 0.0609375
0 0.234375 0.3609375 0.0984375 0.06171875
0 0.22421875 0.425 0.10078125 0.06484375
0 0.2125 0.4875 0.1015625 0.0609375
0 0.134375 0.11015625 0.096875 0.06171875
0 0.13515625 0.171875 0.09296875 0.065625
0 0.1359375 0.2359375 0.096875 0.05859375
0 0.134375 0.29765625 0.10078125 0.05625
0 0.13125 0.35625 0.09765625 0.06171875
0 0.1265625 0.4203125 0.0921875 0.06328125
0 0.115625 0.4875 0.0890625 0.06328125
0 0.0453125 0.12265625 0.08203125 0.06328125
0 0.04609375 0.1859375 0.08125 0.0578125
0 0.04375 0.24453125 0.08515625 0.053125
0 0.040625 0.30234375 0.08125 0.0609375
0 0.040625 0.3640625 0.08125 0.0578125
0 0.03984375 0.42265625 0.07890625 0.06171875
0 0.03515625 0.48515625 0.06875 0.06328125
0 0.97578125 0.95078125 0.0484375 0.0609375
0 0.9 0.946875 0.10234375 0.0703125
0 0.80078125 0.9453125 0.1 0.06484375
0 0.7015625 0.94140625 0.09765625 0.06796875
0 0.6046875 0.93671875 0.096875 0.0640625
0 0.34453125 0.98125 0.0890625 0.0375
0 0.25625 0.97890625 0.084375 0.0421875
0 0.17109375 0.97890625 0.08828125 0.0421875
1 0.471875 0.7578125 0.103125 0.11484375
1 0.6984375 0.69765625 0.0609375 0.04296875