0 0.05390625 0.15390625 0.10625 0.03671875
0 0.0546875 0.19375 0.1078125 0.040625
0 0.05390625 0.23203125 0.10234375 0.03359375
0 0.05390625 0.27734375 0.1046875 0.040625
0 0.059375 0.31640625 0.1046875 0.0421875
0 0.059375 0.35703125 0.1046875 0.0421875
0 0.05859375 0.39765625 0.1046875 0.0421875
0 0.06328125 0.43828125 0.1046875 0.0421875
0 0.06328125 0.475 0.1046875 0.0421875
0 0.06328125 0.51484375 0.1046875 0.0421875
0 0.06484375 0.5515625 0.1046875 0.0421875
0 0.065625 0.5921875 0.10078125 0.04453125
0 0.065625 0.63203125 0.10078125 0.04453125
0 0.0671875 0.66875 0.10078125 0.04453125
0 0.06640625 0.70859375 0.0953125 0.03671875
0 0.06875 0.74765625 0.09453125 0.0390625
0 0.06640625 0.784375 0.09609375 0.03828125
0 0.071875 0.8203125 0.0953125 0.040625
0 0.0734375 0.8578125 0.0953125 0.04140625
0 0.071875 0.89296875 0.08984375 0.03671875
0 0.0734375 0.93125 0.09140625 0.04140625
0 0.075 0.96484375 0.09140625 0.0390625
0 0.171875 0.96953125 0.0984375 0.03828125
0 0.17265625 0.93515625 0.09609375 0.034375
0 0.16875 0.89609375 0.09453125 0.03671875
0 0.16953125 0.86015625 0.09453125 0.040625
0 0.16796875 0.8234375 0.09296875 0.03671875
0 0.16953125 0.784375 0.09296875 0.0390625
0 0.16640625 0.7453125 0.0953125 0.03359375
0 0.16640625 0.70625 0.09140625 0.034375
0 0.165625 0.67109375 0.09453125 0.034375
0 0.1640625 0.634375 0.09453125 0.0390625
0 0.1640625 0.5921875 0.0921875 0.03828125
0 0.165625 0.55546875 0.09296875 0.03828125
0 0.16328125 0.51640625 0.0953125 0.04296875
0 0.1640625 0.47578125 0.0921875 0.03828125
0 0.1625 0.43671875 0.09296875 0.03671875
0 0.15859375 0.3984375 0.09453125 0.03828125
0 0.1625 0.35625 0.10078125 0.040625
0 0.1609375 0.315625 0.09453125 0.04140625
0 0.1578125 0.2734375 0.09765625 0.0390625
0 0.15703125 0.2328125 0.09609375 0.03828125
0 0.1609375 0.1953125 0.0984375 0.034375
0 0.1578125 0.1515625 0.096875 0.040625
0 0.2625 0.15078125 0.103125 0.034375
0 0.2625 0.19296875 0.096875 0.04140625
0 0.26328125 0.234375 0.1015625 0.03671875
0 0.265625 0.27421875 0.10234375 0.03828125
0 0.26484375 0.31796875 0.0984375 0.0453125
0 0.26484375 0.359375 0.1015625 0.040625
0 0.2640625 0.3953125 0.09921875 0.04140625
0 0.2640625 0.4375 0.096875 0.04140625
0 0.26484375 0.4765625 0.1015625 0.040625
0 0.26484375 0.51640625 0.0984375 0.04140625
0 0.26328125 0.55390625 0.1046875 0.0390625
0 0.26484375 0.590625 0.0984375 0.0359375
0 0.26640625 0.63046875 0.096875 0.040625
0 0.26796875 0.67109375 0.09453125 0.03671875
0 0.26796875 0.70703125 0.09296875 0.0359375
0 0.26796875 0.74765625 0.09453125 0.04140625
0 0.26796875 0.78359375 0.09765625 0.04296875
0 0.2703125 0.821875 0.09453125 0.0390625
0 0.26875 0.86015625 0.0953125 0.040625
0 0.27109375 0.89453125 0.09609375 0.03828125
0 0.27734375 0.9328125 0.09140625 0.03671875
0 0.2796875 0.96796875 0.0921875 0.040625
0 0.37734375 0.9671875 0.09453125 0.0453125
0 0.37734375 0.93046875 0.09296875 0.03828125
0 0.3703125 0.89375 0.09296875 0.04453125
0 0.36796875 0.85546875 0.0953125 0.03671875
0 0.3671875 0.81796875 0.09765625 0.03671875
0 0.365625 0.77890625 0.09453125 0.04140625
0 0.3671875 0.740625 0.1 0.0359375
0 0.3671875 0.70390625 0.09609375 0.0390625
0 0.3671875 0.6640625 0.09921875 0.0453125
0 0.365625 0.62578125 0.1015625 0.03828125
0 0.36796875 0.5859375 0.096875 0.0421875
0 0.3671875 0.546875 0.09921875 0.0421875
0 0.3671875 0.5078125 0.09765625 0.04140625
0 0.36796875 0.4703125 0.0984375 0.04140625
0 0.36796875 0.43125 0.10078125 0.040625
0 0.36796875 0.39140625 0.0984375 0.0390625
0 0.3671875 0.35 0.10234375 0.04140625
0 0.365625 0.31171875 0.10078125 0.0390625
0 0.3671875 0.27109375 0.10078125 0.0390625
0 0.3671875 0.23125 0.1 0.040625
0 0.36796875 0.190625 0.1046875 0.040625
0 0.3671875 0.14765625 0.103125 0.03671875
0 0.4703125 0.15078125 0.09921875 0.04765625
0 0.4703125 0.190625 0.09609375 0.04453125
0 0.46875 0.23125 0.096875 0.04140625
0 0.46953125 0.2703125 0.09765625 0.040625
0 0.46875 0.3078125 0.0953125 0.0421875
0 0.46875 0.34921875 0.096875 0.0421875
0 0.4703125 0.3890625 0.09296875 0.04140625
0 0.46875 0.42734375 0.09296875 0.0359375
0 0.46953125 0.4671875 0.09765625 0.04140625
0 0.4671875 0.50625 0.096875 0.03828125
0 0.46875 0.5453125 0.0953125 0.04140625
0 0.46875 0.58203125 0.0953125 0.0359375
0 0.46796875 0.62265625 0.09453125 0.0390625
0 0.46875 0.659375 0.0984375 0.040625
0 0.4671875 0.6984375 0.0953125 0.0421875
0 0.46640625 0.7328125 0.09140625 0.0390625
0 0.4671875 0.7703125 0.09609375 0.0390625
0 0.46875 0.8125 0.09609375 0.0421875
0 0.4703125 0.85078125 0.096875 0.040625
0 0.47109375 0.88671875 0.09296875 0.0390625
0 0.475 0.92421875 0.09453125 0.0390625
0 0.475 0.9640625 0.096875 0.04140625
0 0.63125 0.16640625 0.096875 0.0421875
0 0.6328125 0.2078125 0.1 0.0390625
0 0.63203125 0.24140625 0.0984375 0.040625
0 0.63125 0.284375 0.09921875 0.040625
0 0.63125 0.3234375 0.10078125 0.04140625
0 0.63046875 0.3609375 0.09609375 0.0421875
0 0.6296875 0.40078125 0.09453125 0.040625
0 0.62890625 0.4390625 0.09453125 0.0390625
0 0.628125 0.47890625 0.09296875 0.03671875
0 0.62734375 0.5171875 0.090625 0.03828125
0 0.62890625 0.5546875 0.09296875 0.03828125
0 0.62421875 0.59140625 0.09453125 0.04296875
0 0.62421875 0.62734375 0.09296875 0.034375
0 0.62421875 0.66484375 0.0953125 0.0421875
0 0.62578125 0.703125 0.09296875 0.03671875
0 0.62421875 0.7390625 0.09296875 0.0359375
0 0.6234375 0.7734375 0.09453125 0.03359375
0 0.62578125 0.81015625 0.09296875 0.04140625
0 0.625 0.84921875 0.09453125 0.03671875
0 0.62421875 0.88671875 0.09296875 0.03671875
0 0.62421875 0.91953125 0.09296875 0.0390625
0 0.6234375 0.95390625 0.090625 0.03125
0 0.72109375 0.95859375 0.09296875 0.0359375
0 0.7203125 0.92421875 0.09453125 0.034375
0 0.7203125 0.88671875 0.090625 0.0390625
0 0.72265625 0.846875 0.09296875 0.040625
0 0.721875 0.81328125 0.0953125 0.03828125
0 0.7234375 0.778125 0.0953125 0.03828125
0 0.725 0.73828125 0.09453125 0.040625
0 0.72421875 0.70234375 0.09296875 0.0421875
0 0.72578125 0.6640625 0.09609375 0.03828125
0 0.725 0.6296875 0.0953125 0.03671875
0 0.725 0.5921875 0.09453125 0.0359375
0 0.72734375 0.55078125 0.0921875 0.0421875
0 0.728125 0.51328125 0.09296875 0.04140625
0 0.728125 0.47890625 0.09453125 0.03671875
0 0.72890625 0.4375 0.0953125 0.0421875
0 0.7296875 0.3984375 0.09453125 0.03828125
0 0.73125 0.3625 0.0984375 0.03828125
0 0.73046875 0.3234375 0.09609375 0.040625
0 0.73046875 0.2828125 0.09453125 0.0390625
0 0.73046875 0.2453125 0.09609375 0.04140625
0 0.73359375 0.2046875 0.09453125 0.040625
0 0.7359375 0.1640625 0.096875 0.04296875
0 0.83671875 0.16328125 0.09453125 0.0359375
0 0.83515625 0.2 0.09609375 0.0359375
0 0.83515625 0.23984375 0.09453125 0.0421875
0 0.8328125 0.2828125 0.09453125 0.04140625
0 0.83203125 0.321875 0.09453125 0.0359375
0 0.83203125 0.35859375 0.09296875 0.040625
0 0.83203125 0.3984375 0.09453125 0.040625
0 0.828125 0.43515625 0.09296875 0.03671875
0 0.82734375 0.47421875 0.09296875 0.0421875
0 0.82734375 0.5125 0.09453125 0.03828125
0 0.82578125 0.55078125 0.09296875 0.04140625
0 0.82421875 0.5875 0.09140625 0.03671875
0 0.82421875 0.62734375 0.09453125 0.03671875
0 0.821875 0.665625 0.09453125 0.040625
0 0.821875 0.69921875 0.09296875 0.034375
0 0.821875 0.7328125 0.09140625 0.03671875
0 0.8203125 0.76875 0.0890625 0.04140625
0 0.8203125 0.80625 0.09453125 0.03359375
0 0.81953125 0.84296875 0.0859375 0.04140625
0 0.81875 0.88203125 0.09140625 0.0359375
0 0.81875 0.91953125 0.090625 0.03671875
0 0.81875 0.95390625 0.09296875 0.034375
0 0.91328125 0.95 0.08828125 0.0359375
0 0.9140625 0.91328125 0.09140625 0.040625
0 0.9125 0.87734375 0.09296875 0.04140625
0 0.9125 0.84296875 0.09453125 0.03828125
0 0.9140625 0.80703125 0.0921875 0.04140625
0 0.91640625 0.7703125 0.09453125 0.03671875
0 0.91640625 0.73203125 0.09453125 0.0421875
0 0.9171875 0.69453125 0.09453125 0.040625
0 0.91796875 0.659375 0.09140625 0.0390625
0 0.91875 0.62109375 0.0890625 0.03828125
0 0.921875 0.58125 0.09140625 0.0421875
0 0.92421875 0.54453125 0.09453125 0.040625
0 0.92109375 0.509375 0.09453125 0.03828125
0 0.925 0.47109375 0.09140625 0.03828125
0 0.9265625 0.43046875 0.09453125 0.03828125
0 0.92734375 0.39140625 0.09453125 0.04140625
0 0.9296875 0.3546875 0.09453125 0.040625
0 0.92890625 0.31796875 0.0921875 0.0390625
0 0.93125 0.28046875 0.09453125 0.0390625
0 0.9328125 0.23984375 0.09609375 0.03828125
0 0.9328125 0.19921875 0.09453125 0.03671875
0 0.9328125 0.1625 0.0953125 0.03828125