0 0.03203125 0.359375 0.0625 0.05078125
0 0.1140625 0.35703125 0.10546875 0.04296875
0 0.19375 0.35859375 0.053125 0.053125
0 0.27421875 0.34453125 0.10859375 0.0765625
0 0.05546875 0.415625 0.10859375 0.05546875
0 0.05625 0.47890625 0.1109375 0.0640625
0 0.05703125 0.54296875 0.10859375 0.06328125
0 0.0578125 0.609375 0.109375 0.0640625
0 0.06015625 0.6734375 0.1109375 0.0640625
0 0.06015625 0.7359375 0.1125 0.059375
0 0.06015625 0.79921875 0.1109375 0.06171875
0 0.06015625 0.8625 0.1109375 0.05390625
0 0.0609375 0.92109375 0.1109375 0.0625
0 0.175 0.92109375 0.10625 0.0625
0 0.175 0.86328125 0.1078125 0.0625
0 0.17265625 0.80078125 0.10625 0.06484375
0 0.17109375 0.73828125 0.109375 0.0640625
0 0.1703125 0.6765625 0.109375 0.06484375
0 0.16953125 0.6109375 0.1109375 0.06953125
0 0.16875 0.54609375 0.1125 0.06953125
0 0.1671875 0.47734375 0.1109375 0.0671875
0 0.16484375 0.41796875 0.11328125 0.06328125
0 0.2765625 0.41796875 0.109375 0.075
0 0.27890625 0.48203125 0.1125 0.075
0 0.27890625 0.5484375 0.109375 0.0671875
0 0.278125 0.6125 0.11015625 0.06953125
0 0.2796875 0.67734375 0.11015625 0.065625
0 0.28203125 0.73984375 0.1109375 0.06484375
0 0.28359375 0.80234375 0.1109375 0.06484375
0 0.28671875 0.86484375 0.1109375 0.06171875
0 0.2890625 0.925 0.109375 0.05703125
0 0.615625 0.55859375 0.08515625 0.04453125
0 0.6140625 0.60390625 0.08515625 0.0453125
0 0.61171875 0.64921875 0.08515625 0.04296875
0 0.61015625 0.69375 0.08515625 0.04296875
0 0.609375 0.73359375 0.08828125 0.04140625
0 0.6109375 0.7765625 0.08671875 0.040625
0 0.60859375 0.81640625 0.08671875 0.04296875
0 0.60703125 0.859375 0.0875 0.03984375
0 0.60546875 0.90078125 0.08671875 0.04453125
0 0.60234375 0.940625 0.08515625 0.040625
0 0.68828125 0.94140625 0.08671875 0.03984375
0 0.6921875 0.9 0.08828125 0.0453125
0 0.69375 0.86171875 0.08515625 0.04296875
0 0.696875 0.82109375 0.084375 0.04453125
0 0.6984375 0.77734375 0.08515625 0.0421875
0 0.69609375 0.73828125 0.08515625 0.04296875
0 0.696875 0.69453125 0.08515625 0.04453125
0 0.69921875 0.65078125 0.0890625 0.0453125
0 0.7015625 0.6046875 0.0890625 0.04609375
0 0.703125 0.559375 0.08984375 0.04296875
0 0.790625 0.5609375 0.0875 0.0453125
0 0.7890625 0.60390625 0.08671875 0.04453125
0 0.7859375 0.6484375 0.08671875 0.04453125
0 0.78359375 0.69140625 0.0890625 0.04296875
0 0.78359375 0.7375 0.08828125 0.04453125
0 0.78359375 0.78046875 0.0890625 0.04140625
0 0.78125 0.8203125 0.08671875 0.0453125
0 0.78125 0.8625 0.08828125 0.04140625
0 0.77890625 0.9015625 0.08671875 0.04296875
0 0.77578125 0.94140625 0.08671875 0.03828125
0 0.86171875 0.94140625 0.084375 0.040625
0 0.86328125 0.90234375 0.08828125 0.04453125
0 0.865625 0.8609375 0.08515625 0.0484375
0 0.86796875 0.81796875 0.084375 0.046875
0 0.86796875 0.77734375 0.08671875 0.0484375
0 0.8703125 0.73359375 0.084375 0.04765625
0 0.8703125 0.68984375 0.08515625 0.05
0 0.87109375 0.65 0.084375 0.04765625
0 0.8734375 0.60625 0.084375 0.04921875
0 0.8765625 0.56015625 0.08359375 0.04609375