0 0.10859375 0.0625 0.21640625 0.1234375
0 0.109375 0.1625 0.21875 0.1703125
0 0.1078125 0.29375 0.21484375 0.153125
0 0.1109375 0.41953125 0.2203125 0.14375
0 0.109375 0.55078125 0.21875 0.13046875
0 0.1109375 0.6796875 0.22109375 0.1421875
0 0.11171875 0.79296875 0.22265625 0.14453125
0 0.1109375 0.91796875 0.221875 0.16328125
0 0.60859375 0.6328125 0.1453125 0.0625
0 0.4890625 0.73515625 0.2078125 0.0875
0 0.49609375 0.79375 0.203125 0.0953125
0 0.496875 0.85859375 0.20234375 0.1109375
0 0.675 0.70390625 0.159375 0.0765625
0 0.6765625 0.759375 0.15625 0.078125
0 0.67890625 0.8171875 0.1546875 0.09140625
0 0.8265625 0.2125 0.0890625 0.10625
0 0.82265625 0.2921875 0.08515625 0.09140625
0 0.82265625 0.37265625 0.0828125 0.0890625
0 0.82109375 0.45 0.0828125 0.08046875
0 0.81875 0.5296875 0.08125 0.078125
0 0.81796875 0.61328125 0.084375 0.08515625
0 0.81953125 0.68984375 0.0828125 0.08828125
0 0.81796875 0.76484375 0.08125 0.09140625
0 0.90234375 0.159375 0.0640625 0.0953125
0 0.90078125 0.2359375 0.0609375 0.0875
0 0.89921875 0.3125 0.06484375 0.08046875
0 0.9 0.384375 0.0671875 0.0828125
0 0.896875 0.4546875 0.0671875 0.08046875
0 0.89609375 0.52578125 0.07109375 0.07734375
0 0.8953125 0.6046875 0.06953125 0.0765625
0 0.89453125 0.67578125 0.06953125 0.08046875
0 0.89453125 0.74921875 0.06796875 0.09375
0 0.9640625 0.18828125 0.05390625 0.0828125
0 0.9625 0.25234375 0.0578125 0.08203125
0 0.9625 0.3234375 0.05625 0.07578125
0 0.96328125 0.390625 0.06171875 0.078125
0 0.96328125 0.46328125 0.06171875 0.06484375
0 0.96171875 0.5296875 0.059375 0.06640625
0 0.96171875 0.60234375 0.0609375 0.0828125
0 0.96015625 0.66953125 0.0625 0.06875
0 0.959375 0.73046875 0.0609375 0.078125
1 0.275 0.61953125 0.08671875 0.084375
1 0.39296875 0.553125 0.06328125 0.07421875