0 0.0296875 0.37109375 0.059375 0.06875
0 0.0296875 0.30625 0.0578125 0.06484375
0 0.028125 0.24140625 0.05546875 0.06875
0 0.0296875 0.17109375 0.0578125 0.06875
0 0.02890625 0.10078125 0.05625 0.06875
0 0.02890625 0.03359375 0.05625 0.065625
0 0.11328125 0.03671875 0.11640625 0.071875
0 0.11484375 0.10390625 0.1140625 0.07109375
0 0.11640625 0.17109375 0.11328125 0.07109375
0 0.11875 0.24140625 0.11328125 0.06875
0 0.1203125 0.30625 0.1140625 0.071875
0 0.12109375 0.371875 0.11484375 0.0765625
0 0.24140625 0.37109375 0.115625 0.0734375
0 0.23828125 0.30625 0.1140625 0.06953125
0 0.23515625 0.2359375 0.11796875 0.07421875
0 0.23359375 0.1703125 0.11328125 0.07734375
0 0.23203125 0.10078125 0.11640625 0.07734375
0 0.2296875 0.03515625 0.11640625 0.06953125
0 0.046875 0.72734375 0.09296875 0.04140625
0 0.04765625 0.76796875 0.09453125 0.04140625
0 0.0484375 0.80546875 0.0953125 0.0390625
0 0.05 0.84609375 0.09921875 0.046875
0 0.05078125 0.8890625 0.10078125 0.0390625
0 0.0515625 0.9265625 0.10234375 0.04296875
0 0.0515625 0.96484375 0.1015625 0.034375
0 0.1515625 0.71953125 0.1078125 0.0453125
0 0.15234375 0.7609375 0.1046875 0.040625
0 0.153125 0.8015625 0.10625 0.04140625
0 0.153125 0.8421875 0.1046875 0.04453125
0 0.1546875 0.884375 0.1046875 0.04140625
0 0.15546875 0.92421875 0.1046875 0.040625
0 0.1578125 0.9625 0.103125 0.0421875
0 0.2625 0.71328125 0.103125 0.04765625
0 0.2625 0.75546875 0.1046875 0.0421875
0 0.2625 0.79765625 0.103125 0.04765625
0 0.26171875 0.8375 0.1046875 0.04453125
0 0.26171875 0.87890625 0.1046875 0.0421875
0 0.265625 0.921875 0.1046875 0.04296875
0 0.2640625 0.96171875 0.1046875 0.04453125
0 0.44296875 0.7234375 0.10625 0.0453125
0 0.4390625 0.76875 0.1046875 0.04453125
0 0.43984375 0.8125 0.10625 0.04296875
0 0.440625 0.85625 0.10234375 0.04453125
0 0.4390625 0.89609375 0.10625 0.03671875
0 0.4390625 0.9359375 0.103125 0.03828125
0 0.43828125 0.9734375 0.10234375 0.03671875
0 0.55078125 0.7296875 0.10625 0.040625
0 0.54921875 0.77265625 0.1078125 0.0453125
0 0.54921875 0.81875 0.10625 0.04296875
0 0.55 0.859375 0.109375 0.046875
0 0.54921875 0.9 0.1046875 0.04453125
0 0.54609375 0.9390625 0.10625 0.0421875
0 0.54765625 0.978125 0.1046875 0.04296875
0 0.6640625 0.73671875 0.11171875 0.0390625
0 0.66328125 0.7765625 0.1125 0.04453125
0 0.66328125 0.81640625 0.11015625 0.03671875
0 0.6625 0.85703125 0.1109375 0.046875
0 0.6609375 0.9015625 0.11171875 0.04453125
0 0.66015625 0.94140625 0.11015625 0.040625
0 0.659375 0.97890625 0.11015625 0.03828125
0 0.77890625 0.72734375 0.1140625 0.0421875
0 0.778125 0.77109375 0.11328125 0.046875
0 0.7765625 0.81484375 0.11171875 0.04140625
0 0.7765625 0.85703125 0.109375 0.04296875
0 0.77265625 0.89921875 0.1140625 0.04453125
0 0.77265625 0.94140625 0.11171875 0.0359375
0 0.77265625 0.9796875 0.109375 0.0390625
0 0.8890625 0.76796875 0.11015625 0.04140625
0 0.890625 0.8125 0.1078125 0.04765625
0 0.8890625 0.85625 0.10625 0.04921875
0 0.8875 0.9 0.1078125 0.0453125
0 0.88515625 0.940625 0.1078125 0.03828125
0 0.884375 0.978125 0.10859375 0.03671875
0 0.57578125 0.3796875 0.09140625 0.05
0 0.57734375 0.334375 0.0921875 0.0421875
0 0.5796875 0.2859375 0.09453125 0.04453125
0 0.58046875 0.24375 0.09453125 0.05546875
0 0.58046875 0.19609375 0.090625 0.0453125
0 0.58046875 0.1484375 0.09296875 0.05234375
0 0.58046875 0.1 0.09140625 0.04140625
0 0.584375 0.05546875 0.09140625 0.04765625
0 0.584375 0.01640625 0.09140625 0.0296875
0 0.675 0.01953125 0.0953125 0.03125
0 0.7703125 0.02109375 0.09453125 0.040625
0 0.86015625 0.01953125 0.09296875 0.03203125
0 0.6734375 0.05625 0.090625 0.046875
0 0.67109375 0.103125 0.09296875 0.0515625
0 0.67109375 0.14921875 0.08984375 0.053125
0 0.66953125 0.19921875 0.09296875 0.04765625
0 0.67109375 0.2453125 0.09296875 0.05234375
0 0.6703125 0.29296875 0.0921875 0.0453125
0 0.66640625 0.33515625 0.09140625 0.04296875
0 0.66484375 0.378125 0.08828125 0.04140625
0 0.75625 0.3796875 0.08984375 0.0390625
0 0.7609375 0.3375 0.09296875 0.04765625
0 0.7625 0.28984375 0.090625 0.046875
0 0.7640625 0.24375 0.09296875 0.05234375
0 0.76484375 0.1984375 0.09453125 0.04453125
0 0.76640625 0.15078125 0.09296875 0.04765625
0 0.76640625 0.1046875 0.0953125 0.04765625
0 0.76796875 0.059375 0.0921875 0.04765625
0 0.85859375 0.06015625 0.08984375 0.046875
0 0.85625 0.109375 0.09296875 0.04921875
0 0.85703125 0.15390625 0.090625 0.04765625
0 0.85546875 0.196875 0.09140625 0.05
0 0.8546875 0.23984375 0.09453125 0.046875
0 0.853125 0.28828125 0.09140625 0.05
0 0.853125 0.3359375 0.09140625 0.0515625
0 0.8484375 0.38203125 0.09296875 0.04765625