0 0.978125 0.678125 0.04296875 0.06953125
0 0.9734375 0.74140625 0.053125 0.07421875
0 0.96875 0.80078125 0.06171875 0.0765625
0 0.96484375 0.86015625 0.06953125 0.078125
0 0.96171875 0.91171875 0.0765625 0.078125
0 0.95859375 0.9609375 0.0828125 0.078125
0 0.9015625 0.65859375 0.125 0.09609375
0 0.89140625 0.71484375 0.12109375 0.09609375
0 0.884375 0.77109375 0.11953125 0.09609375
0 0.8765625 0.8265625 0.115625 0.1015625
0 0.8703125 0.878125 0.11640625 0.09765625
0 0.865625 0.928125 0.115625 0.0953125
0 0.8546875 0.9640625 0.11328125 0.071875
0 0.7828125 0.62734375 0.109375 0.084375
0 0.778125 0.6828125 0.1078125 0.090625
0 0.775 0.73828125 0.1046875 0.090625
0 0.76796875 0.790625 0.103125 0.08828125
0 0.7640625 0.83984375 0.103125 0.090625
0 0.75859375 0.8875 0.103125 0.0890625
0 0.753125 0.93828125 0.0984375 0.090625
0 0.74765625 0.96640625 0.09765625 0.06640625
0 0.68125 0.60078125 0.1 0.08046875
0 0.678125 0.65703125 0.096875 0.084375
0 0.67421875 0.7078125 0.09765625 0.08515625
0 0.67109375 0.75625 0.09453125 0.0796875
0 0.6671875 0.80390625 0.0921875 0.08203125
0 0.66328125 0.85 0.09296875 0.08046875
0 0.65859375 0.89375 0.08671875 0.0875
0 0.6578125 0.9359375 0.08515625 0.08203125
0 0.65390625 0.96796875 0.0859375 0.0640625
0 0.93984375 0.10546875 0.1203125 0.08046875
0 0.9421875 0.034375 0.115625 0.06875
0 0.8234375 0.0359375 0.13125 0.0703125
0 0.8171875 0.10234375 0.1296875 0.06875
0 0.69375 0.1015625 0.11953125 0.071875
0 0.7015625 0.0375 0.11640625 0.06953125
0 0.38359375 0.07890625 0.284375 0.128125
0 0.47890625 0.64609375 0.07890625 0.06328125
0 0.4859375 0.6984375 0.08125 0.06640625
0 0.484375 0.7453125 0.07890625 0.0671875
0 0.48515625 0.79296875 0.0765625 0.06875
0 0.4859375 0.83671875 0.07578125 0.0671875
0 0.48515625 0.87890625 0.07734375 0.06875
0 0.4859375 0.9265625 0.07578125 0.0671875
0 0.4875 0.96328125 0.07109375 0.06640625
0 0.41640625 0.96640625 0.06640625 0.05859375
0 0.415625 0.928125 0.06953125 0.0671875
0 0.415625 0.88984375 0.06953125 0.06875
0 0.4140625 0.84765625 0.0671875 0.071875
0 0.4125 0.809375 0.06953125 0.06640625
0 0.4109375 0.76328125 0.06953125 0.0671875
0 0.40859375 0.72109375 0.07109375 0.06484375
0 0.40859375 0.67734375 0.06953125 0.0625
0 0.43984375 0.5921875 0.06171875 0.0609375
0 0.37265625 0.578125 0.065625 0.06484375
0 0.31328125 0.553125 0.0578125 0.06484375
0 0.33828125 0.65078125 0.06953125 0.06484375
0 0.3390625 0.69375 0.06875 0.06484375
0 0.340625 0.7359375 0.07109375 0.07109375
0 0.3421875 0.77890625 0.06796875 0.06484375
0 0.34296875 0.8203125 0.06953125 0.06640625
0 0.3453125 0.859375 0.06796875 0.06640625
0 0.3484375 0.89765625 0.065625 0.06953125
0 0.35 0.93515625 0.06484375 0.0671875
0 0.35078125 0.9671875 0.0609375 0.06484375
0 0.290625 0.93828125 0.05546875 0.06484375
0 0.2875 0.8984375 0.05625 0.0609375
0 0.2859375 0.8625 0.0578125 0.06484375
0 0.2828125 0.82734375 0.05625 0.06328125
0 0.28046875 0.78984375 0.0578125 0.05859375
0 0.278125 0.753125 0.0609375 0.06640625
0 0.27578125 0.7109375 0.059375 0.0609375
0 0.27421875 0.6703125 0.0609375 0.06484375
0 0.271875 0.6296875 0.059375 0.0609375
0 0.21171875 0.56796875 0.06328125 0.06484375
0 0.2125 0.61171875 0.0609375 0.0609375
0 0.21640625 0.64921875 0.059375 0.0625
0 0.21796875 0.690625 0.05625 0.0578125
0 0.221875 0.73046875 0.05546875 0.0609375
0 0.225 0.76640625 0.05390625 0.06015625
0 0.228125 0.80546875 0.053125 0.05625
0 0.22890625 0.8390625 0.0546875 0.05390625
0 0.23046875 0.87109375 0.053125 0.0578125
0 0.23203125 0.9046875 0.0546875 0.05625
0 0.13046875 0.06640625 0.07578125 0.12421875
0 0.065625 0.0671875 0.06953125 0.11328125
0 0.01953125 0.06875 0.0375 0.11171875