0 0.98515625 0.234375 0.028125 0.04140625
0 0.98515625 0.278125 0.0296875 0.0421875
0 0.98359375 0.321875 0.0328125 0.04453125
0 0.984375 0.365625 0.03046875 0.04296875
0 0.98359375 0.4078125 0.0328125 0.03671875
0 0.98046875 0.4515625 0.0375 0.0359375
0 0.98203125 0.49765625 0.0359375 0.04453125
0 0.98046875 0.54296875 0.0390625 0.0453125
0 0.98046875 0.584375 0.03828125 0.0359375
0 0.934375 0.228125 0.071875 0.05546875
0 0.934375 0.271875 0.06640625 0.05625
0 0.93515625 0.31640625 0.0671875 0.0515625
0 0.9375 0.36171875 0.0640625 0.04921875
0 0.934375 0.40625 0.0625 0.0453125
0 0.9296875 0.44609375 0.06875 0.046875
0 0.93203125 0.49453125 0.06328125 0.05
0 0.928125 0.53984375 0.06328125 0.0421875
0 0.93125 0.57890625 0.059375 0.03828125
0 0.83671875 0.13828125 0.06875 0.06328125
0 0.8359375 0.1875 0.06875 0.05859375
0 0.8375 0.23828125 0.06953125 0.05859375
0 0.8359375 0.28828125 0.07109375 0.0578125
0 0.83515625 0.3390625 0.071875 0.053125
0 0.8375 0.38671875 0.0734375 0.05234375
0 0.8421875 0.43984375 0.06953125 0.0515625
0 0.84296875 0.48515625 0.06953125 0.04921875
0 0.8453125 0.53359375 0.06953125 0.05234375
0 0.846875 0.5828125 0.0734375 0.05390625
0 0.7609375 0.12578125 0.0765625 0.0671875
0 0.7609375 0.1796875 0.078125 0.06484375
0 0.76171875 0.23046875 0.07890625 0.06484375
0 0.7609375 0.28125 0.07734375 0.0578125
0 0.75859375 0.32890625 0.07734375 0.0609375
0 0.7609375 0.38046875 0.07734375 0.0578125
0 0.7640625 0.4328125 0.08125 0.05546875
0 0.7671875 0.4828125 0.07890625 0.05234375
0 0.76796875 0.53203125 0.0765625 0.05
0 0.77109375 0.58515625 0.0765625 0.05546875
0 0.68125 0.11015625 0.0796875 0.06875
0 0.68125 0.16328125 0.07890625 0.0671875
0 0.68046875 0.215625 0.078125 0.06640625
0 0.678125 0.2640625 0.08125 0.06640625
0 0.6796875 0.321875 0.0828125 0.0609375
0 0.68125 0.37265625 0.07734375 0.06328125
0 0.68125 0.425 0.078125 0.053125
0 0.684375 0.47578125 0.0828125 0.05546875
0 0.68828125 0.53125 0.08125 0.0515625
0 0.6890625 0.5890625 0.0875 0.05
0 0.5953125 0.09375 0.0859375 0.07109375
0 0.5953125 0.146875 0.0859375 0.0671875
0 0.59453125 0.203125 0.08984375 0.0671875
0 0.59375 0.2546875 0.090625 0.06875
0 0.5921875 0.31015625 0.0921875 0.06640625
0 0.59609375 0.3640625 0.0921875 0.0625
0 0.59765625 0.41796875 0.084375 0.06015625
0 0.59921875 0.471875 0.08828125 0.0578125
0 0.6 0.52734375 0.08984375 0.05859375
0 0.59921875 0.5828125 0.0859375 0.05390625
0 0.50625 0.07421875 0.09296875 0.0796875
0 0.5046875 0.13203125 0.09296875 0.08203125
0 0.50234375 0.18671875 0.09296875 0.0765625
0 0.50078125 0.24375 0.0921875 0.07578125
0 0.50078125 0.29921875 0.09453125 0.06875
0 0.503125 0.35234375 0.096875 0.07109375
0 0.50625 0.4109375 0.1 0.06484375
0 0.5078125 0.46953125 0.09296875 0.0625
0 0.50625 0.525 0.09609375 0.06328125
0 0.5078125 0.58046875 0.09453125 0.0609375
0 0.1609375 0.54765625 0.321875 0.13984375
0 0.1625 0.415625 0.3234375 0.15703125
0 0.165625 0.284375 0.3296875 0.16875
0 0.1625 0.15390625 0.3234375 0.1703125
0 0.1609375 0.0625 0.321875 0.1234375
1 0.790625 0.85546875 0.0875 0.08359375