0 0.971875 0.8125 0.05625 0.046875
0 0.975 0.76796875 0.05 0.04453125
0 0.975 0.72265625 0.05 0.05078125
0 0.97578125 0.6734375 0.0484375 0.053125
0 0.97890625 0.62578125 0.0421875 0.04765625
0 0.98359375 0.57578125 0.03203125 0.05078125
0 0.984375 0.5265625 0.03125 0.05
0 0.82578125 0.80703125 0.07421875 0.0265625
0 0.8265625 0.7796875 0.07265625 0.028125
0 0.82734375 0.75078125 0.0734375 0.0296875
0 0.828125 0.71953125 0.07734375 0.03046875
0 0.82890625 0.6890625 0.075 0.0296875
0 0.8296875 0.65859375 0.0765625 0.0328125
0 0.83125 0.62890625 0.07734375 0.03046875
0 0.83203125 0.60078125 0.07734375 0.02734375
0 0.8328125 0.57109375 0.08046875 0.03828125
0 0.834375 0.5359375 0.07890625 0.03515625
0 0.8359375 0.50625 0.078125 0.0328125
0 0.83828125 0.471875 0.07890625 0.03125
0 0.83984375 0.44140625 0.0796875 0.03203125
0 0.83984375 0.4109375 0.08125 0.0375
0 0.840625 0.37578125 0.08203125 0.03671875
0 0.84140625 0.3421875 0.08125 0.0328125
0 0.8421875 0.31015625 0.08515625 0.0390625
0 0.84375 0.278125 0.08671875 0.034375
0 0.84375 0.24140625 0.0875 0.03828125
0 0.8453125 0.20703125 0.08515625 0.0359375
0 0.8453125 0.17109375 0.08359375 0.034375
0 0.75703125 0.1640625 0.08515625 0.0328125
0 0.7578125 0.2 0.0875 0.04140625
0 0.75546875 0.23671875 0.08671875 0.0359375
0 0.75625 0.271875 0.08515625 0.0359375
0 0.75625 0.3078125 0.08515625 0.03515625
0 0.75625 0.34296875 0.084375 0.03515625
0 0.75546875 0.37578125 0.08515625 0.0328125
0 0.75625 0.40859375 0.084375 0.03359375
0 0.75546875 0.44140625 0.0828125 0.0328125
0 0.75546875 0.4734375 0.0828125 0.03203125
0 0.753125 0.50625 0.08125 0.03359375
0 0.75390625 0.53671875 0.0796875 0.03203125
0 0.75234375 0.5703125 0.0796875 0.03046875
0 0.75078125 0.60078125 0.0796875 0.02734375
0 0.74921875 0.63046875 0.07890625 0.0296875
0 0.74921875 0.659375 0.08125 0.0296875
0 0.75 0.6921875 0.07734375 0.03203125
0 0.7484375 0.72265625 0.0765625 0.02734375
0 0.75 0.753125 0.07734375 0.0328125
0 0.7484375 0.78359375 0.0796875 0.02890625
0 0.7484375 0.8125 0.0765625 0.02734375
0 0.665625 0.81015625 0.0765625 0.0296875
0 0.66640625 0.78203125 0.078125 0.02890625
0 0.66875 0.7515625 0.07890625 0.03125
0 0.66875 0.721875 0.078125 0.03046875
0 0.66875 0.69140625 0.07890625 0.0296875
0 0.66875 0.66171875 0.07890625 0.03046875
0 0.66875 0.63203125 0.07890625 0.03125
0 0.66953125 0.59921875 0.07890625 0.0328125
0 0.66953125 0.56640625 0.08046875 0.03046875
0 0.6703125 0.53828125 0.0796875 0.03125
0 0.671875 0.50390625 0.08203125 0.034375
0 0.6703125 0.47109375 0.08203125 0.03046875
0 0.6703125 0.440625 0.08515625 0.03828125
0 0.67109375 0.4078125 0.084375 0.034375
0 0.6703125 0.37265625 0.08125 0.03515625
0 0.67109375 0.3390625 0.084375 0.0359375
0 0.66953125 0.30546875 0.08359375 0.034375
0 0.66953125 0.271875 0.08515625 0.03203125
0 0.6703125 0.2375 0.084375 0.03359375
0 0.6703125 0.2015625 0.08671875 0.0375
0 0.66875 0.16640625 0.08515625 0.03359375
0 0.57890625 0.165625 0.08515625 0.0390625
0 0.58046875 0.20234375 0.08359375 0.03671875
0 0.58046875 0.2375 0.08359375 0.0359375
0 0.58125 0.26953125 0.08203125 0.04140625
0 0.58203125 0.30390625 0.08359375 0.0375
0 0.5828125 0.33671875 0.084375 0.034375
0 0.584375 0.37109375 0.0828125 0.03203125
0 0.58359375 0.40234375 0.0828125 0.03828125
0 0.58515625 0.43828125 0.0828125 0.034375
0 0.5875 0.4703125 0.08125 0.03125
0 0.5875 0.5 0.0828125 0.03515625
0 0.58671875 0.5328125 0.08125 0.03359375
0 0.58671875 0.56484375 0.08125 0.03515625
0 0.5859375 0.6 0.0828125 0.0296875
0 0.58515625 0.6296875 0.08046875 0.0328125
0 0.58515625 0.6609375 0.08203125 0.03125
0 0.58671875 0.690625 0.08046875 0.03046875
0 0.5875 0.71875 0.0796875 0.03125
0 0.5859375 0.75078125 0.07890625 0.03125
0 0.5859375 0.78046875 0.08046875 0.03046875
0 0.58515625 0.81015625 0.07890625 0.03046875
0 0.32265625 0.815625 0.08203125 0.0328125
0 0.32421875 0.7859375 0.08046875 0.034375
0 0.32578125 0.75546875 0.08046875 0.03203125
0 0.325 0.725 0.0796875 0.03203125
0 0.3234375 0.69375 0.0796875 0.03125
0 0.32265625 0.66328125 0.08125 0.03515625
0 0.321875 0.628125 0.08125 0.03671875
0 0.32109375 0.596875 0.08359375 0.03125
0 0.3203125 0.56328125 0.0828125 0.03359375
0 0.3203125 0.5328125 0.08359375 0.03203125
0 0.31953125 0.5 0.08203125 0.03359375
0 0.31875 0.46796875 0.0828125 0.0390625
0 0.31640625 0.43359375 0.08359375 0.03671875
0 0.31484375 0.4 0.08359375 0.034375
0 0.3140625 0.36875 0.08515625 0.03203125
0 0.31328125 0.3296875 0.08828125 0.0375
0 0.31015625 0.29453125 0.08515625 0.0359375
0 0.30859375 0.2625 0.08671875 0.0359375
0 0.30625 0.2265625 0.08515625 0.0375
0 0.30546875 0.19140625 0.08515625 0.03671875
0 0.303125 0.153125 0.08671875 0.03984375
0 0.3015625 0.11640625 0.08671875 0.03984375
0 0.21171875 0.1203125 0.08671875 0.04140625
0 0.21484375 0.1578125 0.08359375 0.040625
0 0.215625 0.19453125 0.0875 0.03203125
0 0.21875 0.22890625 0.08359375 0.03984375
0 0.21953125 0.2640625 0.08515625 0.03828125
0 0.2203125 0.296875 0.08671875 0.03828125
0 0.22421875 0.334375 0.08359375 0.04140625
0 0.2265625 0.37109375 0.0828125 0.0375
0 0.228125 0.403125 0.08515625 0.03671875
0 0.228125 0.4375 0.084375 0.034375
0 0.23125 0.46953125 0.08203125 0.03515625
0 0.2328125 0.503125 0.08203125 0.03203125
0 0.23203125 0.53671875 0.0828125 0.0359375
0 0.234375 0.5671875 0.07890625 0.0375
0 0.2328125 0.6 0.08515625 0.034375
0 0.23671875 0.63359375 0.08359375 0.0328125
0 0.2375 0.6640625 0.08203125 0.0328125
0 0.2390625 0.69609375 0.0796875 0.03203125
0 0.240625 0.72578125 0.08046875 0.03046875
0 0.24140625 0.75625 0.07890625 0.0328125
0 0.240625 0.78671875 0.07890625 0.0328125
0 0.240625 0.8171875 0.07890625 0.03046875
0 0.15703125 0.81796875 0.0828125 0.03203125
0 0.15703125 0.7890625 0.0828125 0.03046875
0 0.15703125 0.75859375 0.0828125 0.03203125
0 0.15546875 0.7265625 0.0828125 0.03046875
0 0.15546875 0.69765625 0.08359375 0.0328125
0 0.15390625 0.66328125 0.0828125 0.03359375
0 0.15078125 0.6296875 0.08203125 0.03359375
0 0.1484375 0.5984375 0.08125 0.0328125
0 0.1484375 0.56640625 0.08203125 0.0296875
0 0.146875 0.5359375 0.0828125 0.0375
0 0.1453125 0.5015625 0.08359375 0.03515625
0 0.14375 0.46875 0.08515625 0.0359375
0 0.14140625 0.434375 0.084375 0.034375
0 0.13984375 0.40234375 0.084375 0.0296875
0 0.1375 0.3671875 0.0828125 0.0359375
0 0.1359375 0.33359375 0.0828125 0.03984375
0 0.134375 0.29921875 0.0828125 0.034375
0 0.13046875 0.265625 0.0828125 0.040625
0 0.128125 0.228125 0.08515625 0.03828125
0 0.12421875 0.19375 0.08671875 0.0390625
0 0.1234375 0.159375 0.08515625 0.03671875
0 0.12265625 0.1203125 0.08671875 0.04140625
0 0.0390625 0.11953125 0.07734375 0.040625
0 0.03984375 0.15703125 0.07890625 0.0375
0 0.04140625 0.19296875 0.0796875 0.0328125
0 0.04453125 0.221875 0.0828125 0.03359375
0 0.046875 0.259375 0.08515625 0.03671875
0 0.04921875 0.296875 0.0828125 0.0375
0 0.05 0.32890625 0.08671875 0.0328125
0 0.053125 0.365625 0.08203125 0.0375
0 0.05546875 0.40078125 0.0828125 0.034375
0 0.05546875 0.4328125 0.0859375 0.03359375
0 0.0578125 0.4640625 0.0828125 0.03046875
0 0.05859375 0.4984375 0.08359375 0.040625
0 0.06171875 0.53515625 0.07890625 0.03828125
0 0.0640625 0.56640625 0.07890625 0.03203125
0 0.06328125 0.59765625 0.08203125 0.03359375
0 0.06640625 0.63125 0.08359375 0.0375
0 0.06796875 0.66328125 0.08203125 0.03359375
0 0.07109375 0.69296875 0.08125 0.03203125
0 0.07265625 0.72578125 0.0828125 0.03046875
0 0.07265625 0.75625 0.0796875 0.0328125
0 0.07421875 0.7875 0.08125 0.03046875
0 0.07421875 0.8171875 0.08203125 0.0296875