0 0.03203125 0.96015625 0.06328125 0.078125
0 0.03046875 0.89140625 0.0609375 0.0828125
0 0.03203125 0.82421875 0.06328125 0.07734375
0 0.03203125 0.7578125 0.06328125 0.07734375
0 0.03359375 0.68828125 0.065625 0.0765625
0 0.03046875 0.6171875 0.0609375 0.075
0 0.02734375 0.54765625 0.05390625 0.07421875
0 0.02578125 0.4765625 0.0515625 0.07109375
0 0.0234375 0.403125 0.04609375 0.07734375
0 0.11171875 0.40390625 0.134375 0.08046875
0 0.1140625 0.47578125 0.1328125 0.0796875
0 0.11953125 0.54375 0.12734375 0.084375
0 0.121875 0.6125 0.12890625 0.084375
0 0.125 0.68046875 0.12578125 0.07734375
0 0.1234375 0.7453125 0.12734375 0.084375
0 0.1265625 0.8140625 0.128125 0.08515625
0 0.12421875 0.878125 0.1265625 0.084375
0 0.12578125 0.940625 0.12578125 0.08671875
0 0.48828125 0.27578125 0.31484375 0.13125
0 0.4859375 0.403125 0.32109375 0.14375
0 0.4859375 0.52421875 0.321875 0.15234375
0 0.48515625 0.64453125 0.31953125 0.16640625
0 0.48984375 0.76796875 0.32109375 0.18203125
0 0.490625 0.88359375 0.315625 0.18125
0 0.78125 0.778125 0.07734375 0.15234375
0 0.78203125 0.6328125 0.07734375 0.1546875
0 0.7859375 0.48046875 0.0796875 0.1546875
0 0.7890625 0.32734375 0.07890625 0.153125
0 0.86328125 0.3328125 0.0765625 0.1484375
0 0.86015625 0.4796875 0.07578125 0.153125
0 0.85546875 0.6265625 0.07578125 0.15546875
0 0.85390625 0.76875 0.07578125 0.15546875
0 0.921875 0.753125 0.06953125 0.14765625
0 0.92265625 0.615625 0.06875 0.14453125
0 0.92890625 0.478125 0.0671875 0.14609375
0 0.934375 0.334375 0.07421875 0.15
0 0.98359375 0.33125 0.0328125 0.14375
0 0.98203125 0.47109375 0.0359375 0.1390625
0 0.98046875 0.61015625 0.0390625 0.1390625
0 0.97734375 0.7453125 0.0453125 0.13515625
0 0.71796875 0.21875 0.06953125 0.0984375
0 0.85 0.2015625 0.0625 0.109375
1 0.0515625 0.26484375 0.1015625 0.08046875
1 0.0515625 0.33515625 0.1015625 0.0640625