0 0.02890625 0.478125 0.05625 0.040625
0 0.03046875 0.515625 0.0609375 0.0359375
0 0.03203125 0.5484375 0.06328125 0.03125
0 0.03359375 0.5875 0.065625 0.0421875
0 0.03671875 0.62421875 0.071875 0.034375
0 0.0375 0.65546875 0.0734375 0.03828125
0 0.0390625 0.690625 0.07734375 0.040625
0 0.040625 0.72265625 0.08125 0.0359375
0 0.04453125 0.75546875 0.08828125 0.0359375
0 0.0453125 0.790625 0.0890625 0.03671875
0 0.05078125 0.81953125 0.0890625 0.03828125
0 0.0546875 0.85546875 0.08828125 0.03359375
0 0.06015625 0.88203125 0.084375 0.0359375
0 0.06171875 0.91328125 0.08671875 0.0296875
0 0.065625 0.940625 0.0828125 0.034375
0 0.06953125 0.9703125 0.0796875 0.03125
0 0.1046875 0.47421875 0.09296875 0.03828125
0 0.10859375 0.5125 0.09453125 0.03359375
0 0.1125 0.55078125 0.09296875 0.03828125
0 0.115625 0.5875 0.0921875 0.034375
0 0.11875 0.62265625 0.09296875 0.03828125
0 0.12265625 0.6578125 0.09296875 0.03203125
0 0.1265625 0.69453125 0.09140625 0.03359375
0 0.1296875 0.72734375 0.08984375 0.03203125
0 0.13359375 0.76328125 0.08984375 0.028125
0 0.1375 0.7921875 0.090625 0.0296875
0 0.13984375 0.825 0.08984375 0.034375
0 0.14375 0.859375 0.08671875 0.03828125
0 0.146875 0.8890625 0.0828125 0.03203125
0 0.15 0.91796875 0.08125 0.034375
0 0.153125 0.9453125 0.0828125 0.0359375
0 0.15703125 0.97578125 0.084375 0.03828125
0 0.20625 0.47890625 0.1 0.034375
0 0.21015625 0.51875 0.0984375 0.04296875
0 0.21171875 0.56015625 0.09609375 0.034375
0 0.2140625 0.5921875 0.09453125 0.034375
0 0.21640625 0.62421875 0.09296875 0.04140625
0 0.2203125 0.659375 0.09296875 0.040625
0 0.2234375 0.6953125 0.09140625 0.04140625
0 0.225 0.73203125 0.090625 0.03359375
0 0.22734375 0.76640625 0.08984375 0.03671875
0 0.23046875 0.79453125 0.08671875 0.034375
0 0.23203125 0.828125 0.08671875 0.03203125
0 0.2359375 0.8625 0.0859375 0.0296875
0 0.2390625 0.89375 0.0828125 0.0296875
0 0.23828125 0.9234375 0.08125 0.0296875
0 0.240625 0.95078125 0.0828125 0.03203125
0 0.24296875 0.98046875 0.0796875 0.0390625
0 0.3109375 0.471875 0.10234375 0.0421875
0 0.31171875 0.51171875 0.1015625 0.0421875
0 0.3140625 0.54921875 0.103125 0.040625
0 0.315625 0.58515625 0.10234375 0.03828125
0 0.315625 0.62265625 0.09765625 0.034375
0 0.31796875 0.6578125 0.096875 0.040625
0 0.31875 0.69453125 0.09609375 0.03671875
0 0.3203125 0.72890625 0.0890625 0.03359375
0 0.321875 0.7625 0.09296875 0.0296875
0 0.321875 0.79453125 0.09296875 0.03203125
0 0.32421875 0.82734375 0.09140625 0.03203125
0 0.3265625 0.859375 0.0890625 0.03359375
0 0.32890625 0.88828125 0.0921875 0.03203125
0 0.32734375 0.9203125 0.0859375 0.0296875
0 0.33046875 0.95234375 0.0875 0.03125
0 0.33125 0.978125 0.08828125 0.03125
0 0.415625 0.46484375 0.09921875 0.046875
0 0.41640625 0.50546875 0.096875 0.0390625
0 0.415625 0.54140625 0.096875 0.03828125
0 0.415625 0.5765625 0.09609375 0.0390625
0 0.41640625 0.6140625 0.0953125 0.03828125
0 0.41640625 0.65234375 0.09453125 0.03359375
0 0.41796875 0.68671875 0.0921875 0.03671875
0 0.4203125 0.7203125 0.09296875 0.03359375
0 0.4203125 0.75390625 0.09296875 0.03359375
0 0.4203125 0.7890625 0.08828125 0.0359375
0 0.4203125 0.82265625 0.0890625 0.03203125
0 0.421875 0.85234375 0.090625 0.03203125
0 0.4203125 0.884375 0.08828125 0.034375
0 0.4203125 0.91640625 0.08515625 0.0296875
0 0.41953125 0.946875 0.0828125 0.028125
0 0.42265625 0.9765625 0.0875 0.03125
0 0.58359375 0.4703125 0.10234375 0.0390625
0 0.58125 0.5140625 0.10078125 0.040625
0 0.57890625 0.553125 0.10078125 0.0359375
0 0.57890625 0.58828125 0.10078125 0.03359375
0 0.578125 0.625 0.0984375 0.03671875
0 0.5765625 0.66171875 0.096875 0.0359375
0 0.575 0.696875 0.0953125 0.03125
0 0.575 0.7296875 0.09296875 0.0359375
0 0.5734375 0.7640625 0.0953125 0.03359375
0 0.5734375 0.79609375 0.09453125 0.028125
0 0.57265625 0.828125 0.09453125 0.03203125
0 0.56953125 0.8609375 0.08828125 0.028125
0 0.56953125 0.88828125 0.08671875 0.0296875
0 0.56953125 0.9171875 0.0859375 0.03125
0 0.56953125 0.946875 0.08828125 0.028125
0 0.56796875 0.975 0.084375 0.028125
0 0.6875 0.48046875 0.10078125 0.040625
0 0.68671875 0.52265625 0.1046875 0.03359375
0 0.6828125 0.5578125 0.103125 0.0359375
0 0.68125 0.59296875 0.09765625 0.03828125
0 0.68046875 0.6296875 0.09609375 0.03671875
0 0.678125 0.66640625 0.09453125 0.034375
0 0.6765625 0.70078125 0.0953125 0.040625
0 0.67578125 0.734375 0.09296875 0.03359375
0 0.67265625 0.76484375 0.0921875 0.0296875
0 0.6703125 0.8 0.09296875 0.0296875
0 0.66875 0.83515625 0.090625 0.0296875
0 0.6671875 0.86640625 0.0890625 0.03359375
0 0.665625 0.89765625 0.08828125 0.03671875
0 0.66484375 0.92890625 0.08828125 0.03671875
0 0.6625 0.95859375 0.084375 0.034375
0 0.66171875 0.984375 0.08125 0.028125
0 0.79453125 0.478125 0.1015625 0.03828125
0 0.7921875 0.51640625 0.09609375 0.03203125
0 0.790625 0.55546875 0.09609375 0.0421875
0 0.7875 0.5921875 0.09609375 0.034375
0 0.78359375 0.63125 0.09609375 0.03671875
0 0.78125 0.6703125 0.1 0.03203125
0 0.77890625 0.7015625 0.09609375 0.03671875
0 0.77578125 0.734375 0.09296875 0.03828125
0 0.77109375 0.76875 0.09453125 0.0390625
0 0.76875 0.80078125 0.0921875 0.03203125
0 0.765625 0.83203125 0.09453125 0.03671875
0 0.7625 0.8671875 0.090625 0.03203125
0 0.76171875 0.90390625 0.09140625 0.03203125
0 0.759375 0.9328125 0.08828125 0.03125
0 0.75625 0.96171875 0.0859375 0.02734375
0 0.75390625 0.98671875 0.0859375 0.025
0 0.903125 0.47578125 0.1046875 0.040625
0 0.89921875 0.5140625 0.103125 0.03671875
0 0.89609375 0.5515625 0.103125 0.0359375
0 0.8921875 0.58984375 0.10234375 0.03671875
0 0.88671875 0.6296875 0.1 0.0359375
0 0.884375 0.665625 0.09609375 0.0359375
0 0.88046875 0.703125 0.09453125 0.03359375
0 0.8765625 0.73671875 0.09453125 0.03125
0 0.8734375 0.7703125 0.09609375 0.03203125
0 0.86875 0.8015625 0.09296875 0.02734375
0 0.86484375 0.834375 0.09296875 0.0296875
0 0.86328125 0.86484375 0.096875 0.03125
0 0.8578125 0.89765625 0.08984375 0.0296875
0 0.85234375 0.928125 0.08984375 0.028125
0 0.84921875 0.95546875 0.08828125 0.03203125
0 0.846875 0.98515625 0.0890625 0.0296875
0 0.97734375 0.5171875 0.0453125 0.034375
0 0.9734375 0.55390625 0.053125 0.034375
0 0.97109375 0.58984375 0.0578125 0.0359375
0 0.9703125 0.625 0.059375 0.0390625
0 0.96796875 0.66328125 0.06328125 0.0359375
0 0.96484375 0.69921875 0.0703125 0.03203125
0 0.96328125 0.73203125 0.0734375 0.040625
0 0.9609375 0.76875 0.078125 0.0296875
0 0.95859375 0.80234375 0.0828125 0.03359375
0 0.95703125 0.83515625 0.0859375 0.0390625
0 0.95625 0.86640625 0.0875 0.03125
0 0.95234375 0.89765625 0.0890625 0.0359375
0 0.94921875 0.93125 0.0890625 0.034375
0 0.9453125 0.959375 0.08984375 0.03125
0 0.94296875 0.9859375 0.0875 0.028125
0 0.04765625 0.140625 0.09453125 0.07578125
0 0.046875 0.07109375 0.09296875 0.06953125
0 0.0453125 0.01875 0.0890625 0.0359375
0 0.14609375 0.01640625 0.12265625 0.03125
0 0.1484375 0.06484375 0.1234375 0.06484375
0 0.15390625 0.1375 0.12578125 0.07421875
0 0.271875 0.1359375 0.11484375 0.07578125
0 0.26953125 0.06640625 0.11484375 0.07421875
0 0.26640625 0.01796875 0.1203125 0.034375
0 0.38984375 0.015625 0.12109375 0.0296875
0 0.3921875 0.06484375 0.11953125 0.0734375
0 0.39453125 0.13125 0.11484375 0.07109375
0 0.72890625 0.1453125 0.08984375 0.0453125
0 0.73125 0.09296875 0.08984375 0.05234375
0 0.73515625 0.04453125 0.090625 0.046875
0 0.828125 0.04765625 0.0953125 0.04921875
0 0.8234375 0.09453125 0.09453125 0.04921875
0 0.8171875 0.146875 0.090625 0.04453125
0 0.90703125 0.14296875 0.090625 0.05
0 0.9125 0.0953125 0.09609375 0.04765625
0 0.9203125 0.046875 0.09453125 0.0515625
0 0.98125 0.046875 0.0375 0.05
0 0.978125 0.096875 0.04375 0.04765625
0 0.97578125 0.14296875 0.04765625 0.04765625