0 0.95078125 0.25703125 0.06484375 0.04921875
0 0.9515625 0.30859375 0.0609375 0.04921875
0 0.95 0.3640625 0.06328125 0.05234375
0 0.95 0.4109375 0.06171875 0.0453125
0 0.946875 0.4625 0.065625 0.05546875
0 0.94765625 0.51171875 0.0671875 0.05
0 0.9484375 0.56640625 0.065625 0.05546875
0 0.9484375 0.61875 0.06796875 0.04765625
0 0.8828125 0.25703125 0.06484375 0.05546875
0 0.88359375 0.309375 0.06953125 0.0453125
0 0.884375 0.36015625 0.06875 0.05234375
0 0.88359375 0.4125 0.07109375 0.05
0 0.88046875 0.4640625 0.065625 0.05234375
0 0.87890625 0.51171875 0.07109375 0.04765625
0 0.8796875 0.56484375 0.06640625 0.0578125
0 0.878125 0.61796875 0.06640625 0.05859375
0 0.79375 0.25234375 0.071875 0.0578125
0 0.79453125 0.30703125 0.07109375 0.04765625
0 0.7953125 0.3578125 0.07265625 0.05
0 0.79453125 0.4109375 0.0734375 0.05234375
0 0.7953125 0.4640625 0.07265625 0.05390625
0 0.79296875 0.515625 0.07734375 0.0515625
0 0.79296875 0.565625 0.0734375 0.05234375
0 0.79140625 0.62109375 0.0734375 0.0609375
0 0.70859375 0.0296875 0.09140625 0.05703125
0 0.70703125 0.0796875 0.08828125 0.06875
0 0.70703125 0.1375 0.0875 0.06484375
0 0.70546875 0.19375 0.08515625 0.06015625
0 0.7046875 0.24765625 0.08828125 0.06015625
0 0.70625 0.3046875 0.08671875 0.0625
0 0.703125 0.36171875 0.08984375 0.05625
0 0.7015625 0.4171875 0.0921875 0.05859375
0 0.7015625 0.471875 0.09140625 0.05546875
0 0.703125 0.5296875 0.09140625 0.05390625
0 0.70390625 0.5828125 0.08984375 0.0515625
0 0.7046875 0.63828125 0.08828125 0.05546875
0 0.6140625 0.02265625 0.0921875 0.04296875
0 0.61640625 0.06484375 0.09296875 0.07734375
0 0.61484375 0.121875 0.0953125 0.071875
0 0.61484375 0.1828125 0.09453125 0.07109375
0 0.61484375 0.23828125 0.09453125 0.0671875
0 0.6140625 0.2984375 0.09296875 0.06484375
0 0.61171875 0.3546875 0.09140625 0.0609375
0 0.61015625 0.4171875 0.09296875 0.06484375
0 0.61015625 0.47578125 0.09296875 0.0515625
0 0.609375 0.5296875 0.09296875 0.053125
0 0.6109375 0.58515625 0.096875 0.06015625
0 0.6125 0.646875 0.09609375 0.0609375
0 0.51640625 0.04921875 0.0984375 0.07734375
0 0.51640625 0.10625 0.103125 0.07578125
0 0.51640625 0.165625 0.10078125 0.071875
0 0.51484375 0.2265625 0.1015625 0.07109375
0 0.5140625 0.28671875 0.09921875 0.07109375
0 0.5125 0.3484375 0.1046875 0.07421875
0 0.51171875 0.40859375 0.1046875 0.06875
0 0.51171875 0.46875 0.103125 0.0625
0 0.509375 0.528125 0.1046875 0.0609375
0 0.51171875 0.5875 0.103125 0.0609375
0 0.5125 0.646875 0.1 0.0578125
0 0.4125 0.03671875 0.10625 0.07265625
0 0.4125 0.09765625 0.1046875 0.0765625
0 0.4109375 0.159375 0.10625 0.07421875
0 0.4109375 0.2203125 0.1078125 0.07109375
0 0.40859375 0.2828125 0.10859375 0.071875
0 0.40703125 0.34453125 0.1078125 0.071875
0 0.40703125 0.40859375 0.1109375 0.06953125
0 0.4078125 0.46875 0.10859375 0.06484375
0 0.40625 0.52890625 0.109375 0.06015625
0 0.41015625 0.59140625 0.1078125 0.05859375
0 0.4078125 0.64765625 0.1109375 0.05546875
0 0.30234375 0.0296875 0.11640625 0.05859375
0 0.3015625 0.084375 0.11796875 0.084375
0 0.29921875 0.14296875 0.11640625 0.084375
0 0.30234375 0.21171875 0.11484375 0.084375
0 0.29765625 0.2765625 0.11640625 0.07734375
0 0.2953125 0.33984375 0.115625 0.07109375
0 0.2953125 0.40078125 0.11796875 0.07109375
0 0.29375 0.46796875 0.115625 0.06875
0 0.29296875 0.53046875 0.11640625 0.06875
0 0.29453125 0.59296875 0.11953125 0.0578125
0 0.29296875 0.6546875 0.1203125 0.05859375
0 0.04765625 0.0296875 0.08515625 0.05703125
0 0.05234375 0.09453125 0.103125 0.071875
0 0.053125 0.16484375 0.10625 0.0796875
0 0.05390625 0.2359375 0.10703125 0.071875
0 0.05390625 0.309375 0.1078125 0.07421875
0 0.05390625 0.38203125 0.1078125 0.0671875
0 0.05390625 0.45546875 0.1078125 0.07421875
0 0.05546875 0.528125 0.11015625 0.0734375
0 0.05546875 0.596875 0.11015625 0.0734375
0 0.05390625 0.67265625 0.10703125 0.0828125
1 0.29765625 0.8765625 0.134375 0.07734375
1 0.29921875 0.95546875 0.13359375 0.08828125