0 0.29453125 0.03671875 0.309375 0.07265625
0 0.29140625 0.1234375 0.30625 0.11796875
0 0.2953125 0.23515625 0.30078125 0.10625
0 0.1328125 0.54375 0.0828125 0.040625
0 0.134375 0.58359375 0.0859375 0.0359375
0 0.1359375 0.615625 0.0828125 0.0296875
0 0.1375 0.64296875 0.0828125 0.03359375
0 0.1359375 0.675 0.0828125 0.025
0 0.1390625 0.70625 0.0796875 0.0296875
0 0.1390625 0.73671875 0.0796875 0.028125
0 0.1390625 0.77109375 0.07734375 0.03125
0 0.14140625 0.7984375 0.0765625 0.03125
0 0.1421875 0.828125 0.07578125 0.02578125
0 0.14296875 0.85546875 0.07578125 0.02578125
0 0.14453125 0.88515625 0.07578125 0.02578125
0 0.146875 0.9125 0.07578125 0.02578125
0 0.14921875 0.94140625 0.07578125 0.02578125
0 0.15078125 0.9703125 0.07578125 0.02578125
0 0.15 0.990625 0.075 0.01875
0 0.22265625 0.540625 0.08828125 0.0359375
0 0.221875 0.5765625 0.08671875 0.0296875
0 0.2234375 0.609375 0.08671875 0.0296875
0 0.225 0.640625 0.08671875 0.0296875
0 0.225 0.6703125 0.08671875 0.0296875
0 0.22421875 0.703125 0.08671875 0.0296875
0 0.2234375 0.7359375 0.08671875 0.0328125
0 0.22421875 0.765625 0.08671875 0.0328125
0 0.225 0.796875 0.08671875 0.0328125
0 0.22421875 0.82890625 0.08671875 0.0328125
0 0.22578125 0.859375 0.0796875 0.0296875
0 0.2265625 0.8875 0.0765625 0.0296875
0 0.228125 0.915625 0.075 0.02578125
0 0.228125 0.9421875 0.0734375 0.0296875
0 0.22890625 0.9703125 0.07265625 0.025
0 0.2296875 0.99140625 0.0734375 0.0171875
0 0.31171875 0.53828125 0.0828125 0.028125
0 0.3109375 0.5703125 0.0828125 0.028125
0 0.31015625 0.603125 0.0828125 0.028125
0 0.3125 0.634375 0.0828125 0.028125
0 0.31171875 0.66875 0.0828125 0.028125
0 0.31015625 0.69921875 0.0828125 0.028125
0 0.3109375 0.7296875 0.0828125 0.028125
0 0.3109375 0.7625 0.0828125 0.028125
0 0.31015625 0.7953125 0.08125 0.03359375
0 0.30625 0.82890625 0.078125 0.02734375
0 0.3078125 0.85859375 0.0828125 0.02578125
0 0.309375 0.8859375 0.07890625 0.025
0 0.31015625 0.9140625 0.08125 0.0296875
0 0.31015625 0.94453125 0.0796875 0.0234375
0 0.309375 0.971875 0.07734375 0.02578125
0 0.309375 0.99140625 0.0796875 0.0171875
0 0.39765625 0.53203125 0.0796875 0.034375
0 0.3984375 0.56484375 0.07890625 0.0296875
0 0.39375 0.5984375 0.0796875 0.03203125
0 0.39453125 0.6296875 0.07890625 0.03203125
0 0.39453125 0.66640625 0.0765625 0.03125
0 0.39453125 0.70234375 0.0796875 0.03359375
0 0.39296875 0.7296875 0.07578125 0.02734375
0 0.3921875 0.76015625 0.078125 0.02734375
0 0.39296875 0.790625 0.0796875 0.028125
0 0.39140625 0.8234375 0.07734375 0.0296875
0 0.3921875 0.85390625 0.07265625 0.02578125
0 0.3921875 0.88359375 0.07578125 0.02734375
0 0.3890625 0.9140625 0.0796875 0.02578125
0 0.39140625 0.940625 0.0765625 0.028125
0 0.39140625 0.96953125 0.075 0.0203125
0 0.38984375 0.990625 0.0765625 0.01796875
0 0.66796875 0.49609375 0.0859375 0.03671875
0 0.66484375 0.53515625 0.084375 0.03203125
0 0.6640625 0.5703125 0.084375 0.0296875
0 0.6625 0.6 0.0828125 0.03203125
0 0.6625 0.63359375 0.08515625 0.034375
0 0.66015625 0.6640625 0.084375 0.034375
0 0.65703125 0.69453125 0.08125 0.0296875
0 0.6546875 0.728125 0.0828125 0.03125
0 0.653125 0.75859375 0.08125 0.03203125
0 0.6546875 0.790625 0.08125 0.03359375
0 0.65234375 0.81953125 0.08125 0.0296875
0 0.65 0.84921875 0.078125 0.028125
0 0.65 0.878125 0.07578125 0.0296875
0 0.65 0.90859375 0.0765625 0.02578125
0 0.65 0.94140625 0.0796875 0.0296875
0 0.64765625 0.96953125 0.075 0.03125
0 0.75625 0.503125 0.0828125 0.03671875
0 0.753125 0.53984375 0.0796875 0.03125
0 0.75078125 0.57109375 0.0796875 0.03125
0 0.7484375 0.603125 0.08125 0.03125
0 0.74609375 0.63515625 0.08125 0.03203125
0 0.74609375 0.66796875 0.08125 0.03125
0 0.74375 0.69921875 0.0796875 0.03671875
0 0.7390625 0.73046875 0.07734375 0.03671875
0 0.7390625 0.76484375 0.07734375 0.0296875
0 0.7390625 0.79375 0.07734375 0.03125
0 0.7375 0.82265625 0.0796875 0.03203125
0 0.734375 0.853125 0.07890625 0.028125
0 0.7328125 0.88359375 0.07734375 0.02734375
0 0.73125 0.91328125 0.0765625 0.0296875
0 0.7328125 0.94453125 0.078125 0.028125
0 0.73125 0.97578125 0.078125 0.02578125
0 0.840625 0.5 0.08125 0.0359375
0 0.83828125 0.53359375 0.0828125 0.03125
0 0.83515625 0.565625 0.0828125 0.02734375
0 0.83203125 0.6 0.0828125 0.03125
0 0.83046875 0.63125 0.084375 0.0296875
0 0.8296875 0.6640625 0.08125 0.03203125
0 0.82578125 0.6953125 0.08125 0.0296875
0 0.821875 0.728125 0.0796875 0.03125
0 0.82265625 0.76015625 0.08125 0.0296875
0 0.82109375 0.790625 0.0796875 0.0296875
0 0.81875 0.8234375 0.07578125 0.03125
0 0.8171875 0.85390625 0.07734375 0.02109375
0 0.8140625 0.8796875 0.07421875 0.028125
0 0.81484375 0.91015625 0.07890625 0.02734375
0 0.81171875 0.94140625 0.07734375 0.0296875
0 0.8109375 0.9703125 0.07421875 0.02734375
0 0.92265625 0.49453125 0.0796875 0.03671875
0 0.91953125 0.53125 0.07578125 0.03203125
0 0.91796875 0.56328125 0.0765625 0.03203125
0 0.9140625 0.59375 0.07578125 0.028125
0 0.91171875 0.625 0.075 0.02734375
0 0.91015625 0.65625 0.075 0.0296875
0 0.9078125 0.69296875 0.07421875 0.03203125
0 0.90546875 0.72578125 0.07734375 0.02734375
0 0.9046875 0.75546875 0.07421875 0.03203125
0 0.90390625 0.784375 0.07421875 0.0296875
0 0.9 0.81796875 0.0734375 0.02734375
0 0.89765625 0.846875 0.0734375 0.0296875
0 0.89609375 0.8796875 0.0765625 0.028125
0 0.8953125 0.909375 0.07421875 0.0296875
0 0.89296875 0.93828125 0.07265625 0.02578125
0 0.89296875 0.96640625 0.0796875 0.02109375
0 0.6109375 0.26796875 0.07890625 0.04296875
0 0.61171875 0.23203125 0.08125 0.0421875
0 0.61015625 0.1921875 0.078125 0.0390625
0 0.6078125 0.15390625 0.078125 0.04296875
0 0.60625 0.11640625 0.07734375 0.040625
0 0.60859375 0.07734375 0.078125 0.04296875
0 0.60859375 0.03671875 0.07890625 0.0421875
0 0.68671875 0.0359375 0.078125 0.0421875
0 0.6859375 0.07734375 0.078125 0.03671875
0 0.684375 0.11640625 0.078125 0.0359375
0 0.6859375 0.1546875 0.0734375 0.04140625
0 0.68828125 0.1921875 0.07109375 0.03203125
0 0.6875 0.23046875 0.07109375 0.0390625
0 0.6859375 0.26796875 0.07109375 0.0390625
0 0.759375 0.2703125 0.0796875 0.0421875
0 0.7609375 0.23125 0.07265625 0.040625
0 0.76015625 0.190625 0.07890625 0.03671875
0 0.76171875 0.153125 0.07578125 0.0421875
0 0.7625 0.11328125 0.07734375 0.0390625
0 0.7640625 0.07421875 0.07578125 0.03828125
0 0.765625 0.03515625 0.0765625 0.04140625
0 0.8421875 0.034375 0.07890625 0.0421875
0 0.84140625 0.07421875 0.078125 0.0359375
0 0.83984375 0.11171875 0.0765625 0.03203125
0 0.83828125 0.15078125 0.07265625 0.03828125
0 0.8375 0.190625 0.07421875 0.03828125
0 0.8359375 0.2328125 0.0734375 0.03359375
0 0.8375 0.27265625 0.07109375 0.03828125
0 0.909375 0.2734375 0.071875 0.0296875
0 0.9109375 0.23203125 0.07421875 0.03671875
0 0.91328125 0.19296875 0.071875 0.04453125
0 0.915625 0.15390625 0.0734375 0.0359375
0 0.91640625 0.1140625 0.07109375 0.040625
0 0.91953125 0.07421875 0.0734375 0.040625
0 0.92109375 0.03359375 0.07578125 0.04765625
0 0.978125 0.034375 0.04375 0.040625
0 0.978125 0.0765625 0.040625 0.03671875
0 0.9765625 0.1140625 0.04609375 0.03671875
0 0.97578125 0.15703125 0.0484375 0.03671875
0 0.975 0.19453125 0.05 0.03359375
0 0.975 0.23515625 0.05 0.040625
0 0.9734375 0.271875 0.053125 0.03828125
0 0.88984375 0.98984375 0.08125 0.0203125
0 0.8109375 0.990625 0.07734375 0.01875