0 0.0671875 0.39296875 0.08984375 0.0609375
0 0.07109375 0.4546875 0.0890625 0.06015625
0 0.07578125 0.509375 0.090625 0.0625
0 0.07890625 0.56875 0.0875 0.06484375
0 0.084375 0.62265625 0.0890625 0.0609375
0 0.0796875 0.72265625 0.11015625 0.07578125
0 0.0859375 0.78203125 0.11171875 0.07734375
0 0.0875 0.84296875 0.109375 0.08046875
0 0.09375 0.9 0.103125 0.071875
0 0.09921875 0.95390625 0.1046875 0.078125
0 0.16875 0.396875 0.1078125 0.0671875
0 0.17421875 0.459375 0.10625 0.06328125
0 0.178125 0.51875 0.10625 0.0671875
0 0.18125 0.5828125 0.1046875 0.06875
0 0.18828125 0.63671875 0.10625 0.07109375
0 0.19375 0.6921875 0.10234375 0.06875
0 0.196875 0.75390625 0.1 0.07109375
0 0.2015625 0.80859375 0.1015625 0.0734375
0 0.20078125 0.86484375 0.10078125 0.0671875
0 0.20234375 0.915625 0.09765625 0.0671875
0 0.39140625 0.1578125 0.0984375 0.040625
0 0.39140625 0.19765625 0.0953125 0.04296875
0 0.3921875 0.23671875 0.09765625 0.04140625
0 0.38984375 0.2765625 0.09765625 0.03984375
0 0.3890625 0.315625 0.0953125 0.0421875
0 0.38828125 0.35234375 0.09375 0.0390625
0 0.3890625 0.38828125 0.09453125 0.0390625
0 0.38671875 0.4265625 0.09296875 0.03984375
0 0.38515625 0.4640625 0.0921875 0.03984375
0 0.3859375 0.49921875 0.08984375 0.03984375
0 0.3859375 0.5328125 0.0890625 0.04140625
0 0.3875 0.56640625 0.0890625 0.03984375
0 0.3875 0.60234375 0.0875 0.040625
0 0.3859375 0.6359375 0.08984375 0.04296875
0 0.384375 0.67109375 0.08828125 0.04453125
0 0.384375 0.70234375 0.08984375 0.046875
0 0.38515625 0.73515625 0.08671875 0.04765625
0 0.384375 0.7703125 0.0875 0.04375
0 0.384375 0.80078125 0.08515625 0.04140625
0 0.384375 0.834375 0.0859375 0.046875
0 0.471875 0.81953125 0.08203125 0.04921875
0 0.47109375 0.78671875 0.08359375 0.04921875
0 0.4703125 0.75703125 0.08046875 0.04609375
0 0.4703125 0.725 0.08125 0.04453125
0 0.471875 0.69140625 0.084375 0.046875
0 0.475 0.65625 0.0828125 0.03984375
0 0.4734375 0.62421875 0.084375 0.0453125
0 0.4765625 0.5890625 0.08125 0.03671875
0 0.475 0.55859375 0.08359375 0.04140625
0 0.475 0.525 0.08515625 0.0421875
0 0.47578125 0.48828125 0.08671875 0.03984375
0 0.47578125 0.45546875 0.08515625 0.04140625
0 0.478125 0.41875 0.084375 0.04140625
0 0.47890625 0.3828125 0.0828125 0.04140625
0 0.4796875 0.34765625 0.08359375 0.04140625
0 0.48203125 0.31171875 0.08671875 0.040625
0 0.4828125 0.2734375 0.0859375 0.03984375
0 0.484375 0.2359375 0.0875 0.0390625
0 0.4859375 0.19609375 0.0890625 0.03984375
0 0.48671875 0.15703125 0.0890625 0.0421875
0 0.571875 0.16015625 0.0796875 0.04296875
0 0.5703125 0.19609375 0.0796875 0.0390625
0 0.56875 0.234375 0.07890625 0.0375
0 0.56796875 0.26953125 0.07890625 0.0375
0 0.5671875 0.3046875 0.07890625 0.03359375
0 0.565625 0.34296875 0.07734375 0.0375
0 0.56328125 0.37734375 0.07890625 0.0359375
0 0.5625 0.4140625 0.07890625 0.0390625
0 0.56171875 0.44765625 0.07890625 0.03828125
0 0.56015625 0.48125 0.078125 0.0390625
0 0.56015625 0.5140625 0.08046875 0.04140625
0 0.5578125 0.54765625 0.0796875 0.0375
0 0.5578125 0.57890625 0.07890625 0.0390625
0 0.5578125 0.6125 0.07890625 0.03828125
0 0.55625 0.6453125 0.07890625 0.0390625
0 0.55625 0.675 0.078125 0.04140625
0 0.5546875 0.70703125 0.07890625 0.04140625
0 0.55390625 0.7390625 0.07734375 0.04140625
0 0.553125 0.7703125 0.0765625 0.0453125
0 0.55234375 0.8 0.0765625 0.0421875
0 0.5546875 0.82890625 0.075 0.0484375
0 0.6296875 0.81171875 0.07109375 0.04765625
0 0.62890625 0.78203125 0.071875 0.0421875
0 0.63046875 0.7546875 0.07109375 0.04453125
0 0.63125 0.725 0.07265625 0.04296875
0 0.63046875 0.69375 0.07109375 0.040625
0 0.6328125 0.66171875 0.075 0.040625
0 0.63359375 0.63125 0.071875 0.03828125
0 0.634375 0.60234375 0.071875 0.03984375
0 0.63515625 0.56796875 0.071875 0.040625
0 0.6359375 0.53984375 0.071875 0.0375
0 0.63671875 0.50546875 0.071875 0.03984375
0 0.63828125 0.47109375 0.07109375 0.03671875
0 0.6375 0.43828125 0.07109375 0.0359375
0 0.6390625 0.40625 0.07109375 0.03515625
0 0.6390625 0.37421875 0.06953125 0.0390625
0 0.6421875 0.3375 0.071875 0.03359375
0 0.64453125 0.30625 0.07109375 0.034375
0 0.6453125 0.27578125 0.06953125 0.04453125
0 0.64609375 0.2390625 0.06953125 0.0421875
0 0.64765625 0.20390625 0.06953125 0.04453125
0 0.64765625 0.1671875 0.07109375 0.03828125
0 0.84765625 0.76875 0.0609375 0.04140625
0 0.84609375 0.740625 0.059375 0.03984375
0 0.84765625 0.7125 0.06015625 0.03515625
0 0.8484375 0.68515625 0.06171875 0.03359375
0 0.84765625 0.65859375 0.0609375 0.034375
0 0.85 0.628125 0.06171875 0.0375
0 0.8515625 0.5984375 0.0609375 0.03671875
0 0.853125 0.56875 0.06171875 0.034375
0 0.85390625 0.540625 0.0640625 0.03203125
0 0.8546875 0.51171875 0.06328125 0.03671875
0 0.85625 0.48125 0.06328125 0.03515625
0 0.85625 0.4515625 0.0640625 0.03359375
0 0.8609375 0.421875 0.06484375 0.03203125
0 0.8625 0.39296875 0.0640625 0.03203125
0 0.86484375 0.36015625 0.0671875 0.03828125
0 0.86640625 0.32890625 0.06875 0.03515625
0 0.86796875 0.2984375 0.0640625 0.03359375
0 0.871875 0.265625 0.0671875 0.034375
0 0.8734375 0.23125 0.0609375 0.03203125
0 0.875 0.203125 0.06328125 0.03359375
0 0.87890625 0.1703125 0.065625 0.03515625
0 0.88046875 0.1390625 0.0640625 0.03359375
0 0.94296875 0.14453125 0.06328125 0.0359375
0 0.94140625 0.17578125 0.06015625 0.0375
0 0.9390625 0.20703125 0.0609375 0.034375
0 0.93828125 0.23515625 0.059375 0.03671875
0 0.934375 0.2671875 0.05546875 0.0359375
0 0.934375 0.2984375 0.05625 0.03125
0 0.93046875 0.33125 0.0546875 0.03359375
0 0.928125 0.3578125 0.05546875 0.03046875
0 0.92578125 0.3875 0.05703125 0.03046875
0 0.92578125 0.41796875 0.05625 0.02890625
0 0.921875 0.44921875 0.05625 0.03359375
0 0.9203125 0.478125 0.05625 0.02734375
0 0.9203125 0.50703125 0.0578125 0.03203125
0 0.91875 0.534375 0.0578125 0.03125
0 0.915625 0.56484375 0.0578125 0.0296875
0 0.915625 0.59140625 0.059375 0.03359375
0 0.9125 0.621875 0.0578125 0.0296875
0 0.9109375 0.646875 0.05625 0.034375
0 0.91015625 0.67421875 0.05546875 0.03046875
0 0.9078125 0.7 0.0546875 0.03671875
0 0.9078125 0.728125 0.05390625 0.03671875
0 0.90625 0.75078125 0.05078125 0.0375
0 0.9640625 0.74140625 0.05 0.0359375
0 0.965625 0.71328125 0.053125 0.03203125
0 0.96484375 0.68984375 0.05390625 0.03203125
0 0.9671875 0.66484375 0.0546875 0.0375
0 0.96796875 0.6359375 0.0546875 0.03359375
0 0.96875 0.609375 0.0515625 0.034375
0 0.97265625 0.5828125 0.0515625 0.03359375
0 0.97421875 0.553125 0.05 0.03125
0 0.97421875 0.52890625 0.0515625 0.034375
0 0.975 0.50234375 0.05 0.0390625
0 0.97578125 0.47109375 0.0484375 0.03203125
0 0.97578125 0.4390625 0.0484375 0.03125
0 0.97734375 0.41484375 0.0453125 0.03359375
0 0.97890625 0.38359375 0.0421875 0.03359375
0 0.978125 0.35859375 0.04375 0.02890625
0 0.9796875 0.33359375 0.040625 0.03046875
0 0.9828125 0.29765625 0.034375 0.02890625
0 0.984375 0.26796875 0.03125 0.02890625
0 0.984375 0.2359375 0.03125 0.02734375
0 0.98515625 0.20859375 0.0296875 0.03203125
0 0.9859375 0.178125 0.02734375 0.0328125
0 0.9875 0.14375 0.02421875 0.03671875