0 0.95390625 0.50859375 0.07109375 0.03828125
0 0.9546875 0.471875 0.07109375 0.034375
0 0.95703125 0.43671875 0.06953125 0.03671875
0 0.95703125 0.40390625 0.06953125 0.03671875
0 0.96015625 0.3671875 0.065625 0.03359375
0 0.9609375 0.3328125 0.06875 0.03671875
0 0.959375 0.296875 0.06640625 0.040625
0 0.96015625 0.26484375 0.07109375 0.0390625
0 0.96171875 0.23125 0.07109375 0.040625
0 0.96015625 0.19609375 0.07109375 0.040625
0 0.96015625 0.15625 0.071875 0.040625
0 0.96015625 0.121875 0.06953125 0.04296875
0 0.96171875 0.0875 0.06796875 0.03828125
0 0.9609375 0.0515625 0.06953125 0.03828125
0 0.9625 0.01875 0.06953125 0.0359375
0 0.8234375 0.51640625 0.07421875 0.0359375
0 0.82421875 0.4828125 0.06953125 0.0359375
0 0.825 0.44921875 0.075 0.0359375
0 0.82421875 0.41328125 0.0765625 0.03828125
0 0.82421875 0.375 0.0734375 0.0390625
0 0.82421875 0.33984375 0.06953125 0.0359375
0 0.8265625 0.30703125 0.075 0.034375
0 0.828125 0.26953125 0.0734375 0.03671875
0 0.82890625 0.23359375 0.071875 0.04140625
0 0.82734375 0.196875 0.075 0.04296875
0 0.8296875 0.16015625 0.07578125 0.0453125
0 0.82890625 0.12265625 0.07421875 0.0421875
0 0.82890625 0.084375 0.07734375 0.04765625
0 0.83125 0.04921875 0.078125 0.04921875
0 0.8296875 0.01875 0.0765625 0.0359375
0 0.7484375 0.0359375 0.0828125 0.04453125
0 0.7484375 0.07421875 0.084375 0.04921875
0 0.7484375 0.11171875 0.0828125 0.046875
0 0.7484375 0.15390625 0.08125 0.04765625
0 0.74921875 0.1890625 0.0796875 0.04453125
0 0.74921875 0.2234375 0.08125 0.04296875
0 0.746875 0.26328125 0.084375 0.040625
0 0.74609375 0.3 0.0828125 0.03671875
0 0.7453125 0.33671875 0.08125 0.03671875
0 0.74453125 0.37421875 0.0828125 0.0359375
0 0.7453125 0.4125 0.0859375 0.03671875
0 0.74453125 0.44921875 0.0796875 0.0359375
0 0.74453125 0.484375 0.0828125 0.0359375
0 0.74609375 0.521875 0.0828125 0.040625
0 0.6546875 0.5234375 0.08828125 0.03828125
0 0.65625 0.4859375 0.08515625 0.03671875
0 0.65703125 0.446875 0.084375 0.04453125
0 0.65625 0.41171875 0.08671875 0.040625
0 0.65703125 0.37265625 0.08984375 0.04296875
0 0.6578125 0.334375 0.08515625 0.040625
0 0.65625 0.29765625 0.08515625 0.04296875
0 0.65859375 0.25625 0.0875 0.0421875
0 0.65859375 0.21796875 0.0875 0.0453125
0 0.66015625 0.1765625 0.08984375 0.04765625
0 0.6609375 0.13671875 0.0875 0.05
0 0.65859375 0.09921875 0.0875 0.0453125
0 0.659375 0.0578125 0.0890625 0.05
0 0.6609375 0.0234375 0.0890625 0.04453125
0 0.56328125 0.52265625 0.0921875 0.04453125
0 0.56328125 0.48359375 0.090625 0.0390625
0 0.5625 0.44609375 0.0890625 0.03671875
0 0.56328125 0.4078125 0.0921875 0.04453125
0 0.56328125 0.36796875 0.09140625 0.046875
0 0.5640625 0.328125 0.09296875 0.04453125
0 0.56484375 0.28828125 0.09296875 0.05
0 0.56328125 0.246875 0.09453125 0.05
0 0.56171875 0.20703125 0.09296875 0.0453125
0 0.56328125 0.16796875 0.09453125 0.05
0 0.56328125 0.12890625 0.0953125 0.05234375
0 0.5640625 0.08671875 0.09453125 0.0515625
0 0.56484375 0.0453125 0.09453125 0.04921875
0 0.46015625 0.03046875 0.10234375 0.053125
0 0.459375 0.07578125 0.09921875 0.05390625
0 0.4609375 0.11796875 0.10078125 0.04765625
0 0.4625 0.15859375 0.10078125 0.04453125
0 0.46015625 0.1984375 0.1015625 0.04453125
0 0.46171875 0.24140625 0.1015625 0.04453125
0 0.4625 0.2828125 0.10078125 0.04140625
0 0.4625 0.3234375 0.10078125 0.0453125
0 0.4625 0.3640625 0.1 0.03671875
0 0.46640625 0.40625 0.1 0.04140625
0 0.46328125 0.4484375 0.1 0.04140625
0 0.46640625 0.48984375 0.096875 0.04296875
0 0.46640625 0.52890625 0.1 0.040625
0 0.85390625 0.80625 0.05546875 0.04921875
0 0.85234375 0.84140625 0.0578125 0.046875
0 0.8515625 0.87890625 0.059375 0.0453125
0 0.853125 0.915625 0.05625 0.05234375
0 0.853125 0.95234375 0.05625 0.05234375
0 0.8546875 0.9796875 0.059375 0.040625
0 0.79375 0.82265625 0.0609375 0.04609375
0 0.79140625 0.85625 0.06328125 0.04609375
0 0.790625 0.89453125 0.06171875 0.0484375
0 0.7921875 0.92890625 0.05859375 0.0484375
0 0.7921875 0.96640625 0.059375 0.05
0 0.7265625 0.82734375 0.07109375 0.04453125
0 0.72578125 0.86796875 0.06640625 0.046875
0 0.725 0.90625 0.0671875 0.0484375
0 0.7265625 0.94296875 0.06875 0.0515625
0 0.72578125 0.9765625 0.06640625 0.04609375
0 0.6578125 0.846875 0.06875 0.04453125
0 0.65625 0.878125 0.07109375 0.040625
0 0.6546875 0.91796875 0.06953125 0.0515625
0 0.6546875 0.96015625 0.07265625 0.05390625
0 0.58359375 0.85546875 0.078125 0.053125
0 0.58125 0.8953125 0.0765625 0.05625
0 0.57890625 0.93515625 0.0765625 0.05625
0 0.5796875 0.97265625 0.07578125 0.0546875
0 0.50234375 0.86953125 0.08046875 0.0515625
0 0.50234375 0.91015625 0.08046875 0.05703125
0 0.50078125 0.94765625 0.08046875 0.05703125
0 0.5015625 0.98046875 0.0828125 0.0390625
1 0.1859375 0.08671875 0.13125 0.1015625
1 0.0640625 0.07578125 0.115625 0.10625