0 0.14921875 0.72109375 0.19609375 0.06328125
0 0.1546875 0.78203125 0.2 0.0625
0 0.1546875 0.8421875 0.20078125 0.0578125
0 0.36484375 0.84375 0.2078125 0.06875
0 0.3625 0.7875 0.2046875 0.06640625
0 0.35703125 0.72734375 0.20625 0.06015625
0 0.38046875 0.65 0.18125 0.0578125
0 0.5953125 0.18203125 0.14921875 0.0953125
0 0.5921875 0.27421875 0.15 0.09375
0 0.5921875 0.3703125 0.14765625 0.09375
0 0.5921875 0.4640625 0.14921875 0.09140625
0 0.590625 0.5578125 0.14921875 0.08828125
0 0.590625 0.6515625 0.15 0.0890625
0 0.59140625 0.7421875 0.14765625 0.08828125
0 0.59140625 0.83203125 0.14375 0.09375
0 0.7375 0.83671875 0.14765625 0.09296875
0 0.7359375 0.7453125 0.14453125 0.09140625
0 0.7375 0.65390625 0.15 0.0953125
0 0.73984375 0.56328125 0.1515625 0.09609375
0 0.740625 0.4671875 0.146875 0.09375
0 0.740625 0.375 0.146875 0.0984375
0 0.74375 0.28203125 0.1453125 0.09296875
0 0.74453125 0.18515625 0.1453125 0.0890625
0 0.74296875 0.0921875 0.14765625 0.09765625
0 0.88984375 0.090625 0.146875 0.09609375
0 0.890625 0.1875 0.14921875 0.09375
0 0.8890625 0.27890625 0.14765625 0.0953125
0 0.88828125 0.375 0.14921875 0.09140625
0 0.8875 0.46796875 0.14921875 0.09609375
0 0.8859375 0.56171875 0.14453125 0.09296875
0 0.8859375 0.65625 0.14765625 0.09296875
0 0.8859375 0.74375 0.14375 0.0875
0 0.884375 0.8328125 0.14609375 0.0953125
1 0.40703125 0.56328125 0.06953125 0.06875
1 0.2859375 0.61328125 0.06875 0.05859375