0 0.43984375 0.51015625 0.096875 0.05390625
0 0.440625 0.54921875 0.09609375 0.05
0 0.44140625 0.58671875 0.096875 0.053125
0 0.440625 0.621875 0.09765625 0.05
0 0.43984375 0.659375 0.09453125 0.05
0 0.43828125 0.69375 0.09453125 0.05234375
0 0.4375 0.72890625 0.09296875 0.05234375
0 0.4390625 0.7609375 0.090625 0.05
0 0.43984375 0.796875 0.09453125 0.05390625
0 0.43828125 0.828125 0.0921875 0.05234375
0 0.43984375 0.8578125 0.08828125 0.046875
0 0.4390625 0.89140625 0.08671875 0.05
0 0.4390625 0.921875 0.0875 0.05
0 0.43984375 0.9515625 0.08828125 0.04765625
0 0.4390625 0.97734375 0.08515625 0.0453125
0 0.53671875 0.49453125 0.09296875 0.04296875
0 0.5375 0.53046875 0.09296875 0.04453125
0 0.53671875 0.5671875 0.08984375 0.05
0 0.53671875 0.60546875 0.09140625 0.04453125
0 0.53515625 0.6390625 0.09140625 0.04453125
0 0.534375 0.675 0.0890625 0.0421875
0 0.5328125 0.709375 0.09140625 0.04453125
0 0.53203125 0.74140625 0.08984375 0.0453125
0 0.53125 0.778125 0.084375 0.0421875
0 0.5296875 0.80859375 0.084375 0.04453125
0 0.5296875 0.84140625 0.084375 0.04453125
0 0.52890625 0.87421875 0.0875 0.04765625
0 0.52890625 0.9 0.084375 0.05
0 0.52734375 0.9296875 0.0859375 0.04453125
0 0.5265625 0.9578125 0.084375 0.04765625
0 0.52734375 0.98046875 0.0796875 0.0390625
0 0.63203125 0.4875 0.09296875 0.0453125
0 0.62734375 0.52421875 0.08828125 0.0453125
0 0.6265625 0.5578125 0.08828125 0.04453125
0 0.62578125 0.590625 0.08671875 0.0515625
0 0.62578125 0.6234375 0.0875 0.05234375
0 0.6234375 0.65625 0.0828125 0.046875
0 0.6234375 0.68984375 0.084375 0.05
0 0.6203125 0.725 0.084375 0.046875
0 0.61875 0.75546875 0.084375 0.04453125
0 0.615625 0.78828125 0.0828125 0.04765625
0 0.615625 0.81875 0.0828125 0.0515625
0 0.61328125 0.85390625 0.08125 0.04765625
0 0.6125 0.884375 0.0796875 0.04453125
0 0.6125 0.9125 0.078125 0.0421875
0 0.61015625 0.9390625 0.07578125 0.04296875
0 0.60859375 0.9640625 0.07734375 0.0453125
0 0.7171875 0.46796875 0.08125 0.046875
0 0.715625 0.5 0.08125 0.046875
0 0.71171875 0.5390625 0.08125 0.04296875
0 0.709375 0.56953125 0.0765625 0.0453125
0 0.70859375 0.60078125 0.075 0.0453125
0 0.70546875 0.63671875 0.0765625 0.046875
0 0.703125 0.6703125 0.078125 0.04453125
0 0.70390625 0.69921875 0.07578125 0.04921875
0 0.7 0.73203125 0.07734375 0.04765625
0 0.6984375 0.7625 0.0765625 0.04765625
0 0.6953125 0.79453125 0.0734375 0.05
0 0.69453125 0.82421875 0.0734375 0.04453125
0 0.690625 0.8578125 0.07421875 0.0453125
0 0.6890625 0.8890625 0.07265625 0.05
0 0.6875 0.9109375 0.07265625 0.04453125
0 0.6859375 0.934375 0.07109375 0.053125
0 0.684375 0.9640625 0.06953125 0.0453125
0 0.68671875 0.98203125 0.06953125 0.0359375
0 0.79140625 0.45078125 0.071875 0.04296875
0 0.78984375 0.48203125 0.07109375 0.0421875
0 0.7859375 0.51796875 0.07109375 0.04140625
0 0.784375 0.553125 0.07109375 0.04140625
0 0.7828125 0.5828125 0.06953125 0.04296875
0 0.7796875 0.6140625 0.0671875 0.03828125
0 0.77734375 0.646875 0.06796875 0.04453125
0 0.775 0.6765625 0.06953125 0.0421875
0 0.771875 0.70546875 0.06953125 0.046875
0 0.77109375 0.73828125 0.065625 0.04453125
0 0.76875 0.76640625 0.065625 0.04296875
0 0.765625 0.796875 0.06953125 0.05
0 0.76328125 0.82578125 0.06484375 0.04453125
0 0.75859375 0.85703125 0.0671875 0.04296875
0 0.75703125 0.8796875 0.0625 0.0515625
0 0.75546875 0.909375 0.0671875 0.04296875
0 0.75546875 0.93671875 0.0640625 0.046875
0 0.753125 0.9671875 0.06328125 0.0453125
0 0.90234375 0.44375 0.06875 0.0390625
0 0.9046875 0.47890625 0.06875 0.040625
0 0.9015625 0.51015625 0.06796875 0.0390625
0 0.90078125 0.53984375 0.0671875 0.0421875
0 0.89765625 0.5703125 0.06875 0.03828125
0 0.88984375 0.6 0.065625 0.0390625
0 0.88671875 0.6296875 0.06796875 0.040625
0 0.884375 0.65546875 0.06640625 0.03671875
0 0.88125 0.68828125 0.065625 0.0390625
0 0.87578125 0.7140625 0.065625 0.04140625
0 0.87265625 0.74296875 0.0640625 0.03828125
0 0.86875 0.77109375 0.06328125 0.040625
0 0.865625 0.796875 0.065625 0.0390625
0 0.8625 0.8234375 0.0640625 0.040625
0 0.86015625 0.85 0.06640625 0.04140625
0 0.85703125 0.875 0.06171875 0.03828125
0 0.85390625 0.89921875 0.06171875 0.0359375
0 0.85234375 0.9234375 0.06328125 0.0296875
0 0.85 0.95078125 0.065625 0.040625
0 0.8453125 0.9734375 0.0625 0.0390625
0 0.9078125 0.97734375 0.0609375 0.03359375
0 0.909375 0.95625 0.0609375 0.04140625
0 0.9109375 0.93203125 0.059375 0.03828125
0 0.915625 0.90703125 0.05703125 0.0375
0 0.91875 0.88125 0.05625 0.03125
0 0.921875 0.85859375 0.06015625 0.03671875
0 0.925 0.834375 0.06015625 0.0390625
0 0.928125 0.8078125 0.06171875 0.04296875
0 0.93125 0.78125 0.059375 0.03671875
0 0.9328125 0.75625 0.059375 0.03984375
0 0.9390625 0.72734375 0.059375 0.040625
0 0.94296875 0.70234375 0.05859375 0.04140625
0 0.94609375 0.67265625 0.06015625 0.04140625
0 0.95078125 0.64453125 0.06328125 0.0390625
0 0.95390625 0.6171875 0.0640625 0.03828125
0 0.95703125 0.58828125 0.06171875 0.0359375
0 0.9625 0.5609375 0.06171875 0.0359375
0 0.96640625 0.53125 0.0625 0.0390625
0 0.96796875 0.4984375 0.06171875 0.0359375
0 0.96953125 0.4703125 0.059375 0.03671875
0 0.9703125 0.4390625 0.059375 0.0375
0 0.965625 0.978125 0.05234375 0.040625
0 0.9671875 0.95703125 0.053125 0.03984375
0 0.96796875 0.934375 0.05390625 0.0390625
0 0.97109375 0.9109375 0.05234375 0.03828125
0 0.97109375 0.890625 0.0484375 0.03203125
0 0.975 0.865625 0.0484375 0.0359375
0 0.9765625 0.84140625 0.046875 0.0359375
0 0.97890625 0.81640625 0.04140625 0.03359375
0 0.9796875 0.79140625 0.040625 0.0359375
0 0.98359375 0.76796875 0.0328125 0.0296875
0 0.98359375 0.74140625 0.0328125 0.03203125
0 0.98515625 0.71484375 0.0296875 0.0296875
0 0.16640625 0.1734375 0.1390625 0.08203125
0 0.05 0.171875 0.0984375 0.0765625
0 0.15859375 0.096875 0.13984375 0.0734375
0 0.046875 0.09609375 0.09296875 0.0796875
0 0.0453125 0.0296875 0.0890625 0.05703125
0 0.1546875 0.03203125 0.140625 0.06328125
0 0.41015625 0.0265625 0.11875 0.05234375
0 0.4125 0.090625 0.12109375 0.0765625
0 0.415625 0.16328125 0.121875 0.071875
0 0.528125 0.03125 0.11015625 0.06171875
0 0.5265625 0.09453125 0.10859375 0.06640625
0 0.5265625 0.16796875 0.11328125 0.071875
0 0.634375 0.03125 0.10078125 0.0609375
0 0.6328125 0.09140625 0.10078125 0.06015625
0 0.6328125 0.16015625 0.1 0.06328125
0 0.72734375 0.16015625 0.0921875 0.0671875
0 0.73203125 0.0953125 0.096875 0.06484375
0 0.734375 0.034375 0.090625 0.0671875
0 0.825 0.03828125 0.0875 0.06328125
0 0.82109375 0.09921875 0.0921875 0.06484375
0 0.821875 0.15859375 0.09140625 0.06484375
1 0.20625 0.47421875 0.1390625 0.09375
1 0.203125 0.553125 0.12890625 0.084375
1 0.20625 0.62890625 0.13125 0.0921875
1 0.2125 0.690625 0.1265625 0.09140625