0 0.02109375 0.546875 0.04140625 0.053125
0 0.02109375 0.6 0.04140625 0.04453125
0 0.02109375 0.6421875 0.04140625 0.04765625
0 0.0203125 0.69453125 0.040625 0.05546875
0 0.02265625 0.74296875 0.04453125 0.053125
0 0.0234375 0.79296875 0.04609375 0.0421875
0 0.021875 0.8375 0.04296875 0.053125
0 0.0203125 0.88203125 0.03984375 0.06015625
0 0.07265625 0.5453125 0.059375 0.05234375
0 0.06953125 0.60078125 0.06328125 0.053125
0 0.07109375 0.65078125 0.06171875 0.05390625
0 0.07109375 0.7015625 0.06171875 0.05625
0 0.0734375 0.7515625 0.05625 0.05625
0 0.0734375 0.8 0.059375 0.0625
0 0.071875 0.84765625 0.0578125 0.05859375
0 0.06796875 0.8984375 0.0546875 0.06484375
0 0.14921875 0.54921875 0.0625 0.053125
0 0.1515625 0.6015625 0.06171875 0.06015625
0 0.15 0.65546875 0.0625 0.05546875
0 0.15078125 0.70234375 0.065625 0.05546875
0 0.15234375 0.75546875 0.06484375 0.06015625
0 0.1515625 0.81015625 0.06328125 0.06015625
0 0.15 0.8546875 0.0609375 0.05234375
0 0.15 0.91015625 0.06484375 0.06484375
0 0.21484375 0.35703125 0.078125 0.0625
0 0.215625 0.41484375 0.07734375 0.0609375
0 0.2171875 0.46875 0.07578125 0.06015625
0 0.21796875 0.52265625 0.075 0.05
0 0.2203125 0.57578125 0.07578125 0.05
0 0.21953125 0.6296875 0.0765625 0.05234375
0 0.22109375 0.68359375 0.0765625 0.05390625
0 0.2203125 0.73828125 0.078125 0.05
0 0.2203125 0.79296875 0.078125 0.0625
0 0.2203125 0.84375 0.0734375 0.06484375
0 0.2171875 0.8984375 0.07109375 0.06328125
0 0.22109375 0.9515625 0.0734375 0.0734375
0 0.296875 0.353125 0.084375 0.06484375
0 0.29609375 0.41171875 0.08515625 0.06484375
0 0.29765625 0.465625 0.0828125 0.0609375
0 0.29609375 0.5234375 0.0828125 0.05625
0 0.29921875 0.578125 0.084375 0.05234375
0 0.30078125 0.63359375 0.084375 0.06015625
0 0.3015625 0.6890625 0.0828125 0.0609375
0 0.30234375 0.74765625 0.084375 0.06640625
0 0.30234375 0.80390625 0.0828125 0.06484375
0 0.30234375 0.8578125 0.0828125 0.06875
0 0.3 0.91328125 0.0828125 0.0671875
0 0.29921875 0.965625 0.08125 0.06875
0 0.384375 0.3453125 0.09296875 0.06640625
0 0.3859375 0.403125 0.090625 0.06484375
0 0.384375 0.459375 0.09296875 0.06328125
0 0.38515625 0.5203125 0.09296875 0.06484375
0 0.3859375 0.58046875 0.0890625 0.05859375
0 0.3875 0.6390625 0.09140625 0.06015625
0 0.3890625 0.69921875 0.09296875 0.06484375
0 0.390625 0.76015625 0.0921875 0.07578125
0 0.3890625 0.81796875 0.0921875 0.071875
0 0.3890625 0.8765625 0.09296875 0.0734375
0 0.3875 0.934375 0.09453125 0.07734375
0 0.3859375 0.9765625 0.09453125 0.046875
0 0.4796875 0.33984375 0.0984375 0.06484375
0 0.4796875 0.4015625 0.09765625 0.06484375
0 0.48046875 0.4640625 0.10234375 0.06015625
0 0.4828125 0.5234375 0.0984375 0.05859375
0 0.48203125 0.58515625 0.10078125 0.05546875
0 0.484375 0.64453125 0.09921875 0.05390625
0 0.48515625 0.71015625 0.09921875 0.0765625
0 0.48671875 0.77109375 0.103125 0.07109375
0 0.48359375 0.83125 0.10078125 0.071875
0 0.4859375 0.8953125 0.10078125 0.07421875
0 0.48515625 0.953125 0.10078125 0.07109375
0 0.58671875 0.3296875 0.103125 0.0734375
0 0.58515625 0.39609375 0.1078125 0.0734375
0 0.58515625 0.46015625 0.10625 0.07109375
0 0.58515625 0.525 0.10625 0.06328125
0 0.5875 0.58984375 0.10625 0.0625
0 0.58828125 0.65546875 0.1078125 0.06015625
0 0.5921875 0.71875 0.1109375 0.071875
0 0.59296875 0.78359375 0.10625 0.07421875
0 0.59296875 0.84921875 0.10625 0.0765625
0 0.5921875 0.9125 0.1078125 0.0796875
0 0.59140625 0.96640625 0.1109375 0.06640625
0 0.8515625 0.43671875 0.13359375 0.0828125
0 0.8375 0.51484375 0.1390625 0.0828125
0 0.8375 0.5921875 0.1390625 0.0875
0 0.83828125 0.66796875 0.1390625 0.0890625
0 0.83671875 0.74296875 0.13984375 0.09296875
0 0.834375 0.81953125 0.1390625 0.1
0 0.83359375 0.8921875 0.13984375 0.0953125
0 0.828125 0.95625 0.1390625 0.0875
0 0.95859375 0.44921875 0.0828125 0.06640625
0 0.9546875 0.5171875 0.090625 0.07734375
0 0.95390625 0.59765625 0.0921875 0.08046875
0 0.953125 0.67734375 0.09375 0.0796875
0 0.953125 0.7546875 0.09375 0.0875
0 0.953125 0.8328125 0.09375 0.08671875
0 0.95234375 0.90859375 0.0953125 0.08671875
0 0.94921875 0.96953125 0.10078125 0.0609375