0 0.12265625 0.33203125 0.24453125 0.16328125
0 0.128125 0.46953125 0.24140625 0.15234375
0 0.13984375 0.59921875 0.228125 0.16171875
0 0.14453125 0.72109375 0.228125 0.16171875
0 0.15546875 0.84375 0.21953125 0.16640625
0 0.1578125 0.9296875 0.21953125 0.13984375
0 0.340625 0.31640625 0.2 0.13984375
0 0.34375 0.44296875 0.196875 0.14140625
0 0.346875 0.56171875 0.190625 0.14765625
0 0.3484375 0.6765625 0.1859375 0.15234375
0 0.35078125 0.78828125 0.1828125 0.15234375
0 0.35390625 0.89375 0.175 0.1578125
0 0.35625 0.9546875 0.17421875 0.090625
0 0.56796875 0.53515625 0.09453125 0.06875
0 0.56640625 0.59375 0.09296875 0.0765625
0 0.56328125 0.65 0.08984375 0.0734375
0 0.56015625 0.7078125 0.09296875 0.071875
0 0.55859375 0.76328125 0.090625 0.0765625
0 0.55625 0.81484375 0.0921875 0.0734375
0 0.55234375 0.86796875 0.090625 0.07421875
0 0.54765625 0.9171875 0.0890625 0.071875
0 0.54296875 0.95859375 0.08671875 0.0734375
0 0.54609375 0.9828125 0.0765625 0.03359375
0 0.6578125 0.52265625 0.0875 0.06953125
0 0.65390625 0.57734375 0.084375 0.06875
0 0.65234375 0.63359375 0.0859375 0.0734375
0 0.64921875 0.6859375 0.0859375 0.0734375
0 0.64375 0.740625 0.084375 0.07578125
0 0.640625 0.790625 0.0828125 0.0734375
0 0.63671875 0.8390625 0.08125 0.0734375
0 0.63203125 0.8859375 0.0796875 0.06875
0 0.6265625 0.92890625 0.08125 0.071875
0 0.62734375 0.96953125 0.07890625 0.0609375
0 0.7359375 0.50546875 0.08125 0.06953125
0 0.73359375 0.55703125 0.07890625 0.07109375
0 0.73046875 0.61171875 0.07578125 0.0734375
0 0.7265625 0.66171875 0.0765625 0.0671875
0 0.7234375 0.71484375 0.075 0.07578125
0 0.71796875 0.76328125 0.075 0.06640625
0 0.7140625 0.81015625 0.07421875 0.071875
0 0.71171875 0.85625 0.075 0.0671875
0 0.70625 0.90078125 0.0734375 0.06484375
0 0.7046875 0.94375 0.07265625 0.07109375
0 0.7046875 0.975 0.06875 0.05
0 0.8078125 0.48984375 0.07109375 0.06484375
0 0.8046875 0.540625 0.07109375 0.06953125
0 0.8 0.5921875 0.071875 0.0625
0 0.79765625 0.640625 0.071875 0.06328125
0 0.79375 0.690625 0.06953125 0.06484375
0 0.78984375 0.73828125 0.06953125 0.0625
0 0.784375 0.7828125 0.065625 0.05859375
0 0.7828125 0.8265625 0.06484375 0.06015625
0 0.77578125 0.86953125 0.0671875 0.0609375
0 0.7734375 0.9109375 0.0671875 0.06484375
0 0.7703125 0.95 0.0609375 0.0609375
0 0.87578125 0.48515625 0.06875 0.0578125
0 0.871875 0.53203125 0.0671875 0.05625
0 0.8671875 0.58125 0.06484375 0.0625
0 0.86171875 0.62734375 0.0671875 0.0625
0 0.85859375 0.6703125 0.06328125 0.06484375
0 0.85390625 0.71796875 0.06640625 0.06015625
0 0.85 0.76015625 0.06328125 0.0609375
0 0.846875 0.803125 0.06328125 0.0609375
0 0.8421875 0.84921875 0.06953125 0.0625
0 0.83828125 0.8875 0.06484375 0.06328125
0 0.834375 0.92890625 0.06171875 0.0578125
0 0.83046875 0.9625 0.0578125 0.05
0 0.9390625 0.93046875 0.04765625 0.06328125
0 0.9453125 0.8921875 0.04921875 0.0609375
0 0.94921875 0.84765625 0.04765625 0.05625
0 0.9515625 0.8109375 0.05 0.05625
0 0.95625 0.77265625 0.05078125 0.06015625
0 0.96328125 0.72421875 0.05234375 0.05546875
0 0.96953125 0.68125 0.05 0.0578125
0 0.9734375 0.63671875 0.0484375 0.053125
0 0.9734375 0.59375 0.0421875 0.0515625
0 0.978125 0.546875 0.0421875 0.05390625
0 0.98125 0.50234375 0.0375 0.0453125
0 0.9828125 0.453125 0.034375 0.06015625
0 0.98515625 0.40390625 0.0296875 0.04765625
0 0.9875 0.3546875 0.02421875 0.053125
0 0.98984375 0.30078125 0.0203125 0.0515625
0 0.98203125 0.90859375 0.0359375 0.0515625
0 0.98515625 0.8734375 0.0296875 0.04765625
0 0.98671875 0.84296875 0.0265625 0.04765625