0 0.028125 0.8125 0.05546875 0.046875
0 0.02578125 0.76796875 0.05 0.04453125
0 0.025 0.72265625 0.05 0.05078125
0 0.02421875 0.6734375 0.04765625 0.053125
0 0.02109375 0.62578125 0.0421875 0.04765625
0 0.01640625 0.57578125 0.03203125 0.05078125
0 0.01484375 0.5265625 0.0296875 0.05
0 0.17421875 0.80703125 0.07421875 0.0265625
0 0.1734375 0.7796875 0.07265625 0.028125
0 0.17265625 0.75078125 0.0734375 0.0296875
0 0.171875 0.71953125 0.07734375 0.03046875
0 0.171875 0.6890625 0.075 0.0296875
0 0.17109375 0.65859375 0.0765625 0.0328125
0 0.16875 0.62890625 0.07734375 0.03046875
0 0.16875 0.60078125 0.07734375 0.02734375
0 0.16796875 0.57109375 0.08046875 0.03828125
0 0.165625 0.5359375 0.07890625 0.03515625
0 0.1640625 0.50625 0.078125 0.0328125
0 0.16171875 0.471875 0.07890625 0.03125
0 0.1609375 0.44140625 0.0796875 0.03203125
0 0.1609375 0.4109375 0.08125 0.0375
0 0.159375 0.37578125 0.08203125 0.03671875
0 0.15859375 0.3421875 0.08125 0.0328125
0 0.1578125 0.31015625 0.08515625 0.0390625
0 0.15703125 0.278125 0.08671875 0.034375
0 0.15625 0.24140625 0.0875 0.03828125
0 0.15546875 0.20703125 0.08515625 0.0359375
0 0.15546875 0.17109375 0.08359375 0.034375
0 0.24375 0.1640625 0.08515625 0.0328125
0 0.24296875 0.2 0.0875 0.04140625
0 0.2453125 0.23671875 0.08671875 0.0359375
0 0.24453125 0.271875 0.08515625 0.0359375
0 0.24375 0.3078125 0.08515625 0.03515625
0 0.24375 0.34296875 0.084375 0.03515625
0 0.24453125 0.37578125 0.08515625 0.0328125
0 0.24375 0.40859375 0.084375 0.03359375
0 0.2453125 0.44140625 0.0828125 0.0328125
0 0.2453125 0.4734375 0.0828125 0.03203125
0 0.246875 0.50625 0.08125 0.03359375
0 0.246875 0.53671875 0.0796875 0.03203125
0 0.2484375 0.5703125 0.0796875 0.03046875
0 0.25 0.60078125 0.0796875 0.02734375
0 0.25078125 0.63046875 0.07890625 0.0296875
0 0.25078125 0.659375 0.08125 0.0296875
0 0.25 0.6921875 0.07734375 0.03203125
0 0.2515625 0.72265625 0.0765625 0.02734375
0 0.25078125 0.753125 0.07734375 0.0328125
0 0.25234375 0.78359375 0.0796875 0.02890625
0 0.25234375 0.8125 0.0765625 0.02734375
0 0.334375 0.81015625 0.0765625 0.0296875
0 0.33359375 0.78203125 0.078125 0.02890625
0 0.33203125 0.7515625 0.07890625 0.03125
0 0.33125 0.721875 0.078125 0.03046875
0 0.33203125 0.69140625 0.07890625 0.0296875
0 0.33125 0.66171875 0.07890625 0.03046875
0 0.33125 0.63203125 0.07890625 0.03125
0 0.33046875 0.59921875 0.07890625 0.0328125
0 0.33046875 0.56640625 0.08046875 0.03046875
0 0.3296875 0.53828125 0.0796875 0.03125
0 0.328125 0.50390625 0.08203125 0.034375
0 0.3296875 0.47109375 0.08203125 0.03046875
0 0.3296875 0.440625 0.08515625 0.03828125
0 0.32890625 0.4078125 0.084375 0.034375
0 0.33046875 0.37265625 0.08125 0.03515625
0 0.32890625 0.3390625 0.084375 0.0359375
0 0.33125 0.30546875 0.08359375 0.034375
0 0.33046875 0.271875 0.08515625 0.03203125
0 0.3296875 0.2375 0.084375 0.03359375
0 0.3296875 0.2015625 0.08671875 0.0375
0 0.33203125 0.16640625 0.08515625 0.03359375
0 0.421875 0.165625 0.08515625 0.0390625
0 0.4203125 0.20234375 0.08359375 0.03671875
0 0.4203125 0.2375 0.08359375 0.0359375
0 0.41875 0.26953125 0.08203125 0.04140625
0 0.41796875 0.30390625 0.08359375 0.0375
0 0.4171875 0.33671875 0.084375 0.034375
0 0.41640625 0.37109375 0.0828125 0.03203125
0 0.41640625 0.40234375 0.0828125 0.03828125
0 0.41484375 0.43828125 0.0828125 0.034375
0 0.41328125 0.4703125 0.08125 0.03125
0 0.4125 0.5 0.0828125 0.03515625
0 0.41328125 0.5328125 0.08125 0.03359375
0 0.4140625 0.56484375 0.08125 0.03515625
0 0.41484375 0.6 0.0828125 0.0296875
0 0.415625 0.6296875 0.08046875 0.0328125
0 0.41484375 0.6609375 0.08203125 0.03125
0 0.4140625 0.690625 0.08046875 0.03046875
0 0.4125 0.71875 0.0796875 0.03125
0 0.4140625 0.75078125 0.07890625 0.03125
0 0.4140625 0.78046875 0.08046875 0.03046875
0 0.415625 0.81015625 0.07890625 0.03046875
0 0.67734375 0.815625 0.08203125 0.0328125
0 0.6765625 0.7859375 0.08046875 0.034375
0 0.675 0.75546875 0.08046875 0.03203125
0 0.675 0.725 0.0796875 0.03203125
0 0.67734375 0.69375 0.0796875 0.03125
0 0.67734375 0.66328125 0.08125 0.03515625
0 0.678125 0.628125 0.08125 0.03671875
0 0.6796875 0.596875 0.08359375 0.03125
0 0.68046875 0.56328125 0.0828125 0.03359375
0 0.6796875 0.5328125 0.08359375 0.03203125
0 0.68046875 0.5 0.08203125 0.03359375
0 0.68125 0.46796875 0.0828125 0.0390625
0 0.68359375 0.43359375 0.08359375 0.03671875
0 0.68515625 0.4 0.08359375 0.034375
0 0.68671875 0.36875 0.08515625 0.03203125
0 0.6875 0.3296875 0.08828125 0.0375
0 0.68984375 0.29453125 0.08515625 0.0359375
0 0.69140625 0.2625 0.08671875 0.0359375
0 0.69375 0.2265625 0.08515625 0.0375
0 0.69453125 0.19140625 0.08515625 0.03671875
0 0.696875 0.153125 0.08671875 0.03984375
0 0.6984375 0.11640625 0.08671875 0.03984375
0 0.78828125 0.1203125 0.08671875 0.04140625
0 0.78515625 0.1578125 0.08359375 0.040625
0 0.784375 0.19453125 0.0875 0.03203125
0 0.78203125 0.22890625 0.08359375 0.03984375
0 0.78046875 0.2640625 0.08515625 0.03828125
0 0.7796875 0.296875 0.08671875 0.03828125
0 0.7765625 0.334375 0.08359375 0.04140625
0 0.77421875 0.37109375 0.0828125 0.0375
0 0.771875 0.403125 0.08515625 0.03671875
0 0.771875 0.4375 0.084375 0.034375
0 0.76875 0.46953125 0.08203125 0.03515625
0 0.7671875 0.503125 0.08203125 0.03203125
0 0.76796875 0.53671875 0.0828125 0.0359375
0 0.765625 0.5671875 0.07890625 0.0375
0 0.7671875 0.6 0.08515625 0.034375
0 0.7640625 0.63359375 0.08359375 0.0328125
0 0.7625 0.6640625 0.08203125 0.0328125
0 0.7609375 0.69609375 0.0796875 0.03203125
0 0.759375 0.72578125 0.08046875 0.03046875
0 0.759375 0.75625 0.07890625 0.0328125
0 0.759375 0.78671875 0.07890625 0.0328125
0 0.759375 0.8171875 0.07890625 0.03046875
0 0.84375 0.81796875 0.0828125 0.03203125
0 0.84296875 0.7890625 0.0828125 0.03046875
0 0.84296875 0.75859375 0.0828125 0.03203125
0 0.8453125 0.7265625 0.0828125 0.03046875
0 0.8453125 0.69765625 0.08359375 0.0328125
0 0.84609375 0.66328125 0.0828125 0.03359375
0 0.84921875 0.6296875 0.08203125 0.03359375
0 0.8515625 0.5984375 0.08125 0.0328125
0 0.8515625 0.56640625 0.08203125 0.0296875
0 0.853125 0.5359375 0.0828125 0.0375
0 0.85546875 0.5015625 0.08359375 0.03515625
0 0.85703125 0.46875 0.08515625 0.0359375
0 0.85859375 0.434375 0.084375 0.034375
0 0.86015625 0.40234375 0.084375 0.0296875
0 0.86328125 0.3671875 0.0828125 0.0359375
0 0.86484375 0.33359375 0.0828125 0.03984375
0 0.86640625 0.29921875 0.0828125 0.034375
0 0.86953125 0.265625 0.0828125 0.040625
0 0.871875 0.228125 0.08515625 0.03828125
0 0.87578125 0.19375 0.08671875 0.0390625
0 0.8765625 0.159375 0.08515625 0.03671875
0 0.878125 0.1203125 0.08671875 0.04140625
0 0.9609375 0.11953125 0.07734375 0.040625
0 0.96015625 0.15625 0.0796875 0.0375
0 0.959375 0.19296875 0.0796875 0.0328125
0 0.95546875 0.221875 0.0828125 0.03359375
0 0.95390625 0.259375 0.08515625 0.03671875
0 0.95078125 0.296875 0.0828125 0.0375
0 0.95078125 0.32890625 0.08671875 0.0328125
0 0.946875 0.365625 0.08203125 0.0375
0 0.94453125 0.40078125 0.0828125 0.034375
0 0.94453125 0.4328125 0.0859375 0.03359375
0 0.94296875 0.4640625 0.0828125 0.03046875
0 0.94140625 0.4984375 0.08359375 0.040625
0 0.93828125 0.53515625 0.07890625 0.03828125
0 0.9359375 0.56640625 0.07890625 0.03203125
0 0.93671875 0.59765625 0.08203125 0.03359375
0 0.93359375 0.63125 0.08359375 0.0375
0 0.93203125 0.66328125 0.08203125 0.03359375
0 0.92890625 0.69296875 0.08125 0.03203125
0 0.92734375 0.72578125 0.0828125 0.03046875
0 0.92734375 0.75625 0.0796875 0.0328125
0 0.92578125 0.7875 0.08125 0.03046875
0 0.92578125 0.8171875 0.08203125 0.0296875