0 0.05546875 0.13125 0.109375 0.09765625
0 0.05078125 0.040625 0.1 0.07890625
0 0.21328125 0.09375 0.0765625 0.15703125
0 0.28671875 0.0890625 0.084375 0.15703125
0 0.36875 0.0890625 0.0890625 0.171875
0 0.45703125 0.09140625 0.090625 0.171875
0 0.5515625 0.08828125 0.103125 0.1765625
0 0.76328125 0.15078125 0.11328125 0.07734375
0 0.76953125 0.07890625 0.115625 0.0765625
0 0.77265625 0.02109375 0.11640625 0.0421875
0 0.8921875 0.02421875 0.128125 0.04765625
0 0.884375 0.07734375 0.12734375 0.08046875
0 0.87734375 0.15 0.12265625 0.0765625
0 0.96796875 0.153125 0.0640625 0.0734375
0 0.971875 0.08125 0.05546875 0.084375
0 0.0734375 0.528125 0.04765625 0.046875
0 0.1203125 0.5421875 0.05234375 0.0453125
0 0.17109375 0.54609375 0.04921875 0.04453125
0 0.17265625 0.58828125 0.05546875 0.04453125
0 0.0234375 0.58671875 0.04609375 0.040625
0 0.0703125 0.59921875 0.0515625 0.04921875
0 0.121875 0.61328125 0.053125 0.05234375
0 0.1765625 0.63203125 0.0578125 0.04765625
0 0.025 0.6234375 0.04765625 0.04453125
0 0.0296875 0.6578125 0.04765625 0.04921875
0 0.034375 0.690625 0.0484375 0.04140625
0 0.0375 0.7234375 0.04453125 0.0453125
0 0.04140625 0.753125 0.0453125 0.04140625
0 0.046875 0.78828125 0.04453125 0.04765625
0 0.0484375 0.81875 0.04296875 0.0453125
0 0.053125 0.8515625 0.04296875 0.0453125
0 0.0734375 0.63515625 0.0515625 0.0453125
0 0.07890625 0.66953125 0.04921875 0.046875
0 0.08203125 0.70703125 0.04921875 0.046875
0 0.08515625 0.74140625 0.05078125 0.04296875
0 0.08984375 0.778125 0.0484375 0.040625
0 0.09296875 0.809375 0.0515625 0.0453125
0 0.09609375 0.83984375 0.05234375 0.046875
0 0.1 0.87109375 0.0515625 0.05
0 0.125 0.64921875 0.0515625 0.04765625
0 0.12890625 0.6875 0.05625 0.0515625
0 0.1328125 0.7234375 0.05078125 0.04921875
0 0.1375 0.75859375 0.05234375 0.0515625
0 0.1390625 0.7921875 0.0546875 0.05
0 0.14375 0.8265625 0.05078125 0.046875
0 0.146875 0.85859375 0.04609375 0.04765625
0 0.14921875 0.89140625 0.05078125 0.05390625
0 0.18046875 0.66875 0.0609375 0.05
0 0.1859375 0.7078125 0.05625 0.046875
0 0.18671875 0.74453125 0.05625 0.0515625
0 0.190625 0.78203125 0.0515625 0.04921875
0 0.19375 0.8171875 0.053125 0.04921875
0 0.196875 0.85 0.05625 0.04765625
0 0.20078125 0.884375 0.05390625 0.04765625
0 0.20078125 0.91796875 0.0578125 0.05234375
0 0.53828125 0.82734375 0.0609375 0.0453125
0 0.5375 0.853125 0.0578125 0.0453125
0 0.53671875 0.88203125 0.059375 0.04921875
0 0.53515625 0.9109375 0.0578125 0.0453125
0 0.534375 0.93828125 0.0609375 0.046875
0 0.53359375 0.96328125 0.059375 0.04296875
0 0.5328125 0.98359375 0.05625 0.03203125
0 0.478125 0.81171875 0.059375 0.04296875
0 0.47734375 0.83515625 0.059375 0.040625
0 0.47734375 0.86484375 0.059375 0.04296875
0 0.47578125 0.890625 0.05546875 0.0421875
0 0.47578125 0.91484375 0.0546875 0.0421875
0 0.47421875 0.94140625 0.05546875 0.04140625
0 0.475 0.96796875 0.05625 0.0421875
0 0.41875 0.79453125 0.05625 0.040625
0 0.41875 0.821875 0.05546875 0.040625
0 0.41953125 0.846875 0.05546875 0.04140625
0 0.41875 0.87265625 0.05546875 0.0421875
0 0.41875 0.8984375 0.05390625 0.04140625
0 0.41875 0.9234375 0.05390625 0.04296875
0 0.4203125 0.94765625 0.0515625 0.040625
0 0.4203125 0.96953125 0.053125 0.04140625
0 0.4203125 0.98515625 0.053125 0.0296875
0 0.3640625 0.7796875 0.05546875 0.04375
0 0.3640625 0.80625 0.05390625 0.04140625
0 0.36484375 0.8296875 0.05234375 0.0421875
0 0.36640625 0.853125 0.05078125 0.0390625
0 0.36640625 0.8765625 0.05 0.04296875
0 0.36875 0.90078125 0.04921875 0.04140625
0 0.36875 0.9234375 0.04921875 0.0484375
0 0.36953125 0.9484375 0.04765625 0.04140625
0 0.36875 0.9703125 0.0453125 0.04140625
0 0.36875 0.984375 0.04609375 0.03125