0 0.0375 0.51875 0.05859375 0.04375
0 0.03828125 0.4734375 0.05625 0.0484375
0 0.0375 0.4359375 0.05625 0.04609375
0 0.0359375 0.39375 0.053125 0.0484375
0 0.03515625 0.353125 0.05390625 0.04140625
0 0.03671875 0.30703125 0.05078125 0.04375
0 0.03671875 0.26328125 0.05234375 0.04140625
0 0.03515625 0.21953125 0.0484375 0.04140625
0 0.0328125 0.18046875 0.0453125 0.0484375
0 0.0328125 0.1328125 0.0453125 0.05078125
0 0.03125 0.08671875 0.0421875 0.05078125
0 0.03046875 0.04453125 0.0453125 0.05078125
0 0.08125 0.03203125 0.059375 0.05625
0 0.08359375 0.07734375 0.05625 0.05234375
0 0.08515625 0.12109375 0.053125 0.05546875
0 0.084375 0.1703125 0.05390625 0.053125
0 0.08671875 0.2140625 0.0546875 0.05234375
0 0.0875 0.26015625 0.0515625 0.0453125
0 0.08671875 0.30625 0.0484375 0.04609375
0 0.0875 0.35078125 0.04921875 0.046875
0 0.0875 0.39375 0.046875 0.0421875
0 0.090625 0.4375 0.05 0.04296875
0 0.0921875 0.48046875 0.05 0.03984375
0 0.09296875 0.5234375 0.0484375 0.05390625
0 0.14140625 0.02421875 0.05859375 0.04765625
0 0.14375 0.06796875 0.0625 0.05234375
0 0.14296875 0.11328125 0.06015625 0.06171875
0 0.1421875 0.16171875 0.059375 0.05078125
0 0.14375 0.20625 0.059375 0.05625
0 0.14140625 0.253125 0.06171875 0.05
0 0.1421875 0.30234375 0.059375 0.04765625
0 0.1421875 0.346875 0.06015625 0.046875
0 0.1421875 0.39609375 0.0609375 0.04140625
0 0.14375 0.4375 0.059375 0.04140625
0 0.14296875 0.48203125 0.05546875 0.04453125
0 0.146875 0.52578125 0.059375 0.05390625
0 0.35390625 0.39453125 0.07109375 0.053125
0 0.35390625 0.446875 0.071875 0.04921875
0 0.35390625 0.49609375 0.0703125 0.04921875
0 0.3546875 0.5453125 0.07109375 0.05078125
0 0.428125 0.3953125 0.07890625 0.05390625
0 0.42890625 0.45078125 0.07890625 0.05390625
0 0.428125 0.5015625 0.07734375 0.0515625
0 0.42734375 0.553125 0.0734375 0.0546875
0 0.51015625 0.33828125 0.08515625 0.053125
0 0.5109375 0.39453125 0.08515625 0.05703125
0 0.509375 0.45 0.08125 0.053125
0 0.5078125 0.5046875 0.0875 0.05625
0 0.50859375 0.5625 0.08671875 0.05546875
0 0.60078125 0.33515625 0.09453125 0.065625
0 0.5984375 0.4 0.09453125 0.05625
0 0.59765625 0.453125 0.09140625 0.053125
0 0.59609375 0.50625 0.09296875 0.05859375
0 0.5953125 0.56484375 0.08984375 0.059375
0 0.04921875 0.8296875 0.0578125 0.06015625
0 0.0515625 0.87109375 0.05703125 0.05859375
0 0.09921875 0.846875 0.0515625 0.0546875
0 0.1015625 0.8875 0.0484375 0.053125
0 0.146875 0.85859375 0.0453125 0.05390625
0 0.19375 0.8765625 0.053125 0.05234375
0 0.196875 0.915625 0.053125 0.05625
0 0.146875 0.90078125 0.0484375 0.0609375
0 0.14453125 0.9375 0.05 0.059375
0 0.1 0.9234375 0.04609375 0.05390625
0 0.196875 0.95625 0.05 0.05390625
0 0.8265625 0.01640625 0.1171875 0.03203125
0 0.82421875 0.0453125 0.11796875 0.06328125
0 0.821875 0.0890625 0.115625 0.05625
0 0.81953125 0.13125 0.1140625 0.06171875
0 0.8203125 0.17421875 0.1125 0.05390625
0 0.81796875 0.2171875 0.1140625 0.0515625
0 0.8171875 0.26015625 0.115625 0.046875
0 0.81484375 0.30390625 0.1125 0.04375
0 0.81484375 0.34140625 0.1109375 0.04140625
0 0.8140625 0.3828125 0.1125 0.04140625
0 0.8125 0.425 0.1125 0.04375
0 0.81171875 0.46640625 0.1109375 0.04296875
0 0.80859375 0.50703125 0.1078125 0.04140625
0 0.8109375 0.54765625 0.10859375 0.04609375
0 0.81171875 0.58828125 0.1046875 0.04921875
0 0.94296875 0.025 0.1140625 0.04921875
0 0.94140625 0.0703125 0.1171875 0.059375
0 0.93984375 0.11875 0.1203125 0.05546875
0 0.93984375 0.159375 0.1203125 0.05703125
0 0.940625 0.2078125 0.11875 0.053125
0 0.9390625 0.2515625 0.121875 0.046875
0 0.9359375 0.2953125 0.125 0.0484375
0 0.9359375 0.33828125 0.12578125 0.04453125
0 0.934375 0.3859375 0.125 0.04296875
0 0.93359375 0.42890625 0.12109375 0.04453125
0 0.93203125 0.47265625 0.1203125 0.0484375
0 0.93046875 0.51484375 0.12109375 0.0453125
0 0.93046875 0.55859375 0.11953125 0.046875
0 0.9296875 0.60078125 0.11640625 0.0515625
0 0.446875 0.34609375 0.0375 0.040625
1 0.52421875 0.80859375 0.13359375 0.1296875
1 0.63046875 0.84140625 0.08671875 0.11328125
1 0.6765625 0.18203125 0.0984375 0.08515625
1 0.67578125 0.2609375 0.103125 0.07265625