0 0.81796875 0.63359375 0.08125 0.04140625
0 0.7421875 0.63984375 0.07421875 0.034375
0 0.8421875 0.73125 0.08828125 0.0515625
0 0.83515625 0.77578125 0.08984375 0.040625
0 0.83125 0.821875 0.0890625 0.040625
0 0.825 0.8609375 0.08671875 0.034375
0 0.81796875 0.9015625 0.08515625 0.03671875
0 0.8109375 0.94140625 0.0828125 0.04296875
0 0.80703125 0.98203125 0.084375 0.0359375
0 0.7546875 0.73671875 0.0859375 0.0390625
0 0.75 0.778125 0.08515625 0.03828125
0 0.74453125 0.821875 0.08125 0.04296875
0 0.73984375 0.8625 0.084375 0.0421875
0 0.73515625 0.90390625 0.08671875 0.0421875
0 0.72890625 0.940625 0.084375 0.034375
0 0.7265625 0.97890625 0.0828125 0.03359375
0 0.671875 0.69296875 0.08984375 0.04453125
0 0.66640625 0.7375 0.09140625 0.0390625
0 0.6640625 0.7796875 0.0859375 0.0421875
0 0.6609375 0.82265625 0.084375 0.040625
0 0.65546875 0.8625 0.084375 0.0390625
0 0.65078125 0.9 0.08515625 0.0359375
0 0.646875 0.9359375 0.0828125 0.03359375
0 0.64609375 0.97265625 0.08515625 0.03125
0 0.5859375 0.6828125 0.090625 0.04921875
0 0.58125 0.7296875 0.0828125 0.0390625
0 0.57890625 0.77109375 0.0828125 0.04453125
0 0.5765625 0.8140625 0.0796875 0.04765625
0 0.57265625 0.85859375 0.084375 0.04453125
0 0.56953125 0.8984375 0.0765625 0.0390625
0 0.5671875 0.93828125 0.07734375 0.04296875
0 0.5640625 0.97421875 0.075 0.03359375
0 0.4140625 0.665625 0.09296875 0.0515625
0 0.41484375 0.7171875 0.09296875 0.05234375
0 0.41484375 0.7640625 0.08984375 0.046875
0 0.41484375 0.8109375 0.09140625 0.046875
0 0.41640625 0.85625 0.08984375 0.04921875
0 0.4171875 0.9 0.0890625 0.0421875
0 0.42109375 0.94140625 0.0859375 0.040625
0 0.4234375 0.98203125 0.084375 0.0359375
0 0.3203125 0.6703125 0.09453125 0.0515625
0 0.3234375 0.7171875 0.09296875 0.04765625
0 0.325 0.7640625 0.09453125 0.05
0 0.3265625 0.8109375 0.090625 0.04765625
0 0.32734375 0.85625 0.0890625 0.04765625
0 0.3296875 0.90390625 0.08828125 0.04453125
0 0.3328125 0.94765625 0.0859375 0.0421875
0 0.33671875 0.984375 0.08671875 0.03125
0 0.2265625 0.6640625 0.09453125 0.04453125
0 0.2296875 0.7109375 0.09453125 0.0453125
0 0.2328125 0.759375 0.09140625 0.05
0 0.23359375 0.809375 0.08984375 0.04453125
0 0.23671875 0.85625 0.09296875 0.04296875
0 0.2421875 0.9015625 0.0875 0.040625
0 0.246875 0.94453125 0.08515625 0.04140625
0 0.2484375 0.984375 0.08828125 0.03125
0 0.1328125 0.665625 0.1 0.05546875
0 0.13515625 0.71640625 0.096875 0.0515625
0 0.140625 0.76484375 0.09453125 0.046875
0 0.14296875 0.81015625 0.09453125 0.0453125
0 0.1453125 0.85859375 0.09765625 0.05
0 0.15234375 0.90390625 0.0921875 0.04453125
0 0.15703125 0.94765625 0.09453125 0.04453125
0 0.16015625 0.98359375 0.09140625 0.03203125
0 0.0421875 0.66640625 0.084375 0.0578125
0 0.04609375 0.71875 0.0921875 0.053125
0 0.04765625 0.7671875 0.0953125 0.0421875
0 0.04921875 0.81171875 0.096875 0.04765625
0 0.053125 0.8609375 0.0984375 0.0453125
0 0.0625 0.9046875 0.09296875 0.04453125
0 0.06484375 0.9484375 0.096875 0.0453125
0 0.071875 0.98515625 0.08984375 0.0296875
0 0.346875 0.0640625 0.17265625 0.11328125
0 0.16953125 0.0640625 0.18125 0.115625
0 0.04296875 0.06328125 0.08515625 0.10859375
0 0.61875 0.075 0.25078125 0.06484375
0 0.8734375 0.078125 0.24296875 0.07109375
0 0.87734375 0.02109375 0.24453125 0.04140625
0 0.62578125 0.01875 0.25703125 0.03671875