0 0.0703125 0.05390625 0.09609375 0.06640625
0 0.16484375 0.0546875 0.09609375 0.0671875
0 0.25859375 0.06171875 0.096875 0.06953125
0 0.35 0.0625 0.0921875 0.0671875
0 0.43828125 0.06875 0.0890625 0.06484375
0 0.06875 0.115625 0.1 0.05625
0 0.1625 0.115625 0.09453125 0.05546875
0 0.25625 0.12109375 0.09453125 0.05625
0 0.35 0.1234375 0.09296875 0.0578125
0 0.4390625 0.12734375 0.08828125 0.05859375
0 0.06875 0.16953125 0.09453125 0.0609375
0 0.1625 0.171875 0.09296875 0.05859375
0 0.25625 0.178125 0.0921875 0.05859375
0 0.34921875 0.18046875 0.09296875 0.05859375
0 0.4390625 0.1859375 0.08828125 0.06015625
0 0.06796875 0.23125 0.09296875 0.0578125
0 0.1625 0.23125 0.09296875 0.0578125
0 0.25625 0.23671875 0.09453125 0.05546875
0 0.34921875 0.2390625 0.08984375 0.05625
0 0.43671875 0.2421875 0.0921875 0.053125
0 0.0671875 0.290625 0.09453125 0.06015625
0 0.1609375 0.29140625 0.0953125 0.0609375
0 0.25625 0.29375 0.09453125 0.05625
0 0.3484375 0.2953125 0.09296875 0.05390625
0 0.4375 0.29765625 0.090625 0.0609375
0 0.0671875 0.3484375 0.096875 0.05625
0 0.16171875 0.35 0.09453125 0.06015625
0 0.25625 0.353125 0.09453125 0.0609375
0 0.35 0.35234375 0.09140625 0.05859375
0 0.4390625 0.3546875 0.0875 0.0578125
0 0.06875 0.40859375 0.09296875 0.05625
0 0.1640625 0.40703125 0.096875 0.05546875
0 0.25625 0.40859375 0.096875 0.05546875
0 0.35078125 0.4109375 0.09453125 0.05390625
0 0.43984375 0.41171875 0.090625 0.05625
0 0.071875 0.46640625 0.09296875 0.05625
0 0.165625 0.46171875 0.096875 0.05546875
0 0.259375 0.46484375 0.09609375 0.05390625
0 0.35234375 0.46796875 0.09453125 0.05625
0 0.4421875 0.46796875 0.08828125 0.05625
0 0.071875 0.52265625 0.0921875 0.05546875
0 0.16640625 0.521875 0.096875 0.06640625
0 0.26015625 0.5234375 0.096875 0.06484375
0 0.35390625 0.5265625 0.09453125 0.06015625
0 0.44296875 0.528125 0.090625 0.0609375
0 0.075 0.58203125 0.09453125 0.06328125
0 0.16796875 0.58203125 0.096875 0.0625
0 0.2625 0.58515625 0.0921875 0.05859375
0 0.35390625 0.58515625 0.09296875 0.05546875
0 0.44375 0.58671875 0.0890625 0.0578125
0 0.07578125 0.64453125 0.0953125 0.06328125
0 0.1703125 0.6453125 0.096875 0.05625
0 0.26328125 0.64296875 0.09765625 0.06015625
0 0.35390625 0.64140625 0.09140625 0.05546875
0 0.44375 0.6421875 0.09296875 0.05390625
0 0.6046875 0.1234375 0.090625 0.06328125
0 0.60703125 0.18125 0.08984375 0.05859375
0 0.60703125 0.23359375 0.08984375 0.05859375
0 0.60546875 0.28984375 0.09140625 0.06015625
0 0.60859375 0.346875 0.0921875 0.06015625
0 0.60859375 0.40234375 0.0921875 0.05859375
0 0.60859375 0.4609375 0.09140625 0.05625
0 0.6046875 0.51796875 0.0953125 0.05546875
0 0.60546875 0.5765625 0.09453125 0.05546875
0 0.60546875 0.6296875 0.09296875 0.0625
0 0.6859375 0.1578125 0.07109375 0.05546875
0 0.759375 0.1578125 0.08125 0.053125
0 0.83984375 0.15859375 0.07890625 0.0515625
0 0.6859375 0.2109375 0.06796875 0.04921875
0 0.76015625 0.2109375 0.0796875 0.04921875
0 0.83984375 0.21171875 0.07734375 0.04921875
0 0.68671875 0.259375 0.06953125 0.04921875
0 0.759375 0.26015625 0.07890625 0.04765625
0 0.8390625 0.2609375 0.0796875 0.04921875
0 0.68671875 0.31015625 0.06953125 0.053125
0 0.76015625 0.309375 0.0796875 0.05
0 0.83984375 0.3109375 0.07890625 0.05234375
0 0.6875 0.36328125 0.0671875 0.0578125
0 0.7625 0.3609375 0.0828125 0.05546875
0 0.84140625 0.35859375 0.0796875 0.0515625
0 0.6890625 0.4140625 0.07109375 0.0515625
0 0.7640625 0.41171875 0.0828125 0.05234375
0 0.68828125 0.4640625 0.07109375 0.05390625
0 0.7640625 0.465625 0.0828125 0.0515625
0 0.68828125 0.5171875 0.06953125 0.05546875
0 0.68671875 0.571875 0.06953125 0.05234375
0 0.6859375 0.621875 0.071875 0.05
0 0.76484375 0.515625 0.08125 0.05390625
0 0.7640625 0.56953125 0.0796875 0.05390625
0 0.7640625 0.6203125 0.078125 0.0515625
0 0.8875 0.39921875 0.08984375 0.0578125
0 0.8921875 0.45859375 0.08828125 0.05390625
0 0.88984375 0.515625 0.0890625 0.05390625
0 0.8890625 0.571875 0.08828125 0.05234375
0 0.8921875 0.6296875 0.09140625 0.06484375
0 0.95546875 0.1296875 0.08828125 0.06015625
0 0.95625 0.184375 0.0875 0.0515625
0 0.9578125 0.2390625 0.084375 0.05546875
0 0.96015625 0.29375 0.0796875 0.0609375
0 0.96171875 0.3515625 0.0765625 0.053125
0 0.965625 0.4046875 0.06875 0.0578125
0 0.9671875 0.46015625 0.065625 0.05546875
0 0.96640625 0.51484375 0.0671875 0.06015625
0 0.965625 0.56953125 0.06875 0.0546875
0 0.96796875 0.625 0.06328125 0.06015625