0 0.9265625 0.12265625 0.1453125 0.1390625
0 0.9265625 0.2546875 0.146875 0.1328125
0 0.925 0.37578125 0.15 0.1203125
0 0.925 0.49453125 0.15 0.1171875
0 0.9234375 0.61484375 0.153125 0.12578125
0 0.92421875 0.73125 0.1515625 0.1328125
0 0.92109375 0.846875 0.15625 0.146875
0 0.91953125 0.93984375 0.1609375 0.1203125
0 0.75859375 0.140625 0.190625 0.14140625
0 0.75859375 0.25703125 0.18828125 0.128125
0 0.759375 0.371875 0.1859375 0.115625
0 0.7578125 0.49140625 0.1828125 0.11953125
0 0.7578125 0.60078125 0.1828125 0.1265625
0 0.75625 0.71015625 0.18125 0.13125
0 0.753125 0.815625 0.18046875 0.13515625
0 0.753125 0.9171875 0.17265625 0.13671875
0 0.75078125 0.9734375 0.1734375 0.053125
0 0.54453125 0.378125 0.09453125 0.0625
0 0.54375 0.4375 0.08984375 0.0625
0 0.5453125 0.50234375 0.0953125 0.0625
0 0.5484375 0.5578125 0.09296875 0.0609375
0 0.5484375 0.61484375 0.09296875 0.0625
0 0.55 0.66796875 0.09296875 0.05859375
0 0.553125 0.721875 0.09296875 0.06484375
0 0.5546875 0.77734375 0.090625 0.06015625
0 0.5578125 0.828125 0.08828125 0.06484375
0 0.559375 0.87734375 0.0921875 0.0671875
0 0.55625 0.9296875 0.0890625 0.06953125
0 0.55625 0.9734375 0.0859375 0.053125
0 0.471875 0.95625 0.08125 0.06875
0 0.46875 0.9078125 0.08125 0.06484375
0 0.471875 0.859375 0.084375 0.06640625
0 0.4703125 0.81171875 0.0828125 0.06484375
0 0.46640625 0.7625 0.084375 0.06484375
0 0.4640625 0.7125 0.084375 0.0609375
0 0.4609375 0.6609375 0.08515625 0.06640625
0 0.45859375 0.60625 0.0828125 0.0578125
0 0.45859375 0.5515625 0.084375 0.05859375
0 0.45625 0.4984375 0.08515625 0.05859375
0 0.45546875 0.4421875 0.08828125 0.0625
0 0.4546875 0.384375 0.0859375 0.06015625
0 0.37109375 0.38125 0.0796875 0.053125
0 0.371875 0.43671875 0.0796875 0.05859375
0 0.3734375 0.490625 0.0796875 0.05546875
0 0.37421875 0.5421875 0.07734375 0.05625
0 0.375 0.59375 0.075 0.05859375
0 0.3796875 0.6453125 0.07734375 0.06015625
0 0.38203125 0.69453125 0.07734375 0.06015625
0 0.3828125 0.74609375 0.0796875 0.05625
0 0.384375 0.79375 0.08125 0.0578125
0 0.3875 0.84140625 0.08125 0.06484375
0 0.3890625 0.8890625 0.07734375 0.0578125
0 0.38984375 0.934375 0.08125 0.06484375
0 0.29765625 0.38203125 0.07109375 0.05390625
0 0.29765625 0.4375 0.07109375 0.05625
0 0.2984375 0.4875 0.06953125 0.053125
0 0.3 0.5375 0.071875 0.05
0 0.303125 0.58671875 0.07109375 0.05390625
0 0.30546875 0.6359375 0.07265625 0.0578125
0 0.30703125 0.6796875 0.071875 0.0578125
0 0.30859375 0.73203125 0.07109375 0.05859375
0 0.3109375 0.7765625 0.071875 0.0578125
0 0.31484375 0.82265625 0.06796875 0.05859375
0 0.3140625 0.86640625 0.06875 0.06484375
0 0.3171875 0.915625 0.071875 0.0609375
0 0.225 0.3890625 0.06875 0.04765625
0 0.22734375 0.43671875 0.06875 0.05
0 0.23203125 0.4875 0.0671875 0.05234375
0 0.23359375 0.53359375 0.0640625 0.0515625
0 0.23515625 0.5796875 0.06484375 0.053125
0 0.2359375 0.62734375 0.065625 0.05859375
0 0.23671875 0.67265625 0.06484375 0.05390625
0 0.23671875 0.7171875 0.0671875 0.05859375
0 0.240625 0.76328125 0.06796875 0.05390625
0 0.24375 0.80703125 0.0640625 0.05859375
0 0.24375 0.8515625 0.06328125 0.0578125
0 0.2484375 0.89453125 0.065625 0.0578125
0 0.103125 0.221875 0.05546875 0.05625
0 0.10546875 0.2734375 0.05 0.05390625
0 0.10703125 0.321875 0.0484375 0.05234375
0 0.10859375 0.36640625 0.05 0.05
0 0.11015625 0.4140625 0.05078125 0.046875
0 0.11171875 0.46171875 0.05 0.046875
0 0.11171875 0.5109375 0.0546875 0.04921875
0 0.1140625 0.55859375 0.05546875 0.05
0 0.115625 0.60546875 0.0578125 0.05390625
0 0.11875 0.6515625 0.0546875 0.0515625
0 0.1203125 0.6921875 0.0546875 0.0515625
0 0.1234375 0.74140625 0.05234375 0.04921875
0 0.125 0.784375 0.053125 0.0578125
0 0.12578125 0.82578125 0.053125 0.06015625
0 0.128125 0.86875 0.0515625 0.0578125
0 0.04765625 0.228125 0.053125 0.0515625
0 0.05078125 0.2765625 0.05234375 0.0515625
0 0.0546875 0.3265625 0.04765625 0.04765625
0 0.0578125 0.37109375 0.04609375 0.04765625
0 0.05859375 0.415625 0.04765625 0.04453125
0 0.06171875 0.46171875 0.05 0.04453125
0 0.0625 0.50703125 0.04921875 0.0421875
0 0.06171875 0.553125 0.0484375 0.04296875
0 0.0640625 0.5984375 0.05390625 0.05546875
0 0.06796875 0.64765625 0.05 0.04453125
0 0.07109375 0.69140625 0.05078125 0.04765625
0 0.07265625 0.73125 0.053125 0.053125
0 0.075 0.77109375 0.05078125 0.05234375
0 0.075 0.815625 0.05078125 0.06015625
0 0.075 0.853125 0.0515625 0.0515625
0 0.0296875 0.8375 0.04609375 0.053125
0 0.02890625 0.8 0.04921875 0.04765625
0 0.02734375 0.76015625 0.0453125 0.053125
0 0.0265625 0.71875 0.04296875 0.05234375
0 0.021875 0.67578125 0.04375 0.05234375
0 0.021875 0.63828125 0.04296875 0.0515625
0 0.0203125 0.590625 0.03984375 0.053125
0 0.01953125 0.5484375 0.0390625 0.05390625
0 0.0203125 0.50546875 0.0359375 0.05
0 0.01796875 0.46171875 0.0359375 0.04921875
0 0.01640625 0.415625 0.0328125 0.04921875
0 0.01640625 0.371875 0.0328125 0.046875
0 0.0171875 0.3328125 0.03359375 0.0515625
0 0.01171875 0.28125 0.0234375 0.046875
0 0.01171875 0.2359375 0.02265625 0.04765625