0 0.02578125 0.2953125 0.0515625 0.0671875
0 0.02578125 0.3609375 0.0515625 0.071875
0 0.02578125 0.42890625 0.0515625 0.06640625
0 0.02578125 0.49140625 0.05 0.0734375
0 0.109375 0.49375 0.10859375 0.0671875
0 0.109375 0.4296875 0.1109375 0.06875
0 0.1109375 0.3609375 0.11015625 0.06640625
0 0.10859375 0.29609375 0.1125 0.0671875
0 0.21953125 0.23828125 0.11171875 0.0671875
0 0.221875 0.3015625 0.10859375 0.05859375
0 0.22265625 0.3640625 0.10859375 0.0671875
0 0.2203125 0.43046875 0.1078125 0.06875
0 0.21875 0.49375 0.10625 0.06640625
0 0.32734375 0.4890625 0.103125 0.05390625
0 0.3265625 0.42734375 0.1015625 0.06640625
0 0.325 0.36484375 0.1015625 0.0609375
0 0.3265625 0.30546875 0.1015625 0.06484375
0 0.32890625 0.23828125 0.103125 0.06328125
0 0.74453125 0.95859375 0.27421875 0.0828125
0 0.53671875 0.48828125 0.09453125 0.03828125
0 0.5359375 0.45 0.09375 0.0390625
0 0.5328125 0.4125 0.09296875 0.0359375
0 0.534375 0.375 0.09140625 0.03203125
0 0.53671875 0.3375 0.09140625 0.03828125
0 0.5359375 0.3 0.090625 0.03515625
0 0.5375 0.2640625 0.09296875 0.0375
0 0.53984375 0.22265625 0.09296875 0.03671875
0 0.53984375 0.18203125 0.09296875 0.0390625
0 0.540625 0.14453125 0.09296875 0.03984375
0 0.5421875 0.10546875 0.09453125 0.03984375
0 0.54140625 0.065625 0.09375 0.04453125
0 0.54375 0.02578125 0.0921875 0.04296875
0 0.6390625 0.0328125 0.0875 0.04453125
0 0.6390625 0.07265625 0.0875 0.04453125
0 0.6359375 0.10859375 0.0859375 0.0421875
0 0.63515625 0.14921875 0.0890625 0.04609375
0 0.63515625 0.190625 0.0875 0.0390625
0 0.63359375 0.22578125 0.0890625 0.04140625
0 0.63515625 0.26484375 0.0890625 0.04140625
0 0.63203125 0.30234375 0.08671875 0.03828125
0 0.63359375 0.3390625 0.0875 0.03828125
0 0.6328125 0.37890625 0.08671875 0.0390625
0 0.63359375 0.41640625 0.0890625 0.0390625
0 0.63125 0.45234375 0.0875 0.0328125
0 0.6296875 0.4875 0.090625 0.0359375
0 0.72890625 0.48828125 0.08203125 0.04140625
0 0.7265625 0.453125 0.0828125 0.03359375
0 0.721875 0.4171875 0.0859375 0.03984375
0 0.7203125 0.378125 0.08671875 0.03828125
0 0.72265625 0.34140625 0.08515625 0.03828125
0 0.721875 0.30625 0.0859375 0.034375
0 0.7234375 0.26796875 0.08515625 0.0375
0 0.725 0.2328125 0.0859375 0.03203125
0 0.72421875 0.19609375 0.08671875 0.0375
0 0.72734375 0.15546875 0.084375 0.03984375
0 0.728125 0.11796875 0.0859375 0.040625
0 0.7296875 0.08203125 0.08671875 0.04140625
0 0.72890625 0.040625 0.084375 0.0421875
0 0.81796875 0.0453125 0.08125 0.04296875
0 0.81796875 0.0140625 0.08046875 0.02734375
0 0.81796875 0.0796875 0.08046875 0.04140625
0 0.8171875 0.1203125 0.08125 0.04140625
0 0.81640625 0.15625 0.08125 0.03984375
0 0.8140625 0.1921875 0.08125 0.03984375
0 0.8125 0.23125 0.0796875 0.03984375
0 0.8109375 0.26640625 0.08046875 0.03671875
0 0.81015625 0.30234375 0.08125 0.0375
0 0.809375 0.3390625 0.08046875 0.03671875
0 0.80859375 0.375 0.08203125 0.03203125
0 0.81015625 0.41171875 0.0828125 0.03515625
0 0.81328125 0.446875 0.08125 0.0296875
0 0.81640625 0.48203125 0.08359375 0.0375
0 0.89609375 0.4796875 0.07890625 0.03828125
0 0.8953125 0.44296875 0.0796875 0.03359375
0 0.89375 0.4078125 0.0796875 0.03984375
0 0.89140625 0.37421875 0.07890625 0.0359375
0 0.89140625 0.3390625 0.0796875 0.03125
0 0.88984375 0.3046875 0.07890625 0.03359375
0 0.88984375 0.26796875 0.071875 0.03359375
0 0.89140625 0.23203125 0.0734375 0.034375
0 0.8921875 0.19609375 0.071875 0.03671875
0 0.89453125 0.15859375 0.0703125 0.03984375
0 0.8953125 0.12265625 0.0734375 0.034375
0 0.8953125 0.08828125 0.075 0.0390625
0 0.896875 0.05390625 0.07421875 0.04140625
0 0.89765625 0.01875 0.07734375 0.03671875
1 0.31328125 0.140625 0.12578125 0.0796875