0 0.0328125 0.30625 0.06484375 0.0703125
0 0.03203125 0.3734375 0.06328125 0.065625
0 0.03125 0.44140625 0.0609375 0.0671875
0 0.02890625 0.50703125 0.05703125 0.07265625
0 0.03046875 0.57265625 0.06015625 0.0703125
0 0.03046875 0.64140625 0.0609375 0.0671875
0 0.03046875 0.70859375 0.0609375 0.07265625
0 0.0296875 0.7765625 0.0578125 0.07578125
0 0.03203125 0.84453125 0.0625 0.071875
0 0.03203125 0.91015625 0.06328125 0.06328125
0 0.0328125 0.9703125 0.06484375 0.059375
0 0.11640625 0.31015625 0.1046875 0.07265625
0 0.11640625 0.378125 0.10625 0.0703125
0 0.11640625 0.44453125 0.1125 0.065625
0 0.1140625 0.5078125 0.11015625 0.0703125
0 0.11484375 0.57421875 0.11171875 0.0671875
0 0.11640625 0.64375 0.1109375 0.06953125
0 0.1171875 0.7078125 0.1140625 0.06484375
0 0.115625 0.771875 0.1125 0.07734375
0 0.1140625 0.834375 0.11015625 0.08828125
0 0.11640625 0.8984375 0.115625 0.07734375
0 0.11953125 0.96015625 0.1109375 0.0734375
0 0.371875 0.3140625 0.096875 0.0734375
0 0.3734375 0.38125 0.0984375 0.06875
0 0.371875 0.44453125 0.09765625 0.06171875
0 0.3734375 0.50625 0.10078125 0.06796875
0 0.36953125 0.56796875 0.1 0.06171875
0 0.36953125 0.6296875 0.1 0.065625
0 0.3703125 0.69375 0.0984375 0.0609375
0 0.37265625 0.75390625 0.0984375 0.06328125
0 0.3734375 0.8140625 0.0953125 0.06328125
0 0.37421875 0.87578125 0.0953125 0.06796875
0 0.37421875 0.9375 0.09609375 0.07265625
0 0.37421875 0.97890625 0.0953125 0.0421875
0 0.4671875 0.32109375 0.09453125 0.07265625
0 0.465625 0.3859375 0.09296875 0.06796875
0 0.4671875 0.44453125 0.09296875 0.05859375
0 0.4671875 0.5046875 0.0921875 0.0609375
0 0.4671875 0.5671875 0.090625 0.0640625
0 0.46640625 0.628125 0.09140625 0.0609375
0 0.465625 0.68984375 0.09140625 0.065625
0 0.46640625 0.7515625 0.090625 0.06484375
0 0.46640625 0.80625 0.090625 0.0703125
0 0.4671875 0.86640625 0.09140625 0.07109375
0 0.46796875 0.925 0.09453125 0.0703125
0 0.46875 0.9734375 0.096875 0.053125
0 0.55625 0.328125 0.0875 0.0703125
0 0.55703125 0.390625 0.0875 0.06328125
0 0.55703125 0.44765625 0.08828125 0.0640625
0 0.55546875 0.50703125 0.090625 0.05859375
0 0.55546875 0.565625 0.08671875 0.059375
0 0.55546875 0.62578125 0.08671875 0.06484375
0 0.55546875 0.68125 0.08671875 0.06328125
0 0.55625 0.74140625 0.0828125 0.06484375
0 0.55703125 0.79921875 0.0875 0.06328125
0 0.55546875 0.85703125 0.08671875 0.0703125
0 0.55859375 0.91484375 0.0828125 0.06953125
0 0.55859375 0.96640625 0.08828125 0.06640625
0 0.6421875 0.33359375 0.08125 0.06328125
0 0.64140625 0.39375 0.08046875 0.05390625
0 0.64140625 0.44765625 0.08125 0.06171875
0 0.64140625 0.50703125 0.08203125 0.06015625
0 0.63984375 0.565625 0.0828125 0.05703125
0 0.6390625 0.6203125 0.08046875 0.06171875
0 0.6390625 0.678125 0.0796875 0.06171875
0 0.63984375 0.73671875 0.08125 0.06328125
0 0.640625 0.7890625 0.0796875 0.06328125
0 0.63984375 0.84765625 0.08046875 0.0640625
0 0.6421875 0.90625 0.08125 0.0671875
0 0.6421875 0.959375 0.08125 0.0609375
0 0.7203125 0.33515625 0.07734375 0.06796875
0 0.7203125 0.3953125 0.07421875 0.05546875
0 0.7203125 0.45234375 0.0734375 0.06015625
0 0.71796875 0.5125 0.07109375 0.059375
0 0.7171875 0.56328125 0.071875 0.05546875
0 0.715625 0.62109375 0.07421875 0.059375
0 0.71640625 0.67734375 0.071875 0.05625
0 0.71796875 0.728125 0.07421875 0.06171875
0 0.7203125 0.784375 0.07890625 0.06875
0 0.721875 0.840625 0.0796875 0.06953125
0 0.7203125 0.896875 0.07890625 0.07734375
0 0.7203125 0.946875 0.07734375 0.0671875
0 0.85703125 0.4453125 0.07890625 0.053125
0 0.859375 0.49921875 0.07890625 0.05390625
0 0.8609375 0.5515625 0.07734375 0.053125
0 0.8625 0.60390625 0.0796875 0.0515625
0 0.86484375 0.65859375 0.07890625 0.05546875
0 0.86484375 0.71171875 0.07890625 0.053125
0 0.86328125 0.7640625 0.0765625 0.05390625
0 0.86171875 0.81796875 0.07734375 0.05390625
0 0.86328125 0.86796875 0.07734375 0.053125
0 0.8609375 0.9234375 0.07578125 0.059375
0 0.9078125 0.4515625 0.0296875 0.0484375
0 0.91171875 0.50078125 0.02421875 0.0484375
0 0.9109375 0.5484375 0.028125 0.04375
0 0.91171875 0.59609375 0.02421875 0.04921875
0 0.9125 0.64140625 0.02109375 0.046875
0 0.9140625 0.6875 0.025 0.05078125
0 0.91484375 0.73671875 0.025 0.053125
0 0.91328125 0.7875 0.02421875 0.04609375
0 0.9125 0.834375 0.025 0.04375
0 0.9125 0.87578125 0.02265625 0.04375
0 0.953125 0.453125 0.0609375 0.04921875
0 0.9546875 0.5015625 0.0609375 0.04375
0 0.9546875 0.546875 0.0578125 0.04609375
0 0.95390625 0.59140625 0.06171875 0.05078125
0 0.95546875 0.63984375 0.06328125 0.04921875
0 0.9578125 0.68671875 0.06171875 0.05
0 0.95703125 0.7328125 0.0609375 0.05546875
0 0.95703125 0.778125 0.06328125 0.0515625
0 0.95546875 0.82578125 0.065625 0.05078125
0 0.95703125 0.86875 0.065625 0.053125