0 0.95078125 0.08046875 0.09765625 0.06484375
0 0.95 0.13984375 0.1 0.0609375
0 0.9484375 0.19765625 0.103125 0.0578125
0 0.946875 0.2546875 0.1015625 0.053125
0 0.940625 0.31171875 0.103125 0.0609375
0 0.9328125 0.3703125 0.103125 0.05
0 0.92890625 0.4265625 0.09765625 0.06484375
0 0.92890625 0.48046875 0.09453125 0.06484375
0 0.925 0.53515625 0.09453125 0.06015625
0 0.921875 0.5859375 0.09453125 0.06015625
0 0.82265625 0.609375 0.09453125 0.0734375
0 0.82578125 0.54921875 0.09921875 0.06484375
0 0.83046875 0.490625 0.09921875 0.06484375
0 0.83046875 0.43125 0.10234375 0.06015625
0 0.834375 0.3703125 0.1015625 0.0578125
0 0.8421875 0.3125 0.09453125 0.05546875
0 0.846875 0.25859375 0.1015625 0.0609375
0 0.85 0.20390625 0.096875 0.06015625
0 0.853125 0.14453125 0.096875 0.0578125
0 0.85546875 0.0859375 0.096875 0.0609375
0 0.75546875 0.08046875 0.09921875 0.0578125
0 0.7515625 0.13984375 0.096875 0.06015625
0 0.75 0.20390625 0.09609375 0.06015625
0 0.746875 0.2578125 0.09140625 0.05859375
0 0.7421875 0.3140625 0.0953125 0.05625
0 0.73984375 0.371875 0.09453125 0.06328125
0 0.73515625 0.4265625 0.08828125 0.0609375
0 0.73203125 0.48125 0.08828125 0.06484375
0 0.7328125 0.53515625 0.08671875 0.05859375
0 0.73046875 0.58828125 0.090625 0.06484375
0 0.5703125 0.5609375 0.075 0.0421875
0 0.571875 0.53046875 0.075 0.0390625
0 0.56953125 0.50078125 0.07734375 0.0390625
0 0.56875 0.4703125 0.0765625 0.0359375
0 0.56796875 0.4375 0.07890625 0.03671875
0 0.56796875 0.40390625 0.078125 0.0359375
0 0.56796875 0.371875 0.0765625 0.0375
0 0.56796875 0.34140625 0.0765625 0.0375
0 0.56796875 0.30703125 0.0765625 0.03671875
0 0.56640625 0.27421875 0.07890625 0.0375
0 0.56484375 0.2375 0.07890625 0.034375
0 0.56484375 0.203125 0.08125 0.03671875
0 0.56328125 0.1703125 0.0796875 0.03984375
0 0.5609375 0.13515625 0.07890625 0.04140625
0 0.5609375 0.1015625 0.0796875 0.04296875
0 0.5609375 0.06640625 0.0796875 0.04765625
0 0.559375 0.0296875 0.07890625 0.04296875
0 0.4796875 0.034375 0.07265625 0.0421875
0 0.48125 0.07109375 0.075 0.0421875
0 0.48203125 0.10390625 0.07265625 0.0421875
0 0.48359375 0.1375 0.071875 0.04140625
0 0.4859375 0.17421875 0.07109375 0.04296875
0 0.4859375 0.20625 0.071875 0.040625
0 0.48671875 0.2375 0.07109375 0.040625
0 0.48671875 0.27421875 0.075 0.03828125
0 0.4875 0.30390625 0.07109375 0.03203125
0 0.48828125 0.334375 0.06953125 0.03359375
0 0.490625 0.36875 0.06953125 0.03046875
0 0.490625 0.40078125 0.07109375 0.03359375
0 0.4921875 0.4328125 0.07109375 0.0296875
0 0.49140625 0.4625 0.071875 0.034375
0 0.4921875 0.49140625 0.07265625 0.03671875
0 0.49296875 0.52109375 0.071875 0.0359375
0 0.49453125 0.553125 0.07109375 0.0359375
0 0.4234375 0.54140625 0.0640625 0.034375
0 0.42109375 0.51328125 0.0640625 0.03125
0 0.42265625 0.4828125 0.0671875 0.03671875
0 0.42265625 0.45390625 0.06640625 0.03359375
0 0.4203125 0.425 0.065625 0.03203125
0 0.41796875 0.39375 0.0671875 0.03359375
0 0.41796875 0.36328125 0.06875 0.0359375
0 0.41640625 0.33203125 0.06484375 0.03203125
0 0.41640625 0.30390625 0.06875 0.02890625
0 0.4140625 0.27421875 0.0640625 0.0375
0 0.41328125 0.23984375 0.06328125 0.03125
0 0.41484375 0.21015625 0.065625 0.0375
0 0.4109375 0.175 0.065625 0.03984375
0 0.41015625 0.14453125 0.0640625 0.04140625
0 0.40703125 0.1109375 0.0625 0.03984375
0 0.40859375 0.078125 0.06171875 0.04140625
0 0.40546875 0.04453125 0.06328125 0.0390625
0 0.40703125 0.01796875 0.065625 0.03359375
0 0.3421875 0.0265625 0.06171875 0.046875
0 0.3421875 0.05703125 0.0609375 0.046875
0 0.34453125 0.08984375 0.0609375 0.04140625
0 0.34453125 0.1203125 0.0578125 0.0421875
0 0.3453125 0.1484375 0.059375 0.03828125
0 0.34765625 0.1796875 0.05703125 0.0359375
0 0.34765625 0.21171875 0.0578125 0.0328125
0 0.3484375 0.23984375 0.0546875 0.02890625
0 0.3484375 0.27109375 0.059375 0.03125
0 0.35 0.30390625 0.06015625 0.03203125
0 0.35234375 0.33125 0.06171875 0.0296875
0 0.35234375 0.3625 0.0625 0.0296875
0 0.353125 0.38984375 0.059375 0.03125
0 0.35546875 0.41875 0.06171875 0.034375
0 0.35625 0.4484375 0.06171875 0.03359375
0 0.35703125 0.47421875 0.0640625 0.03203125
0 0.35703125 0.50234375 0.06015625 0.03203125
0 0.35703125 0.528125 0.05859375 0.028125
0 0.1734375 0.5078125 0.05078125 0.0296875
0 0.1734375 0.48203125 0.05078125 0.03125
0 0.17265625 0.4546875 0.05078125 0.02890625
0 0.17265625 0.43125 0.0515625 0.0296875
0 0.1703125 0.40390625 0.053125 0.0296875
0 0.16953125 0.3765625 0.0515625 0.0296875
0 0.16796875 0.35234375 0.05078125 0.02890625
0 0.1671875 0.32578125 0.053125 0.02734375
0 0.165625 0.29765625 0.05 0.028125
0 0.1640625 0.26953125 0.05 0.02578125
0 0.1625 0.24609375 0.05 0.0296875
0 0.16015625 0.21640625 0.0515625 0.02890625
0 0.1578125 0.18828125 0.05390625 0.03203125
0 0.1578125 0.16171875 0.05546875 0.0375
0 0.1578125 0.13359375 0.05390625 0.034375
0 0.1546875 0.1015625 0.05625 0.03359375
0 0.153125 0.07578125 0.0546875 0.03671875
0 0.1515625 0.04609375 0.053125 0.034375
0 0.14921875 0.0171875 0.05078125 0.0328125
0 0.09765625 0.02734375 0.0484375 0.040625
0 0.09921875 0.05234375 0.046875 0.03203125
0 0.103125 0.08125 0.04140625 0.03671875
0 0.10390625 0.10859375 0.04375 0.034375
0 0.10546875 0.13671875 0.04375 0.0390625
0 0.1078125 0.16640625 0.0453125 0.034375
0 0.109375 0.18984375 0.04375 0.03203125
0 0.11015625 0.21640625 0.04140625 0.03203125
0 0.1140625 0.24453125 0.0453125 0.03359375
0 0.115625 0.271875 0.046875 0.03125
0 0.11484375 0.29765625 0.04375 0.02734375
0 0.11640625 0.32421875 0.0484375 0.028125
0 0.11796875 0.35234375 0.04765625 0.0296875
0 0.11875 0.378125 0.04609375 0.02890625
0 0.12109375 0.40234375 0.04765625 0.02578125
0 0.12109375 0.4265625 0.04921875 0.02890625
0 0.12265625 0.453125 0.04765625 0.028125
0 0.1234375 0.478125 0.046875 0.02734375
0 0.1234375 0.5 0.046875 0.028125
0 0.07578125 0.49375 0.04140625 0.0296875
0 0.07734375 0.46875 0.04375 0.0296875
0 0.075 0.4453125 0.0453125 0.028125
0 0.07421875 0.42421875 0.0453125 0.02890625
0 0.0734375 0.3984375 0.04375 0.02890625
0 0.07265625 0.3734375 0.04375 0.0296875
0 0.06953125 0.346875 0.04375 0.0265625
0 0.06953125 0.32265625 0.04375 0.0296875
0 0.0671875 0.2953125 0.0453125 0.025
0 0.06640625 0.271875 0.04140625 0.02890625
0 0.0640625 0.2453125 0.04375 0.02578125
0 0.06328125 0.2203125 0.0421875 0.0296875
0 0.0625 0.19375 0.04375 0.02890625
0 0.0609375 0.16875 0.0421875 0.03359375
0 0.059375 0.14609375 0.040625 0.02734375
0 0.05703125 0.11796875 0.04140625 0.03125
0 0.0546875 0.08828125 0.04140625 0.0296875
0 0.0515625 0.06484375 0.040625 0.02890625
0 0.05078125 0.0375 0.04140625 0.03203125
0 0.034375 0.48671875 0.03984375 0.028125
0 0.03359375 0.46328125 0.03984375 0.02578125
0 0.03359375 0.4421875 0.03828125 0.025
0 0.03203125 0.41875 0.03984375 0.02734375
0 0.03203125 0.3953125 0.03984375 0.02890625
0 0.03125 0.371875 0.04140625 0.028125
0 0.03046875 0.34609375 0.03828125 0.0296875
0 0.0265625 0.3234375 0.03984375 0.0265625
0 0.0265625 0.29921875 0.0390625 0.021875
0 0.025 0.275 0.04140625 0.03046875
0 0.02265625 0.24609375 0.040625 0.02734375
0 0.021875 0.2203125 0.04140625 0.0296875
0 0.02109375 0.19765625 0.040625 0.0296875
0 0.01875 0.17265625 0.03671875 0.0296875