0 0.053125 0.0265625 0.1046875 0.05234375
0 0.0515625 0.08125 0.1015625 0.084375
0 0.04921875 0.1453125 0.09765625 0.08515625
0 0.04921875 0.21640625 0.096875 0.08515625
0 0.04921875 0.284375 0.096875 0.084375
0 0.05078125 0.35390625 0.10078125 0.07734375
0 0.04921875 0.42421875 0.096875 0.078125
0 0.04765625 0.490625 0.09453125 0.0734375
0 0.046875 0.559375 0.0921875 0.0734375
0 0.38515625 0.16953125 0.0984375 0.07421875
0 0.47890625 0.190625 0.090625 0.07421875
0 0.5640625 0.15703125 0.0796875 0.071875
0 0.6375 0.17421875 0.07109375 0.06640625
0 0.565625 0.2109375 0.0828125 0.07109375
0 0.6421875 0.22734375 0.06796875 0.05859375
0 0.3875 0.22890625 0.09609375 0.07109375
0 0.48125 0.246875 0.09296875 0.06484375
0 0.5640625 0.2640625 0.0796875 0.06484375
0 0.63984375 0.278125 0.071875 0.05859375
0 0.38515625 0.2875 0.09609375 0.06484375
0 0.478125 0.30234375 0.0890625 0.06640625
0 0.56328125 0.31640625 0.08125 0.06484375
0 0.63984375 0.32890625 0.07109375 0.0609375
0 0.384375 0.34296875 0.09765625 0.06875
0 0.48203125 0.35859375 0.090625 0.06484375
0 0.565625 0.37109375 0.0796875 0.06015625
0 0.640625 0.37578125 0.07109375 0.05859375
0 0.3875 0.40078125 0.1 0.06875
0 0.48046875 0.41328125 0.090625 0.05859375
0 0.56640625 0.421875 0.0796875 0.0609375
0 0.6421875 0.42890625 0.07578125 0.05234375
0 0.38828125 0.4578125 0.0984375 0.06015625
0 0.48203125 0.4671875 0.09140625 0.0578125
0 0.56796875 0.47578125 0.0828125 0.05546875
0 0.6453125 0.4796875 0.07578125 0.046875
0 0.390625 0.5140625 0.09609375 0.0578125
0 0.48515625 0.51875 0.09140625 0.05234375
0 0.56953125 0.525 0.0828125 0.04765625
0 0.64609375 0.528125 0.0765625 0.046875
0 0.38671875 0.565625 0.09296875 0.04921875
0 0.47890625 0.56875 0.09296875 0.04921875
0 0.56875 0.56953125 0.07890625 0.04296875
0 0.64453125 0.5765625 0.06796875 0.0390625
0 0.79609375 0.140625 0.07109375 0.06875
0 0.79609375 0.1890625 0.065625 0.06015625
0 0.796875 0.23828125 0.06953125 0.05625
0 0.79765625 0.28671875 0.06875 0.05390625
0 0.8015625 0.3375 0.06328125 0.05625
0 0.80078125 0.38515625 0.0671875 0.05234375
0 0.80078125 0.43359375 0.0671875 0.05234375
0 0.803125 0.48203125 0.06640625 0.046875
0 0.80234375 0.528125 0.0640625 0.04765625
0 0.80234375 0.58046875 0.0671875 0.05
0 0.8609375 0.16015625 0.06328125 0.0578125
0 0.8609375 0.20546875 0.06171875 0.05625
0 0.8640625 0.253125 0.0640625 0.053125
0 0.86484375 0.3015625 0.06171875 0.05546875
0 0.865625 0.346875 0.0609375 0.05390625
0 0.8671875 0.39609375 0.0625 0.05234375
0 0.8671875 0.43671875 0.059375 0.04765625
0 0.865625 0.48515625 0.0609375 0.0515625
0 0.86796875 0.53125 0.059375 0.05
0 0.8671875 0.57734375 0.0640625 0.04453125
0 0.91796875 0.17109375 0.05625 0.05
0 0.9203125 0.2171875 0.05625 0.05390625
0 0.92265625 0.2640625 0.059375 0.05546875
0 0.9234375 0.3078125 0.05625 0.053125
0 0.925 0.35234375 0.0546875 0.04921875
0 0.92578125 0.3984375 0.05234375 0.04765625
0 0.92578125 0.44453125 0.0578125 0.04765625
0 0.928125 0.48671875 0.0578125 0.04453125
0 0.928125 0.52890625 0.05625 0.046875
0 0.93046875 0.57578125 0.059375 0.040625
0 0.9703125 0.1828125 0.0484375 0.0453125
0 0.9765625 0.23203125 0.046875 0.04296875
0 0.9765625 0.2765625 0.04609375 0.04296875
0 0.97578125 0.31640625 0.0484375 0.04765625
0 0.9765625 0.35859375 0.04609375 0.04921875
0 0.9765625 0.39921875 0.04609375 0.05
0 0.978125 0.44375 0.04375 0.0453125
0 0.9796875 0.48828125 0.040625 0.0453125
0 0.97890625 0.53359375 0.0421875 0.04296875
0 0.98125 0.57890625 0.0375 0.04921875
0 0.9390625 0.96796875 0.059375 0.0640625
0 0.88046875 0.978125 0.059375 0.04296875
0 0.9828125 0.94765625 0.03359375 0.07109375
1 0.4234375 0.8859375 0.11796875 0.08203125
1 0.30234375 0.90703125 0.13125 0.0875