0 0.059375 0.075 0.1046875 0.09140625
0 0.0578125 0.1421875 0.10625 0.09140625
0 0.0546875 0.20625 0.10625 0.090625
0 0.053125 0.27578125 0.1046875 0.0875
0 0.05078125 0.34609375 0.1 0.0875
0 0.1609375 0.103125 0.0984375 0.096875
0 0.1578125 0.16875 0.1 0.09140625
0 0.15546875 0.228125 0.09765625 0.0875
0 0.153125 0.2984375 0.10078125 0.090625
0 0.15078125 0.36171875 0.1 0.08046875
0 0.253125 0.1296875 0.0890625 0.08828125
0 0.25 0.190625 0.08671875 0.08671875
0 0.2484375 0.253125 0.084375 0.08046875
0 0.2484375 0.31875 0.0921875 0.07890625
0 0.24609375 0.3796875 0.09375 0.08046875
0 0.33828125 0.15703125 0.08125 0.08359375
0 0.3375 0.2203125 0.0828125 0.07734375
0 0.33671875 0.27734375 0.08203125 0.07734375
0 0.33515625 0.334375 0.08671875 0.08359375
0 0.3375 0.39609375 0.084375 0.08046875
0 0.415625 0.18515625 0.0734375 0.084375
0 0.415625 0.23984375 0.075 0.075
0 0.415625 0.29765625 0.075 0.0765625
0 0.41640625 0.35390625 0.0765625 0.07578125
0 0.41796875 0.4109375 0.0796875 0.071875
0 0.5875 0.92265625 0.0703125 0.065625
0 0.65703125 0.9203125 0.06953125 0.06484375
0 0.721875 0.91484375 0.0609375 0.059375
0 0.7796875 0.9125 0.06015625 0.0546875
0 0.8375 0.90859375 0.05546875 0.05546875
0 0.5921875 0.9765625 0.0734375 0.046875
0 0.6609375 0.975 0.06875 0.05
0 0.7234375 0.97421875 0.059375 0.0515625
0 0.78203125 0.9703125 0.05859375 0.059375
0 0.8375 0.9703125 0.0546875 0.059375
0 0.5421875 0.4359375 0.06796875 0.0734375
0 0.53984375 0.378125 0.0671875 0.075
0 0.540625 0.32734375 0.06328125 0.0671875
0 0.5390625 0.2765625 0.06484375 0.065625
0 0.540625 0.22578125 0.0640625 0.06953125
0 0.53984375 0.1765625 0.06171875 0.06875
0 0.540625 0.12578125 0.0625 0.07265625
0 0.53984375 0.07734375 0.06015625 0.06953125
0 0.5390625 0.0328125 0.0609375 0.06328125
0 0.60859375 0.45078125 0.0609375 0.065625
0 0.60703125 0.39609375 0.065625 0.06796875
0 0.609375 0.34296875 0.0640625 0.065625
0 0.609375 0.290625 0.06171875 0.065625
0 0.6109375 0.240625 0.06171875 0.07109375
0 0.6125 0.18984375 0.0640625 0.075
0 0.61328125 0.1390625 0.06171875 0.078125
0 0.6109375 0.08984375 0.059375 0.06875
0 0.6109375 0.03984375 0.06015625 0.06796875
0 0.66640625 0.0265625 0.05546875 0.05234375
0 0.66875 0.0671875 0.0546875 0.0703125
0 0.6703125 0.11875 0.05546875 0.07890625
0 0.67109375 0.165625 0.0546875 0.06875
0 0.67265625 0.2203125 0.0515625 0.065625
0 0.6703125 0.26640625 0.05625 0.06875
0 0.67109375 0.3140625 0.05625 0.071875
0 0.6671875 0.365625 0.046875 0.05625
0 0.67109375 0.41328125 0.05703125 0.0703125
0 0.6734375 0.46171875 0.0578125 0.07265625
0 0.72734375 0.48359375 0.059375 0.06953125
0 0.728125 0.42890625 0.059375 0.06328125
0 0.72890625 0.384375 0.0546875 0.05625
0 0.72578125 0.33359375 0.05546875 0.06875
0 0.72578125 0.28671875 0.053125 0.06484375
0 0.725 0.2328125 0.0546875 0.0671875
0 0.725 0.18984375 0.0515625 0.06484375
0 0.721875 0.1421875 0.04609375 0.07109375
0 0.71953125 0.096875 0.04609375 0.06015625
0 0.715625 0.04140625 0.05 0.08046875
0 0.7828125 0.49765625 0.053125 0.0625
0 0.7828125 0.44453125 0.05390625 0.06484375
0 0.78203125 0.3984375 0.05078125 0.059375
0 0.778125 0.353125 0.05078125 0.0703125
0 0.77578125 0.30234375 0.0515625 0.06171875
0 0.7765625 0.25546875 0.053125 0.065625
0 0.775 0.2140625 0.05 0.05546875
0 0.7734375 0.17421875 0.046875 0.05703125
0 0.76875 0.128125 0.04765625 0.05390625
0 0.76875 0.08359375 0.04765625 0.0578125
0 0.76640625 0.03828125 0.04765625 0.06796875
0 0.9234375 0.4109375 0.04921875 0.0515625
0 0.92578125 0.45546875 0.0484375 0.0578125
0 0.928125 0.50390625 0.0421875 0.05625
0 0.9640625 0.4203125 0.04140625 0.06015625
0 0.9671875 0.465625 0.04375 0.04921875
0 0.97109375 0.509375 0.03984375 0.05
1 0.23671875 0.8953125 0.134375 0.10390625
1 0.0953125 0.93984375 0.084375 0.10859375
1 0.23671875 0.971875 0.13203125 0.05625
1 0.65703125 0.85390625 0.096875 0.0671875
1 0.73671875 0.84140625 0.07109375 0.06953125