0 0.940625 0.075 0.1046875 0.09140625
0 0.9421875 0.1421875 0.10625 0.09140625
0 0.9453125 0.20625 0.10625 0.090625
0 0.946875 0.27578125 0.1046875 0.0875
0 0.95 0.34609375 0.1 0.0875
0 0.8390625 0.103125 0.0984375 0.096875
0 0.8421875 0.16875 0.1 0.09140625
0 0.84453125 0.228125 0.09765625 0.0875
0 0.846875 0.2984375 0.10078125 0.090625
0 0.85 0.36171875 0.1 0.08046875
0 0.74765625 0.1296875 0.0890625 0.08828125
0 0.75 0.190625 0.08671875 0.08671875
0 0.7515625 0.253125 0.084375 0.08046875
0 0.7515625 0.31875 0.0921875 0.07890625
0 0.75390625 0.3796875 0.09375 0.08046875
0 0.66171875 0.15703125 0.08125 0.08359375
0 0.6625 0.2203125 0.0828125 0.07734375
0 0.66328125 0.27734375 0.08203125 0.07734375
0 0.66484375 0.334375 0.08671875 0.08359375
0 0.6625 0.39609375 0.084375 0.08046875
0 0.584375 0.18515625 0.0734375 0.084375
0 0.58515625 0.23984375 0.075 0.075
0 0.584375 0.29765625 0.075 0.0765625
0 0.584375 0.35390625 0.0765625 0.07578125
0 0.5828125 0.4109375 0.0796875 0.071875
0 0.4125 0.92265625 0.0703125 0.065625
0 0.34296875 0.9203125 0.06953125 0.06484375
0 0.278125 0.91484375 0.0609375 0.059375
0 0.22109375 0.9125 0.06015625 0.0546875
0 0.1625 0.90859375 0.05546875 0.05546875
0 0.4078125 0.9765625 0.0734375 0.046875
0 0.3390625 0.975 0.06875 0.05
0 0.2765625 0.97421875 0.059375 0.0515625
0 0.21796875 0.9703125 0.05859375 0.059375
0 0.1625 0.9703125 0.0546875 0.059375
0 0.45859375 0.4359375 0.06796875 0.0734375
0 0.46015625 0.378125 0.0671875 0.075
0 0.459375 0.32734375 0.06328125 0.0671875
0 0.4609375 0.2765625 0.06484375 0.065625
0 0.46015625 0.22578125 0.0640625 0.06953125
0 0.46015625 0.1765625 0.06171875 0.06875
0 0.459375 0.12578125 0.0625 0.07265625
0 0.4609375 0.07734375 0.06015625 0.06953125
0 0.4609375 0.0328125 0.0609375 0.06328125
0 0.39140625 0.45078125 0.0609375 0.065625
0 0.39296875 0.39609375 0.065625 0.06796875
0 0.390625 0.34296875 0.0640625 0.065625
0 0.39140625 0.290625 0.06171875 0.065625
0 0.3890625 0.240625 0.06171875 0.07109375
0 0.38828125 0.18984375 0.0640625 0.075
0 0.3875 0.1390625 0.06171875 0.078125
0 0.3890625 0.08984375 0.059375 0.06875
0 0.3890625 0.03984375 0.06015625 0.06796875
0 0.33359375 0.0265625 0.05546875 0.05234375
0 0.33125 0.0671875 0.0546875 0.0703125
0 0.3296875 0.11875 0.05546875 0.07890625
0 0.32890625 0.165625 0.0546875 0.06875
0 0.32734375 0.2203125 0.0515625 0.065625
0 0.3296875 0.26640625 0.05625 0.06875
0 0.3296875 0.3140625 0.05625 0.071875
0 0.3328125 0.365625 0.046875 0.05625
0 0.3296875 0.41328125 0.05703125 0.0703125
0 0.3265625 0.46171875 0.0578125 0.07265625
0 0.2734375 0.48359375 0.059375 0.06953125
0 0.271875 0.42890625 0.059375 0.06328125
0 0.27109375 0.384375 0.0546875 0.05625
0 0.27421875 0.33359375 0.05546875 0.06875
0 0.275 0.28671875 0.053125 0.06484375
0 0.275 0.2328125 0.0546875 0.0671875
0 0.27578125 0.18984375 0.0515625 0.06484375
0 0.278125 0.1421875 0.04609375 0.07109375
0 0.28046875 0.096875 0.04609375 0.06015625
0 0.284375 0.04140625 0.05 0.08046875
0 0.2171875 0.49765625 0.053125 0.0625
0 0.2171875 0.44453125 0.05390625 0.06484375
0 0.21796875 0.3984375 0.05078125 0.059375
0 0.221875 0.353125 0.05078125 0.0703125
0 0.22421875 0.30234375 0.0515625 0.06171875
0 0.2234375 0.25546875 0.053125 0.065625
0 0.225 0.2140625 0.05 0.05546875
0 0.2265625 0.17421875 0.046875 0.05703125
0 0.23203125 0.128125 0.04765625 0.05390625
0 0.23203125 0.08359375 0.04765625 0.0578125
0 0.23359375 0.03828125 0.04765625 0.06796875
0 0.07734375 0.4109375 0.04921875 0.0515625
0 0.07421875 0.45546875 0.0484375 0.0578125
0 0.071875 0.50390625 0.0421875 0.05625
0 0.03671875 0.4203125 0.04140625 0.06015625
0 0.03359375 0.465625 0.04375 0.04921875
0 0.02890625 0.509375 0.03984375 0.05
1 0.7640625 0.8953125 0.134375 0.10390625
1 0.90546875 0.93984375 0.084375 0.10859375
1 0.76328125 0.971875 0.13203125 0.05625
1 0.34375 0.85390625 0.096875 0.0671875
1 0.26328125 0.84140625 0.07109375 0.06953125