0 0.85 0.509375 0.09375 0.07734375
0 0.8484375 0.58671875 0.09375 0.084375
0 0.84765625 0.6640625 0.09296875 0.0765625
0 0.846875 0.7359375 0.09296875 0.0765625
0 0.84453125 0.81015625 0.09296875 0.0734375
0 0.8453125 0.8796875 0.09140625 0.06953125
0 0.84609375 0.95 0.09140625 0.0734375
0 0.74921875 0.5171875 0.1078125 0.0734375
0 0.746875 0.59453125 0.10625 0.078125
0 0.74765625 0.6703125 0.10546875 0.08046875
0 0.74765625 0.74765625 0.10390625 0.0734375
0 0.7484375 0.8203125 0.103125 0.078125
0 0.74921875 0.896875 0.10546875 0.08046875
0 0.74765625 0.965625 0.1015625 0.06875
0 0.64453125 0.51640625 0.10234375 0.08359375
0 0.64296875 0.59765625 0.10390625 0.0734375
0 0.6453125 0.6703125 0.10078125 0.08046875
0 0.646875 0.7421875 0.1015625 0.0765625
0 0.64375 0.81953125 0.1015625 0.0765625
0 0.6453125 0.8921875 0.10078125 0.075
0 0.64609375 0.9640625 0.1015625 0.071875
0 0.54140625 0.5125 0.1 0.0765625
0 0.5421875 0.58984375 0.103125 0.07578125
0 0.54453125 0.6625 0.1046875 0.0734375
0 0.5453125 0.7390625 0.10078125 0.0796875
0 0.54375 0.81484375 0.1 0.0765625
0 0.5453125 0.8859375 0.1 0.0765625
0 0.54765625 0.95546875 0.096875 0.0765625
0 0.4390625 0.51015625 0.10234375 0.0765625
0 0.440625 0.58515625 0.103125 0.07734375
0 0.4421875 0.65859375 0.10234375 0.08046875
0 0.44375 0.73359375 0.10234375 0.0796875
0 0.4390625 0.803125 0.1015625 0.0796875
0 0.44453125 0.878125 0.10078125 0.078125
0 0.4484375 0.9484375 0.10078125 0.06953125
0 0.20703125 0.87734375 0.07890625 0.06015625
0 0.0953125 0.92890625 0.0890625 0.0609375
1 0.19609375 0.459375 0.11875 0.09296875
1 0.19375 0.54921875 0.1203125 0.08515625
1 0.1984375 0.6328125 0.1140625 0.08359375
1 0.20078125 0.703125 0.11015625 0.05390625
1 0.32265625 0.6640625 0.134375 0.13046875