0 0.978125 0.221875 0.04296875 0.06484375
0 0.98046875 0.2671875 0.03828125 0.0515625
0 0.98125 0.3140625 0.0359375 0.05703125
0 0.98359375 0.365625 0.03203125 0.05
0 0.98359375 0.40859375 0.03203125 0.06015625
0 0.98515625 0.45234375 0.0296875 0.05390625
0 0.9890625 0.49921875 0.021875 0.05390625
0 0.9890625 0.55078125 0.021875 0.0546875
0 0.9390625 0.20546875 0.04453125 0.065625
0 0.940625 0.25234375 0.0453125 0.0578125
0 0.94296875 0.30390625 0.04609375 0.0578125
0 0.946875 0.35 0.0453125 0.059375
0 0.9484375 0.39921875 0.046875 0.05625
0 0.9515625 0.446875 0.040625 0.05703125
0 0.95625 0.49609375 0.0453125 0.053125
0 0.959375 0.55 0.04921875 0.06015625
0 0.96015625 0.603125 0.0453125 0.05546875
0 0.9625 0.65078125 0.04609375 0.0484375
0 0.96484375 0.70078125 0.04375 0.059375
0 0.9671875 0.74765625 0.046875 0.05703125
0 0.89140625 0.1875 0.0515625 0.065625
0 0.89453125 0.24140625 0.05546875 0.06015625
0 0.89765625 0.28671875 0.05546875 0.06484375
0 0.89921875 0.33671875 0.05390625 0.071875
0 0.903125 0.38828125 0.053125 0.06796875
0 0.90625 0.43984375 0.053125 0.0671875
0 0.909375 0.48984375 0.05234375 0.06484375
0 0.9109375 0.54453125 0.05546875 0.0578125
0 0.91328125 0.5984375 0.053125 0.06171875
0 0.91484375 0.64921875 0.05546875 0.05234375
0 0.91640625 0.6984375 0.0515625 0.0515625
0 0.91640625 0.75 0.05546875 0.059375
0 0.72890625 0.5890625 0.0640625 0.0640625
0 0.7296875 0.6515625 0.065625 0.05625
0 0.7296875 0.709375 0.0640625 0.0625
0 0.73125 0.7671875 0.06640625 0.0546875
0 0.6640625 0.58515625 0.07109375 0.065625
0 0.66484375 0.64765625 0.07265625 0.06484375
0 0.665625 0.71171875 0.07265625 0.0640625
0 0.6671875 0.771875 0.065625 0.0578125
0 0.5890625 0.51484375 0.08125 0.08046875
0 0.5890625 0.58125 0.0796875 0.06953125
0 0.590625 0.64609375 0.078125 0.071875
0 0.5921875 0.7125 0.08046875 0.0640625
0 0.59453125 0.7859375 0.08046875 0.07734375
0 0.5109375 0.78828125 0.08984375 0.08125
0 0.5109375 0.7109375 0.08828125 0.078125
0 0.509375 0.6421875 0.08671875 0.07734375
0 0.50859375 0.571875 0.08671875 0.08125
0 0.50546875 0.50546875 0.0875 0.0921875
0 0.3 0.81015625 0.11015625 0.075
0 0.3015625 0.74921875 0.109375 0.0546875
0 0.303125 0.696875 0.10703125 0.05390625
0 0.30390625 0.6453125 0.10625 0.05
0 0.303125 0.5953125 0.10703125 0.04609375
0 0.30625 0.54296875 0.10625 0.06875
0 0.30625 0.49375 0.103125 0.0625
0 0.3078125 0.4453125 0.103125 0.065625
0 0.309375 0.3921875 0.1046875 0.06328125
0 0.31015625 0.34453125 0.10390625 0.0640625
0 0.3078125 0.290625 0.10234375 0.06953125
0 0.3109375 0.24453125 0.1 0.071875
0 0.309375 0.19921875 0.1 0.07890625
0 0.3109375 0.146875 0.1 0.0796875
0 0.3125 0.09765625 0.1015625 0.07890625
0 0.31328125 0.0484375 0.1 0.08359375
0 0.18046875 0.81171875 0.1265625 0.065625
0 0.18046875 0.7546875 0.1265625 0.0578125
0 0.18359375 0.7 0.12421875 0.0546875
0 0.18515625 0.6453125 0.1234375 0.05703125
0 0.1859375 0.590625 0.1234375 0.0625
0 0.18828125 0.53359375 0.12578125 0.0625
0 0.18984375 0.475 0.1203125 0.06484375
0 0.1921875 0.4265625 0.11953125 0.06484375
0 0.1953125 0.3703125 0.11953125 0.071875
0 0.19375 0.31796875 0.11875 0.07578125
0 0.19609375 0.26640625 0.115625 0.075
0 0.1984375 0.21015625 0.1234375 0.08125
0 0.19609375 0.159375 0.1203125 0.08515625
0 0.19765625 0.10625 0.11875 0.08359375
0 0.19921875 0.0546875 0.11484375 0.08125
0 0.06796875 0.03203125 0.1359375 0.0625
0 0.06875 0.06484375 0.1359375 0.09921875
0 0.0671875 0.12109375 0.13359375 0.09453125
0 0.06796875 0.1734375 0.134375 0.096875
0 0.065625 0.2328125 0.13125 0.096875
0 0.065625 0.29453125 0.13125 0.0859375
0 0.0640625 0.34765625 0.128125 0.0859375
0 0.0640625 0.40859375 0.128125 0.075
0 0.0640625 0.4671875 0.1265625 0.07890625
0 0.0625 0.52265625 0.1234375 0.06953125
0 0.0609375 0.58125 0.121875 0.06953125
0 0.059375 0.64140625 0.11875 0.0703125
0 0.0578125 0.69921875 0.115625 0.0640625
0 0.05390625 0.7578125 0.1078125 0.059375
0 0.05078125 0.81796875 0.1015625 0.065625