0 0.075 0.96796875 0.10546875 0.0640625
0 0.1671875 0.94375 0.09375 0.08828125
0 0.17578125 0.9734375 0.0953125 0.053125
0 0.253125 0.903125 0.090625 0.09375
0 0.26328125 0.94765625 0.08671875 0.0875
0 0.2671875 0.97265625 0.0875 0.0546875
0 0.33515625 0.8546875 0.0796875 0.0859375
0 0.34140625 0.90078125 0.07890625 0.08125
0 0.34453125 0.94921875 0.07890625 0.0890625
0 0.3484375 0.9734375 0.071875 0.053125
0 0.4625 0.421875 0.0765625 0.075
0 0.46328125 0.475 0.07421875 0.07890625
0 0.4625 0.5296875 0.071875 0.08125
0 0.4625 0.5859375 0.07265625 0.08359375
0 0.4640625 0.63828125 0.07109375 0.078125
0 0.46328125 0.6890625 0.0671875 0.075
0 0.4640625 0.7375 0.06875 0.07734375
0 0.4640625 0.78671875 0.06484375 0.071875
0 0.465625 0.83515625 0.0625 0.065625
0 0.46640625 0.8765625 0.06328125 0.071875
0 0.4671875 0.91953125 0.06328125 0.07265625
0 0.46875 0.96015625 0.06015625 0.07109375
0 0.53046875 0.9328125 0.065625 0.0765625
0 0.5296875 0.89140625 0.06484375 0.06796875
0 0.534375 0.85234375 0.06484375 0.075
0 0.5359375 0.81171875 0.0625 0.06875
0 0.5375 0.76875 0.06328125 0.0703125
0 0.53984375 0.72421875 0.0640625 0.07734375
0 0.54140625 0.6734375 0.0671875 0.08046875
0 0.54453125 0.6234375 0.071875 0.0796875
0 0.54375 0.57265625 0.07109375 0.0828125
0 0.546875 0.51875 0.071875 0.084375
0 0.5484375 0.46171875 0.0734375 0.08046875
0 0.54765625 0.4046875 0.0734375 0.08125
0 0.61796875 0.37734375 0.06953125 0.07734375
0 0.61796875 0.4328125 0.06953125 0.078125
0 0.61484375 0.48671875 0.065625 0.0765625
0 0.6140625 0.5390625 0.0640625 0.0796875
0 0.61171875 0.5875 0.0640625 0.0640625
0 0.60625 0.64296875 0.06328125 0.06875
0 0.60546875 0.6890625 0.06328125 0.06953125
0 0.6 0.73515625 0.06171875 0.06796875
0 0.5984375 0.77578125 0.06015625 0.0609375
0 0.59453125 0.81796875 0.06171875 0.06796875
0 0.5921875 0.86171875 0.05546875 0.0625
0 0.59375 0.89296875 0.059375 0.0671875
0 0.68515625 0.35 0.065625 0.078125
0 0.68515625 0.40234375 0.0640625 0.06484375
0 0.67890625 0.45234375 0.0625 0.06484375
0 0.6765625 0.51171875 0.0625 0.0734375
0 0.6734375 0.559375 0.06015625 0.0765625
0 0.66953125 0.609375 0.059375 0.07109375
0 0.665625 0.6515625 0.05625 0.075
0 0.66015625 0.703125 0.05546875 0.07265625
0 0.65625 0.7453125 0.053125 0.06875
0 0.6546875 0.78359375 0.05390625 0.0734375
0 0.65 0.8265625 0.05078125 0.0578125
0 0.64921875 0.859375 0.0484375 0.0640625
0 0.70078125 0.82421875 0.05625 0.0671875
0 0.7046875 0.790625 0.05390625 0.0625
0 0.709375 0.753125 0.05546875 0.06328125
0 0.7125 0.7171875 0.059375 0.06484375
0 0.71640625 0.6703125 0.0625 0.078125
0 0.72265625 0.62265625 0.05703125 0.06953125
0 0.728125 0.575 0.06015625 0.071875
0 0.7328125 0.5296875 0.06171875 0.078125
0 0.7328125 0.4796875 0.0625 0.0734375
0 0.7390625 0.43046875 0.05859375 0.07890625
0 0.7421875 0.37734375 0.0609375 0.06953125
0 0.7453125 0.32734375 0.0609375 0.075
0 0.79765625 0.4890625 0.04375 0.05
0 0.878125 0.5125 0.0515625 0.04921875
0 0.9609375 0.52421875 0.04453125 0.0546875
0 0.86796875 0.61328125 0.0484375 0.06015625
0 0.8640625 0.6546875 0.046875 0.05
0 0.86015625 0.690625 0.04375 0.0515625
0 0.85234375 0.721875 0.040625 0.04375
0 0.9140625 0.58515625 0.0453125 0.0609375
0 0.9078125 0.62734375 0.04375 0.046875
0 0.90390625 0.659375 0.03984375 0.04140625
0 0.9015625 0.69453125 0.03515625 0.0390625
1 0.2015625 0.48046875 0.1203125 0.1015625
1 0.7203125 0.10703125 0.08671875 0.09296875
1 0.72109375 0.1828125 0.08125 0.08671875
0 0.88203125 0.9265625 0.03984375 0.04921875
0 0.81953125 0.91015625 0.0359375 0.04609375
0 0.7859375 0.934375 0.0328125 0.05
0 0.753125 0.9578125 0.0296875 0.04375