0 0.021875 0.221875 0.04296875 0.06484375
0 0.01953125 0.2671875 0.03828125 0.0515625
0 0.01875 0.3140625 0.0359375 0.05703125
0 0.01640625 0.365625 0.03203125 0.05
0 0.01640625 0.40859375 0.03203125 0.06015625
0 0.015625 0.45234375 0.0296875 0.05390625
0 0.0109375 0.49921875 0.021875 0.05390625
0 0.0109375 0.55078125 0.02109375 0.0546875
0 0.06171875 0.20546875 0.04453125 0.065625
0 0.06015625 0.25234375 0.0453125 0.0578125
0 0.05703125 0.30390625 0.04609375 0.0578125
0 0.053125 0.35 0.0453125 0.059375
0 0.0515625 0.39921875 0.046875 0.05625
0 0.0484375 0.446875 0.040625 0.05703125
0 0.04453125 0.49609375 0.0453125 0.053125
0 0.04140625 0.55 0.04921875 0.06015625
0 0.03984375 0.603125 0.0453125 0.05546875
0 0.0375 0.65078125 0.04609375 0.0484375
0 0.0359375 0.70078125 0.04375 0.059375
0 0.0328125 0.74765625 0.046875 0.05703125
0 0.10859375 0.1875 0.0515625 0.065625
0 0.10546875 0.24140625 0.05546875 0.06015625
0 0.103125 0.28671875 0.05546875 0.06484375
0 0.10078125 0.33671875 0.05390625 0.071875
0 0.096875 0.38828125 0.053125 0.06796875
0 0.09375 0.43984375 0.053125 0.0671875
0 0.09140625 0.48984375 0.05234375 0.06484375
0 0.0890625 0.54453125 0.05546875 0.0578125
0 0.08671875 0.5984375 0.053125 0.06171875
0 0.08515625 0.64921875 0.05546875 0.05234375
0 0.08359375 0.6984375 0.0515625 0.0515625
0 0.08359375 0.75 0.05546875 0.059375
0 0.27109375 0.5890625 0.0640625 0.0640625
0 0.27109375 0.6515625 0.065625 0.05625
0 0.27109375 0.709375 0.0640625 0.0625
0 0.26875 0.7671875 0.06640625 0.0546875
0 0.33671875 0.58515625 0.07109375 0.065625
0 0.3359375 0.64765625 0.07265625 0.06484375
0 0.33515625 0.71171875 0.07265625 0.0640625
0 0.3328125 0.771875 0.065625 0.0578125
0 0.4109375 0.51484375 0.08125 0.08046875
0 0.41171875 0.58125 0.0796875 0.06953125
0 0.409375 0.64609375 0.078125 0.071875
0 0.4078125 0.7125 0.08046875 0.0640625
0 0.40625 0.7859375 0.08046875 0.07734375
0 0.4890625 0.78828125 0.08984375 0.08125
0 0.48984375 0.7109375 0.08828125 0.078125
0 0.490625 0.6421875 0.08671875 0.07734375
0 0.49140625 0.571875 0.08671875 0.08125
0 0.4953125 0.50546875 0.0875 0.0921875
0 0.7 0.81015625 0.11015625 0.075
0 0.6984375 0.74921875 0.109375 0.0546875
0 0.696875 0.696875 0.10703125 0.05390625
0 0.69609375 0.6453125 0.10625 0.05
0 0.69765625 0.5953125 0.10703125 0.04609375
0 0.69375 0.54296875 0.10625 0.06875
0 0.69375 0.49375 0.103125 0.0625
0 0.69296875 0.4453125 0.103125 0.065625
0 0.690625 0.3921875 0.1046875 0.06328125
0 0.68984375 0.34453125 0.10390625 0.0640625
0 0.6921875 0.290625 0.10234375 0.06953125
0 0.68984375 0.24453125 0.1 0.071875
0 0.690625 0.19921875 0.1 0.07890625
0 0.6890625 0.146875 0.1 0.0796875
0 0.6875 0.09765625 0.1015625 0.07890625
0 0.6875 0.0484375 0.1 0.08359375
0 0.81953125 0.81171875 0.1265625 0.065625
0 0.81953125 0.7546875 0.1265625 0.0578125
0 0.81640625 0.7 0.12421875 0.0546875
0 0.81484375 0.6453125 0.1234375 0.05703125
0 0.8140625 0.590625 0.1234375 0.0625
0 0.8125 0.53359375 0.12578125 0.0625
0 0.81015625 0.475 0.1203125 0.06484375
0 0.80859375 0.4265625 0.11953125 0.06484375
0 0.80546875 0.3703125 0.11953125 0.071875
0 0.80703125 0.31796875 0.11875 0.07578125
0 0.8046875 0.26640625 0.115625 0.075
0 0.8015625 0.21015625 0.1234375 0.08125
0 0.80390625 0.159375 0.1203125 0.08515625
0 0.803125 0.10625 0.11875 0.08359375
0 0.80078125 0.0546875 0.11484375 0.08125
0 0.93203125 0.03203125 0.1359375 0.0625
0 0.93203125 0.06484375 0.1359375 0.09921875
0 0.9328125 0.1203125 0.134375 0.09375
0 0.9328125 0.1734375 0.134375 0.096875
0 0.93359375 0.2328125 0.1328125 0.096875
0 0.93359375 0.29453125 0.1328125 0.0859375
0 0.93515625 0.34765625 0.1296875 0.0859375
0 0.9359375 0.40859375 0.128125 0.075
0 0.93671875 0.4671875 0.1265625 0.07890625
0 0.93828125 0.52265625 0.1234375 0.06953125
0 0.9390625 0.58125 0.121875 0.06953125
0 0.940625 0.64140625 0.11875 0.0703125
0 0.94140625 0.69921875 0.1171875 0.0640625
0 0.94609375 0.7578125 0.1078125 0.059375
0 0.94921875 0.81796875 0.1015625 0.065625