0 0.634375 0.55546875 0.16875 0.1671875
0 0.46796875 0.55859375 0.1703125 0.1609375
0 0.63203125 0.7015625 0.1640625 0.15390625
0 0.46875 0.70234375 0.165625 0.15390625
0 0.6265625 0.8328125 0.16015625 0.13984375
0 0.4703125 0.84375 0.1609375 0.14609375
0 0.94765625 0.89609375 0.103125 0.10703125
0 0.9515625 0.7921875 0.096875 0.10703125
0 0.95390625 0.68671875 0.090625 0.11484375
0 0.9390625 0.57265625 0.12109375 0.11796875
0 0.94375 0.45234375 0.1109375 0.12265625
0 0.94765625 0.33359375 0.103125 0.11953125
0 0.84296875 0.33359375 0.11875 0.1296875
0 0.83515625 0.45390625 0.11953125 0.121875
0 0.82734375 0.56796875 0.11875 0.115625
0 0.84453125 0.6890625 0.14921875 0.11875
0 0.83671875 0.8 0.14765625 0.11015625
0 0.83203125 0.9 0.1453125 0.109375