0 0.9625 0.26328125 0.0421875 0.175
0 0.8421875 0.31484375 0.05078125 0.1
0 0.8421875 0.21796875 0.0484375 0.0953125
0 0.8375 0.128125 0.05546875 0.1
0 0.78671875 0.12734375 0.053125 0.0953125
0 0.790625 0.21796875 0.05546875 0.08828125
0 0.78828125 0.3078125 0.0609375 0.09375
0 0.7296875 0.30703125 0.0609375 0.0953125
0 0.7296875 0.2203125 0.053125 0.1015625
0 0.7328125 0.12734375 0.05390625 0.0921875
0 0.67890625 0.12265625 0.053125 0.0984375
0 0.678125 0.2171875 0.05703125 0.090625
0 0.67890625 0.30703125 0.05625 0.08828125
0 0.6203125 0.30859375 0.05390625 0.0984375
0 0.6234375 0.21640625 0.05625 0.0953125
0 0.62265625 0.12421875 0.05546875 0.1015625
0 0.56796875 0.1234375 0.05625 0.0921875
0 0.56796875 0.21328125 0.06328125 0.09609375
0 0.56484375 0.3078125 0.05859375 0.09375
0 0.50703125 0.3109375 0.05390625 0.08828125
0 0.50703125 0.21640625 0.05546875 0.10390625
0 0.5125 0.1265625 0.0515625 0.09375
0 0.26640625 0.28828125 0.21015625 0.140625
0 0.08046875 0.290625 0.1609375 0.146875
0 0.76796875 0.85078125 0.13125 0.1265625
0 0.6546875 0.85625 0.0953125 0.1328125
0 0.54140625 0.85 0.12421875 0.121875
0 0.77109375 0.95703125 0.1296875 0.0859375
0 0.65703125 0.95390625 0.0921875 0.0921875
0 0.54296875 0.95234375 0.12734375 0.09453125
0 0.20859375 0.96171875 0.1421875 0.0765625
1 0.20625 0.78203125 0.0609375 0.15078125
1 0.26796875 0.75234375 0.059375 0.0875
1 0.33046875 0.76015625 0.0609375 0.11015625
1 0.39453125 0.77890625 0.0640625 0.1609375
1 0.859375 0.8078125 0.05625 0.21171875
1 0.91953125 0.8140625 0.065625 0.190625
1 0.97578125 0.80703125 0.0484375 0.18984375
1 0.97421875 0.95390625 0.05078125 0.0921875
1 0.91875 0.953125 0.0609375 0.09375
1 0.86171875 0.9546875 0.05 0.090625
1 0.80390625 0.73984375 0.05625 0.0875
1 0.028125 0.825 0.05546875 0.08828125
0 0.0421875 0.96328125 0.08203125 0.0734375