0 0.2046875 0.215625 0.19921875 0.24453125
0 0.05546875 0.2171875 0.11015625 0.2484375
0 0.04921875 0.75546875 0.096875 0.128125
0 0.0515625 0.890625 0.1015625 0.140625
0 0.16171875 0.7609375 0.12578125 0.140625
0 0.28203125 0.75859375 0.11796875 0.1421875
0 0.16015625 0.89140625 0.115625 0.1390625
0 0.28125 0.8953125 0.11875 0.1234375
0 0.478125 0.215625 0.2015625 0.24453125
0 0.67734375 0.21796875 0.20078125 0.25078125
0 0.475 0.04765625 0.20234375 0.09375
0 0.67578125 0.05 0.2015625 0.0984375
0 0.20546875 0.05 0.19375 0.0984375
0 0.05625 0.04765625 0.1125 0.09375
0 0.44765625 0.7625 0.1203125 0.1421875
0 0.44609375 0.89375 0.1203125 0.134375
0 0.56953125 0.7640625 0.12421875 0.146875
0 0.56640625 0.896875 0.12421875 0.1359375
0 0.7125 0.76953125 0.165625 0.1359375
0 0.7078125 0.903125 0.1578125 0.1390625
0 0.94296875 0.76875 0.1140625 0.134375
0 0.94375 0.9 0.11171875 0.140625
0 0.95234375 0.2578125 0.09453125 0.190625
0 0.95390625 0.0828125 0.0921875 0.16328125