0 0.415625 0.2625 0.1984375 0.1265625
0 0.41328125 0.13984375 0.1984375 0.125
0 0.4234375 0.04609375 0.203125 0.090625
0 0.63984375 0.05 0.0703125 0.0921875
0 0.64453125 0.1515625 0.06875 0.109375
0 0.64140625 0.26640625 0.0703125 0.1140625
0 0.56484375 0.04921875 0.065625 0.0875
0 0.57109375 0.153125 0.07109375 0.1109375
0 0.5671875 0.26328125 0.0734375 0.1140625
0 0.9171875 0.74453125 0.1140625 0.13046875
0 0.91796875 0.8703125 0.1140625 0.121875
0 0.9140625 0.9640625 0.1171875 0.071875
0 0.8015625 0.96484375 0.1125 0.0703125
0 0.8046875 0.86875 0.11484375 0.134375
0 0.80390625 0.7390625 0.1109375 0.1265625
0 0.92890625 0.25625 0.14140625 0.16171875
0 0.92890625 0.09609375 0.14140625 0.17109375
0 0.80703125 0.09296875 0.103125 0.16484375
0 0.80546875 0.25859375 0.09765625 0.1734375