0 0.12421875 0.26171875 0.184375 0.1515625
0 0.128125 0.13046875 0.184375 0.1328125
0 0.128125 0.034375 0.184375 0.0671875
0 0.31953125 0.03515625 0.2015625 0.06875
0 0.31875 0.13046875 0.18125 0.1328125
0 0.3171875 0.2703125 0.18828125 0.1421875
0 0.07265625 0.7046875 0.08671875 0.16953125
0 0.071875 0.89140625 0.0875 0.2
0 0.1578125 0.70625 0.084375 0.16953125
0 0.15703125 0.89140625 0.08671875 0.20390625
0 0.24140625 0.7078125 0.0859375 0.1734375
0 0.24296875 0.88984375 0.08515625 0.19765625
0 0.32734375 0.7078125 0.08515625 0.16640625
0 0.32890625 0.88828125 0.08984375 0.2046875
0 0.60234375 0.2140625 0.19609375 0.246875
0 0.79921875 0.221875 0.2015625 0.23671875
0 0.7984375 0.05546875 0.19921875 0.109375
0 0.60546875 0.0515625 0.19296875 0.1015625
0 0.603125 0.75625 0.16015625 0.1390625
0 0.5984375 0.89296875 0.159375 0.13046875
0 0.7421875 0.75625 0.1125 0.1390625
0 0.73671875 0.89296875 0.1140625 0.13046875
0 0.85703125 0.7671875 0.121875 0.1328125
0 0.85234375 0.8953125 0.1109375 0.1265625