0 0.0515625 0.28984375 0.1015625 0.1265625
0 0.275 0.2796875 0.1890625 0.1390625
0 0.2734375 0.14296875 0.1921875 0.1421875
0 0.39140625 0.03984375 0.196875 0.078125
0 0.40859375 0.13984375 0.0765625 0.1484375
0 0.4828125 0.134375 0.0734375 0.1484375
0 0.40546875 0.27578125 0.078125 0.1421875
0 0.4828125 0.28359375 0.0734375 0.1421875
1 0.03125 0.7578125 0.053125 0.11484375
1 0.08828125 0.75390625 0.0609375 0.1140625
1 0.1484375 0.753125 0.05625 0.1171875
1 0.20625 0.784375 0.06328125 0.17734375
1 0.3515625 0.7984375 0.0453125 0.084375
1 0.4859375 0.80625 0.06875 0.08359375
1 0.30234375 0.95234375 0.0578125 0.0953125
1 0.3609375 0.953125 0.0609375 0.09375
1 0.4203125 0.953125 0.059375 0.09375
1 0.48359375 0.9578125 0.059375 0.084375