0 0.24765625 0.24765625 0.04765625 0.1890625
0 0.2875 0.2453125 0.04375 0.1875
0 0.32890625 0.2453125 0.03984375 0.190625
0 0.41796875 0.24765625 0.1515625 0.20390625
0 0.51171875 0.24609375 0.0375 0.20546875
0 0.55078125 0.240625 0.04375 0.19453125
0 0.59453125 0.23828125 0.0375 0.18125
0 0.71171875 0.29453125 0.05859375 0.1015625
0 0.7125 0.196875 0.05859375 0.0984375
0 0.7140625 0.10234375 0.05859375 0.1015625
0 0.77578125 0.1 0.05703125 0.0984375
0 0.77265625 0.19765625 0.0609375 0.09375
0 0.771875 0.28984375 0.05546875 0.09375
0 0.83125 0.29140625 0.0609375 0.0984375
0 0.83046875 0.2 0.059375 0.09453125
0 0.83359375 0.10234375 0.05859375 0.10390625
0 0.89375 0.10078125 0.06171875 0.08828125
0 0.89296875 0.1921875 0.05859375 0.0984375
0 0.89296875 0.28984375 0.05703125 0.09375
0 0.95234375 0.29296875 0.05703125 0.0984375
0 0.95234375 0.196875 0.0609375 0.1078125
0 0.9515625 0.10390625 0.0625 0.0984375
0 0.05234375 0.81796875 0.103125 0.18125
0 0.05 0.95625 0.1 0.08671875
0 0.06875 0.29375 0.075 0.09609375
0 0.74921875 0.86484375 0.13671875 0.134375
0 0.74453125 0.9640625 0.1421875 0.06953125
0 0.871875 0.86953125 0.10390625 0.1328125
0 0.87265625 0.96875 0.10390625 0.0625
0 0.96171875 0.8734375 0.0765625 0.1359375
0 0.96171875 0.96484375 0.0734375 0.0703125
1 0.534375 0.8078125 0.0640625 0.21796875
1 0.4703125 0.8078125 0.059375 0.2125
1 0.41015625 0.8078125 0.05625 0.2125
1 0.35078125 0.803125 0.0640625 0.21796875
1 0.5375 0.95703125 0.06796875 0.0859375
1 0.47421875 0.95703125 0.06171875 0.0859375
1 0.41484375 0.95703125 0.05859375 0.0859375
1 0.35234375 0.9546875 0.06640625 0.090625
0 0.015625 0.29453125 0.03046875 0.096875