0 0.98125 0.24921875 0.0375 0.16953125
0 0.84296875 0.2625 0.06875 0.115625
0 0.84296875 0.1546875 0.06953125 0.1078125
0 0.83671875 0.0609375 0.07109375 0.09453125
0 0.76484375 0.05078125 0.07109375 0.084375
0 0.77265625 0.14921875 0.071875 0.11171875
0 0.7703125 0.26328125 0.078125 0.1203125
0 0.62890625 0.046875 0.20078125 0.0921875
0 0.61796875 0.15 0.19609375 0.1140625
0 0.61796875 0.26171875 0.2015625 0.1203125
0 0.971875 0.73984375 0.05625 0.1328125
0 0.971875 0.871875 0.05625 0.11875
0 0.971875 0.96484375 0.05625 0.0703125