0 0.1453125 0.4171875 0.20078125 0.21953125
0 0.1515625 0.221875 0.1984375 0.1890625
0 0.1609375 0.06953125 0.19921875 0.13828125
0 0.35078125 0.07265625 0.19296875 0.14375
0 0.3453125 0.23359375 0.196875 0.18046875
0 0.3421875 0.4234375 0.20625 0.21015625
0 0.36328125 0.9171875 0.16328125 0.14375
0 0.2171875 0.92109375 0.12890625 0.1515625
0 0.09140625 0.92109375 0.11875 0.1515625
0 0.62578125 0.92109375 0.16796875 0.1578125
0 0.7671875 0.925 0.12421875 0.15
0 0.8890625 0.92265625 0.128125 0.1546875
0 0.7046875 0.45078125 0.29609375 0.1328125
0 0.709375 0.3015625 0.28515625 0.15390625
0 0.7046875 0.15546875 0.28203125 0.1328125
0 0.89140625 0.1578125 0.1078125 0.1328125
0 0.903125 0.30625 0.10234375 0.1484375
0 0.90546875 0.4421875 0.1078125 0.134375
0 0.6109375 0.04609375 0.09296875 0.090625
0 0.7953125 0.0484375 0.2796875 0.0953125