0 0.75234375 0.24765625 0.04765625 0.1890625
0 0.7125 0.2453125 0.04375 0.1875
0 0.67109375 0.2453125 0.03984375 0.190625
0 0.58203125 0.24765625 0.1515625 0.20390625
0 0.48828125 0.24609375 0.0375 0.20546875
0 0.44921875 0.240625 0.04375 0.19453125
0 0.40625 0.23828125 0.0375 0.18125
0 0.28828125 0.29453125 0.05859375 0.1015625
0 0.2875 0.196875 0.05859375 0.0984375
0 0.2859375 0.10234375 0.05859375 0.1015625
0 0.225 0.1 0.05703125 0.0984375
0 0.22734375 0.19765625 0.0609375 0.09375
0 0.228125 0.28984375 0.05546875 0.09375
0 0.16875 0.29140625 0.0609375 0.0984375
0 0.16953125 0.2 0.059375 0.09453125
0 0.16640625 0.10234375 0.05859375 0.10390625
0 0.10625 0.10078125 0.06171875 0.08828125
0 0.10703125 0.1921875 0.05859375 0.0984375
0 0.1078125 0.28984375 0.05703125 0.09375
0 0.0484375 0.29296875 0.05703125 0.0984375
0 0.04765625 0.196875 0.0609375 0.1078125
0 0.0484375 0.10390625 0.0625 0.0984375
0 0.94765625 0.81796875 0.103125 0.18125
0 0.95 0.95625 0.1 0.08671875
0 0.93125 0.29375 0.075 0.09609375
0 0.25078125 0.86484375 0.13671875 0.134375
0 0.25625 0.9640625 0.1421875 0.06953125
0 0.12890625 0.86953125 0.10390625 0.1328125
0 0.12734375 0.96875 0.10390625 0.0625
0 0.03828125 0.8734375 0.0765625 0.1359375
0 0.03671875 0.96484375 0.0734375 0.0703125
1 0.46640625 0.8078125 0.0640625 0.21796875
1 0.5296875 0.8078125 0.059375 0.2125
1 0.58984375 0.8078125 0.05625 0.2125
1 0.64921875 0.803125 0.0640625 0.21796875
1 0.4625 0.95703125 0.06796875 0.0859375
1 0.5265625 0.95703125 0.06171875 0.0859375
1 0.58515625 0.95703125 0.05859375 0.0859375
1 0.64765625 0.9546875 0.06640625 0.090625
0 0.984375 0.29453125 0.03046875 0.096875