0 0.0203125 0.30390625 0.03984375 0.09453125
0 0.01953125 0.20859375 0.0375 0.0953125
0 0.0203125 0.1125 0.03984375 0.1
0 0.06875 0.1140625 0.05703125 0.0921875
0 0.07109375 0.21171875 0.053125 0.09453125
0 0.06953125 0.309375 0.053125 0.0921875
0 0.12421875 0.3 0.06328125 0.09375
0 0.125 0.2109375 0.05703125 0.10625
0 0.12109375 0.11640625 0.05703125 0.1
0 0.17890625 0.11171875 0.0609375 0.0921875
0 0.18125 0.2078125 0.053125 0.0984375
0 0.18671875 0.3 0.0515625 0.1
0 0.23828125 0.296875 0.05703125 0.10390625
0 0.2375 0.209375 0.05546875 0.10625
0 0.2359375 0.11171875 0.05546875 0.0953125
0 0.29140625 0.11875 0.05625 0.09609375
0 0.29609375 0.21640625 0.05546875 0.08515625
0 0.2984375 0.303125 0.05625 0.084375
0 0.1625 0.8671875 0.10390625 0.128125
0 0.165625 0.96328125 0.1046875 0.0734375
0 0.2796875 0.85390625 0.1296875 0.1328125
0 0.2796875 0.96015625 0.12421875 0.07890625
0 0.05625 0.85625 0.11171875 0.134375
0 0.05625 0.9625 0.11171875 0.075
0 0.61640625 0.9578125 0.1453125 0.084375
0 0.5359375 0.290625 0.21015625 0.1359375
0 0.74140625 0.2859375 0.2078125 0.1390625
0 0.9234375 0.13125 0.15234375 0.15
0 0.92578125 0.275 0.14765625 0.14375
1 0.86796875 0.821875 0.0640625 0.0953125
1 0.71953125 0.7953125 0.04765625 0.08515625
1 0.82578125 0.959375 0.0734375 0.08046875
1 0.88828125 0.95703125 0.0578125 0.0859375
1 0.9484375 0.96015625 0.05859375 0.07890625
1 0.7578125 0.96015625 0.0671875 0.07890625
1 0.4796875 0.78671875 0.06171875 0.1703125
1 0.54140625 0.7625 0.06328125 0.121875
1 0.603125 0.7609375 0.06328125 0.11484375
1 0.665625 0.78984375 0.059375 0.18203125