0 0.825 0.43671875 0.13515625 0.1328125
0 0.81796875 0.5578125 0.13203125 0.125
0 0.80390625 0.6703125 0.13203125 0.109375
0 0.7921875 0.7765625 0.1265625 0.121875
0 0.78203125 0.88515625 0.1265625 0.10390625
0 0.6765625 0.88984375 0.0921875 0.10390625
0 0.684375 0.7828125 0.09765625 0.1140625
0 0.69375 0.675 0.09609375 0.10390625
0 0.70703125 0.56484375 0.09453125 0.1140625
0 0.709375 0.434375 0.09765625 0.1390625
0 0.5953125 0.43203125 0.13203125 0.1234375
0 0.59296875 0.55625 0.13125 0.121875
0 0.5859375 0.67109375 0.1265625 0.10625
0 0.5796875 0.77578125 0.11875 0.1078125
0 0.57578125 0.88046875 0.1171875 0.1140625
0 0.2734375 0.5515625 0.14609375 0.1140625
0 0.3578125 0.70625 0.15625 0.11171875
0 0.3625 0.821875 0.1484375 0.1171875
0 0.3703125 0.92109375 0.1421875 0.1015625
0 0.2609375 0.92578125 0.07890625 0.1140625
0 0.2546875 0.82109375 0.07578125 0.115625
0 0.246875 0.71015625 0.0765625 0.11953125
0 0.1359375 0.709375 0.153125 0.121875
0 0.14765625 0.8234375 0.146875 0.11953125
0 0.16015625 0.92578125 0.14296875 0.1140625
1 0.4421875 0.35546875 0.0640625 0.13984375
1 0.378125 0.34140625 0.059375 0.115625
1 0.31640625 0.3421875 0.0609375 0.11484375
1 0.26015625 0.359375 0.0578125 0.14921875
1 0.0734375 0.39765625 0.071875 0.08125
1 0.01640625 0.54296875 0.03203125 0.09453125
1 0.06015625 0.54140625 0.06328125 0.090625
1 0.11953125 0.54375 0.065625 0.0984375
1 0.02109375 0.63046875 0.040625 0.08671875
1 0.0640625 0.63203125 0.06640625 0.08515625
1 0.95703125 0.38359375 0.07265625 0.2109375
1 0.9109375 0.38515625 0.0671875 0.20625
1 0.9484375 0.5640625 0.0796875 0.146875
1 0.89609375 0.56171875 0.05625 0.15