0 0.2875 0.60859375 0.246875 0.16640625
0 0.4640625 0.61171875 0.1078125 0.1765625
0 0.4671875 0.4484375 0.10625 0.15703125
0 0.29765625 0.446875 0.24375 0.1671875
0 0.30625 0.28515625 0.23515625 0.17421875
0 0.46953125 0.28671875 0.10546875 0.175
0 0.471875 0.134375 0.0953125 0.15546875
0 0.3140625 0.13125 0.22734375 0.1453125
0 0.6625 0.51796875 0.0703125 0.18828125
0 0.6546875 0.340625 0.06484375 0.17109375
0 0.6515625 0.1734375 0.06328125 0.16171875
0 0.65 0.0484375 0.06484375 0.0953125
0 0.71328125 0.04765625 0.06875 0.09375
0 0.72109375 0.18046875 0.065625 0.16328125
0 0.72578125 0.34453125 0.078125 0.16328125
0 0.7328125 0.52421875 0.08125 0.1671875
0 0.8140625 0.51484375 0.09765625 0.1828125
0 0.803125 0.33515625 0.0921875 0.1671875
0 0.7921875 0.165625 0.08984375 0.1671875
0 0.7859375 0.046875 0.08203125 0.0921875
0 0.86015625 0.04609375 0.0703125 0.090625
0 0.86796875 0.16875 0.0765625 0.16171875
0 0.88125 0.3375 0.0765625 0.1671875
0 0.896875 0.5140625 0.08671875 0.17890625
0 0.96015625 0.5109375 0.0796875 0.18671875
0 0.9515625 0.32734375 0.084375 0.17109375
0 0.9359375 0.16953125 0.08203125 0.1734375
0 0.925 0.04609375 0.07109375 0.090625
0 0.05390625 0.51015625 0.078125 0.175
0 0.0609375 0.3453125 0.07890625 0.1703125
0 0.07734375 0.17578125 0.078125 0.18125
0 0.0890625 0.04609375 0.06640625 0.090625
0 0.034375 0.0484375 0.0671875 0.0953125
0 0.028125 0.1828125 0.05546875 0.1734375