0 0.0328125 0.28359375 0.0640625 0.1421875
0 0.24453125 0.2875 0.19609375 0.14609375
0 0.24375 0.1453125 0.19375 0.15
0 0.36875 0.0359375 0.20390625 0.0703125
0 0.38125 0.13125 0.07890625 0.15
0 0.45859375 0.1359375 0.071875 0.15625
0 0.384375 0.28515625 0.07578125 0.1484375
0 0.459375 0.28203125 0.075 0.1421875
1 0.32734375 0.8046875 0.04609375 0.08828125
1 0.4625 0.8234375 0.06953125 0.1015625
1 0.2734375 0.95546875 0.0609375 0.08828125
1 0.33515625 0.9546875 0.06171875 0.0828125
1 0.3953125 0.95546875 0.05859375 0.07734375
1 0.45859375 0.9625 0.06328125 0.0671875
1 0.05 0.7671875 0.06171875 0.115625
1 0.1125 0.77109375 0.06328125 0.121875
1 0.17890625 0.79921875 0.0640625 0.175