0 0.19296875 0.26328125 0.203125 0.16328125
0 0.19375 0.11875 0.20234375 0.146875
0 0.0484375 0.115625 0.0953125 0.1421875
0 0.04609375 0.2609375 0.090625 0.15625
0 0.02890625 0.70859375 0.05625 0.24296875
0 0.10546875 0.7078125 0.09609375 0.23671875
0 0.196875 0.7046875 0.09609375 0.22890625
0 0.1953125 0.90625 0.090625 0.1875
0 0.10625 0.909375 0.09609375 0.18125
0 0.03046875 0.90703125 0.059375 0.18046875
0 0.4875 0.7640625 0.1625 0.1421875
0 0.4796875 0.903125 0.16796875 0.134375
0 0.625 0.775 0.11875 0.1328125
0 0.62421875 0.89765625 0.11875 0.125
0 0.74609375 0.77734375 0.1234375 0.1328125
0 0.7453125 0.90234375 0.12109375 0.1203125
0 0.490625 0.2140625 0.20625 0.25625
0 0.5 0.046875 0.20234375 0.0921875
0 0.696875 0.05078125 0.20234375 0.1
0 0.69296875 0.2203125 0.20234375 0.2546875
0 0.9328125 0.21640625 0.13359375 0.2390625
0 0.93359375 0.0515625 0.1328125 0.1015625
0 0.9265625 0.76484375 0.1296875 0.14375
0 0.915625 0.90546875 0.13203125 0.1328125