0 0.1 0.240625 0.1984375 0.140625
0 0.37421875 0.2359375 0.20703125 0.146875
0 0.3734375 0.0875 0.20625 0.15625
0 0.51796875 0.0796875 0.084375 0.15625
0 0.596875 0.0796875 0.078125 0.15703125
0 0.52265625 0.2375 0.0796875 0.1578125
0 0.6015625 0.23515625 0.071875 0.1515625
0 0.0515625 0.95390625 0.103125 0.0921875
1 0.4015625 0.78671875 0.0515625 0.1015625
1 0.5453125 0.8125 0.06875 0.10390625
1 0.36796875 0.95234375 0.0609375 0.09453125
1 0.43203125 0.9515625 0.065625 0.096875
1 0.49375 0.9515625 0.06484375 0.096875
1 0.55546875 0.95390625 0.0609375 0.0921875
1 0.08671875 0.753125 0.0515625 0.12578125
1 0.1421875 0.7484375 0.0609375 0.11640625
1 0.2046875 0.7484375 0.059375 0.11953125
1 0.26875 0.775 0.0640625 0.17109375