0 0.165625 0.23125 0.19609375 0.2328125
0 0.1609375 0.059375 0.19609375 0.11640625
0 0.35625 0.059375 0.19296875 0.11640625
0 0.36171875 0.23671875 0.2 0.23671875
0 0.13046875 0.7625 0.11875 0.13125
0 0.12421875 0.89375 0.1203125 0.134375
0 0.24921875 0.76953125 0.11875 0.1328125
0 0.2453125 0.90078125 0.11796875 0.1328125
0 0.38984375 0.7703125 0.15390625 0.134375
0 0.38359375 0.9 0.15625 0.134375
0 0.63671875 0.77421875 0.1546875 0.134375
0 0.634375 0.90078125 0.15625 0.1203125
0 0.76640625 0.7765625 0.1125 0.1359375
0 0.7703125 0.9015625 0.1125 0.13125
0 0.8765625 0.7703125 0.11015625 0.1265625
0 0.8796875 0.89609375 0.10859375 0.1328125
0 0.7171875 0.271875 0.28828125 0.159375
0 0.7203125 0.1046875 0.28203125 0.175
0 0.9109375 0.103125 0.09765625 0.16953125
0 0.91015625 0.2671875 0.0984375 0.16328125