0 0.12578125 0.31796875 0.25078125 0.17109375
0 0.12421875 0.47421875 0.246875 0.159375
0 0.0765625 0.64453125 0.153125 0.16953125
0 0.07578125 0.8015625 0.15 0.15546875
0 0.07421875 0.93828125 0.146875 0.1234375
0 0.2 0.646875 0.10625 0.1734375
0 0.20078125 0.803125 0.10234375 0.15390625
0 0.19609375 0.9390625 0.1 0.121875
0 0.43828125 0.26328125 0.1953125 0.1296875
0 0.44375 0.3859375 0.2 0.1078125
0 0.4390625 0.496875 0.19921875 0.1171875
0 0.37109375 0.61953125 0.07578125 0.1140625
0 0.36953125 0.728125 0.0765625 0.11171875
0 0.365625 0.84140625 0.071875 0.11875
0 0.36171875 0.94921875 0.0671875 0.1015625
0 0.44453125 0.61640625 0.071875 0.109375
0 0.4421875 0.7359375 0.071875 0.11171875
0 0.4390625 0.85078125 0.07578125 0.11171875
0 0.44296875 0.94921875 0.0734375 0.1015625
0 0.57734375 0.2703125 0.06875 0.11953125
0 0.5796875 0.384375 0.07109375 0.1125
0 0.57890625 0.503125 0.0734375 0.1171875
0 0.6484375 0.5046875 0.06796875 0.1171875
0 0.6515625 0.38984375 0.06953125 0.11875
0 0.64921875 0.278125 0.0703125 0.1234375
0 0.58359375 0.61640625 0.1984375 0.11796875
0 0.58359375 0.73359375 0.1921875 0.1234375
0 0.5921875 0.85234375 0.19609375 0.1171875
0 0.58984375 0.953125 0.1953125 0.09375