0 0.87421875 0.3171875 0.2515625 0.171875
0 0.87578125 0.47421875 0.246875 0.159375
0 0.9234375 0.64453125 0.153125 0.16953125
0 0.92421875 0.8015625 0.15 0.15546875
0 0.9265625 0.93828125 0.146875 0.1234375
0 0.80078125 0.646875 0.10625 0.1734375
0 0.79921875 0.803125 0.10234375 0.15390625
0 0.80390625 0.9390625 0.1 0.121875
0 0.56171875 0.26328125 0.1953125 0.1296875
0 0.55625 0.3859375 0.2 0.1078125
0 0.5609375 0.496875 0.19921875 0.1171875
0 0.62890625 0.61953125 0.07578125 0.1140625
0 0.63046875 0.728125 0.0765625 0.11171875
0 0.634375 0.84140625 0.071875 0.11875
0 0.63828125 0.94921875 0.0671875 0.1015625
0 0.55546875 0.61640625 0.071875 0.109375
0 0.5578125 0.7359375 0.071875 0.11171875
0 0.56171875 0.85078125 0.07578125 0.11171875
0 0.55703125 0.94921875 0.0734375 0.1015625
0 0.4234375 0.2703125 0.06875 0.11953125
0 0.4203125 0.384375 0.07109375 0.1125
0 0.42109375 0.503125 0.0734375 0.1171875
0 0.3515625 0.5046875 0.06796875 0.1171875
0 0.3484375 0.38984375 0.06953125 0.11875
0 0.35078125 0.278125 0.0703125 0.1234375
0 0.41640625 0.61640625 0.1984375 0.11796875
0 0.41640625 0.73359375 0.1921875 0.1234375
0 0.4078125 0.85234375 0.19609375 0.1171875
0 0.40859375 0.953125 0.1953125 0.09375