0 0.9796875 0.30390625 0.03984375 0.09453125
0 0.98125 0.20859375 0.0375 0.0953125
0 0.9796875 0.1125 0.03984375 0.1
0 0.93125 0.1140625 0.05703125 0.0921875
0 0.92890625 0.21171875 0.053125 0.09453125
0 0.93046875 0.309375 0.053125 0.0921875
0 0.87578125 0.3 0.06328125 0.09375
0 0.87578125 0.2109375 0.05703125 0.10625
0 0.87890625 0.11640625 0.05703125 0.1
0 0.82109375 0.11171875 0.0609375 0.0921875
0 0.81875 0.2078125 0.053125 0.0984375
0 0.81328125 0.3 0.0515625 0.1
0 0.76171875 0.296875 0.05703125 0.10390625
0 0.76328125 0.209375 0.05546875 0.10625
0 0.7640625 0.11171875 0.05546875 0.0953125
0 0.709375 0.11875 0.05625 0.09609375
0 0.7046875 0.21640625 0.05546875 0.08515625
0 0.7015625 0.303125 0.05625 0.084375
0 0.8375 0.8671875 0.10390625 0.128125
0 0.834375 0.96328125 0.1046875 0.0734375
0 0.7203125 0.85390625 0.1296875 0.1328125
0 0.7203125 0.96015625 0.12421875 0.07890625
0 0.94375 0.85625 0.11171875 0.134375
0 0.94375 0.9625 0.11171875 0.075
0 0.3828125 0.9578125 0.146875 0.084375
0 0.4640625 0.290625 0.21015625 0.1359375
0 0.25859375 0.2859375 0.2078125 0.1390625
0 0.0765625 0.13125 0.15234375 0.15
0 0.07421875 0.275 0.14765625 0.14375
1 0.1328125 0.821875 0.0640625 0.0953125
1 0.28046875 0.7953125 0.04765625 0.08515625
1 0.17421875 0.959375 0.0734375 0.08046875
1 0.11015625 0.95703125 0.0578125 0.0859375
1 0.0515625 0.96015625 0.05859375 0.07890625
1 0.24296875 0.96015625 0.0671875 0.07890625
1 0.5203125 0.78671875 0.06171875 0.1703125
1 0.45859375 0.7625 0.06328125 0.121875
1 0.396875 0.7609375 0.06328125 0.11484375
1 0.33515625 0.78984375 0.059375 0.18203125