0 0.7125 0.60859375 0.246875 0.16640625
0 0.53671875 0.61171875 0.1078125 0.1765625
0 0.5328125 0.4484375 0.10625 0.15703125
0 0.70234375 0.446875 0.24375 0.1671875
0 0.69375 0.28515625 0.23515625 0.17421875
0 0.53046875 0.28671875 0.10546875 0.175
0 0.528125 0.134375 0.0953125 0.15546875
0 0.6859375 0.13125 0.22734375 0.1453125
0 0.3375 0.51796875 0.0703125 0.18828125
0 0.34609375 0.340625 0.06484375 0.17109375
0 0.3484375 0.1734375 0.06328125 0.16171875
0 0.35 0.0484375 0.06484375 0.0953125
0 0.2875 0.04765625 0.06875 0.09375
0 0.27890625 0.18046875 0.065625 0.16328125
0 0.27421875 0.34453125 0.078125 0.16328125
0 0.2671875 0.52421875 0.08125 0.1671875
0 0.1859375 0.51484375 0.09765625 0.1828125
0 0.196875 0.33515625 0.0921875 0.1671875
0 0.2078125 0.165625 0.08984375 0.1671875
0 0.2140625 0.046875 0.08203125 0.0921875
0 0.13984375 0.04609375 0.0703125 0.090625
0 0.1328125 0.16875 0.0765625 0.16171875
0 0.11953125 0.3375 0.0765625 0.1671875
0 0.103125 0.5140625 0.08671875 0.17890625
0 0.040625 0.5109375 0.0796875 0.18671875
0 0.0484375 0.32734375 0.084375 0.17109375
0 0.0640625 0.16953125 0.08203125 0.1734375
0 0.075 0.04609375 0.07109375 0.090625
0 0.94609375 0.51015625 0.078125 0.175
0 0.9390625 0.3453125 0.07890625 0.1703125
0 0.92265625 0.17578125 0.078125 0.18125
0 0.9109375 0.04609375 0.06640625 0.090625
0 0.965625 0.0484375 0.0671875 0.0953125
0 0.971875 0.18203125 0.05625 0.1734375