0 0.91796875 0.68125 0.06640625 0.10625
0 0.909375 0.58515625 0.06328125 0.09609375
0 0.8984375 0.49453125 0.059375 0.0890625
0 0.84609375 0.49765625 0.059375 0.0890625
0 0.853125 0.58671875 0.06171875 0.09921875
0 0.86015625 0.68203125 0.0625 0.0984375
0 0.80390625 0.67578125 0.0609375 0.09609375
0 0.79765625 0.58671875 0.0625 0.0984375
0 0.7921875 0.49453125 0.059375 0.09453125
0 0.73671875 0.49453125 0.05546875 0.0875
0 0.74140625 0.58515625 0.06171875 0.09140625
0 0.74296875 0.67578125 0.0609375 0.09609375
0 0.68125 0.49453125 0.059375 0.0921875
0 0.68359375 0.58671875 0.05703125 0.0984375
0 0.6859375 0.6765625 0.06171875 0.0984375
0 0.6265625 0.68203125 0.05703125 0.103125
0 0.63125 0.5890625 0.0578125 0.1015625
0 0.62578125 0.496875 0.05390625 0.09453125
0 0.57421875 0.5015625 0.05 0.0890625
0 0.5703125 0.58828125 0.05546875 0.09375
0 0.56640625 0.68828125 0.05859375 0.08671875
0 0.3265625 0.665625 0.21015625 0.1390625
0 0.11875 0.6703125 0.21953125 0.1359375