0 0.403125 0.5328125 0.11484375 0.17734375
0 0.22421875 0.52578125 0.25078125 0.20390625
0 0.2203125 0.721875 0.25078125 0.19453125
0 0.40078125 0.71953125 0.109375 0.20234375
0 0.2171875 0.90703125 0.25625 0.1859375
0 0.3953125 0.90625 0.109375 0.1875
0 0.6 0.39375 0.0734375 0.20390625
0 0.59921875 0.59296875 0.0765625 0.20234375
0 0.59765625 0.790625 0.075 0.2
0 0.6 0.94296875 0.071875 0.1140625
0 0.67265625 0.9453125 0.0703125 0.109375
0 0.67265625 0.78828125 0.078125 0.20546875
0 0.67421875 0.59296875 0.075 0.20546875
0 0.675 0.38984375 0.078125 0.20859375
0 0.753125 0.39375 0.0921875 0.21796875
0 0.75625 0.59609375 0.08515625 0.20234375
0 0.75390625 0.79609375 0.08515625 0.20546875
0 0.7515625 0.94296875 0.0890625 0.1140625
0 0.83515625 0.93984375 0.078125 0.11953125
0 0.83515625 0.78125 0.0796875 0.2
0 0.8375 0.590625 0.0796875 0.19609375
0 0.8375 0.38828125 0.075 0.20859375
0 0.909375 0.38515625 0.0671875 0.20546875
0 0.9109375 0.59296875 0.0734375 0.21015625
0 0.91171875 0.79609375 0.07109375 0.18984375
0 0.91015625 0.93984375 0.071875 0.11953125
0 0.625 0.0265625 0.11796875 0.05234375
0 0.74453125 0.0296875 0.1171875 0.0578125
0 0.8875 0.028125 0.1609375 0.05390625