0 0.03828125 0.9046875 0.07578125 0.1078125
0 0.03515625 0.8 0.06875 0.1015625
0 0.03515625 0.69609375 0.06875 0.1234375
0 0.034375 0.5828125 0.06796875 0.1109375
0 0.02578125 0.4734375 0.05078125 0.11171875
0 0.0234375 0.353125 0.04609375 0.1359375
0 0.140625 0.34609375 0.1203125 0.13125
0 0.14453125 0.46875 0.11875 0.1265625
0 0.146875 0.584375 0.1125 0.1265625
0 0.1703125 0.7015625 0.1484375 0.1171875
0 0.1765625 0.8078125 0.14453125 0.1078125
0 0.18359375 0.90703125 0.140625 0.10390625
0 0.259375 0.34921875 0.1171875 0.134375
0 0.2546875 0.46953125 0.1109375 0.11875
0 0.26015625 0.5875 0.1140625 0.115625
0 0.3 0.70078125 0.109375 0.1078125
0 0.30078125 0.80390625 0.1140625 0.10625
0 0.30625 0.909375 0.1078125 0.109375
0 0.4109375 0.90390625 0.1015625 0.10625
0 0.40859375 0.80703125 0.10390625 0.11171875
0 0.40859375 0.70625 0.10625 0.1078125
0 0.3875 0.59296875 0.1390625 0.125
0 0.3859375 0.46953125 0.14921875 0.125
0 0.3921875 0.353125 0.153125 0.1421875
0 0.63125 0.34296875 0.1546875 0.1359375
0 0.63125 0.471875 0.15625 0.1203125
0 0.62578125 0.58125 0.14765625 0.11796875
0 0.6078125 0.69453125 0.11015625 0.1078125
0 0.60078125 0.79921875 0.1109375 0.10625
0 0.59921875 0.90078125 0.1046875 0.0953125
0 0.703125 0.90234375 0.1046875 0.1140625
0 0.709375 0.8 0.109375 0.1140625
0 0.7140625 0.696875 0.1171875 0.1125
0 0.7546875 0.584375 0.10625 0.1265625
0 0.759375 0.46875 0.1046875 0.1265625
0 0.7625 0.3484375 0.1125 0.1328125
0 0.8703125 0.346875 0.11484375 0.1234375
0 0.86484375 0.4703125 0.115625 0.1203125
0 0.8578125 0.58125 0.1109375 0.1125
0 0.83828125 0.69375 0.1484375 0.1140625
0 0.83359375 0.8046875 0.1421875 0.10390625
0 0.82265625 0.9015625 0.13671875 0.10625