0 0.9671875 0.28359375 0.0640625 0.1421875
0 0.75546875 0.2875 0.19609375 0.14609375
0 0.75625 0.1453125 0.19375 0.15
0 0.63125 0.0359375 0.20390625 0.0703125
0 0.61875 0.13125 0.07890625 0.15
0 0.54140625 0.1359375 0.071875 0.15625
0 0.615625 0.28515625 0.07578125 0.1484375
0 0.540625 0.28203125 0.075 0.1421875
1 0.6734375 0.8046875 0.04609375 0.08828125
1 0.5375 0.8234375 0.06953125 0.1015625
1 0.7265625 0.95546875 0.0609375 0.08828125
1 0.66484375 0.9546875 0.06171875 0.0828125
1 0.6046875 0.95546875 0.05859375 0.07734375
1 0.5421875 0.9625 0.06328125 0.0671875
1 0.95078125 0.7671875 0.06171875 0.115625
1 0.8875 0.77109375 0.06328125 0.121875
1 0.82109375 0.79921875 0.0640625 0.175