0 0.040625 0.5640625 0.071875 0.18515625
0 0.0375 0.3828125 0.0734375 0.17890625
0 0.03671875 0.20859375 0.071875 0.18125
0 0.03359375 0.06171875 0.0671875 0.12265625
0 0.10703125 0.565625 0.06484375 0.18125
0 0.1015625 0.38125 0.06796875 0.18671875
0 0.1015625 0.20078125 0.06484375 0.17734375
0 0.0984375 0.0578125 0.06953125 0.11484375
0 0.16484375 0.05703125 0.06171875 0.1125
0 0.1640625 0.2046875 0.0625 0.1828125
0 0.16640625 0.38125 0.059375 0.17890625
0 0.16875 0.56171875 0.0609375 0.1734375
0 0.3046875 0.56484375 0.0703125 0.18671875
0 0.3078125 0.38125 0.065625 0.19453125
0 0.30703125 0.19375 0.0625 0.18984375
0 0.3078125 0.05390625 0.0640625 0.10390625
0 0.37109375 0.05078125 0.0640625 0.1
0 0.3734375 0.18984375 0.06484375 0.18515625
0 0.37421875 0.38046875 0.065625 0.18828125
0 0.3734375 0.57265625 0.06953125 0.19296875
0 0.446875 0.57265625 0.0828125 0.19609375
0 0.44765625 0.38125 0.08359375 0.20546875
0 0.44765625 0.1875 0.08359375 0.2
0 0.4453125 0.04765625 0.08515625 0.09375
0 0.52578125 0.0453125 0.0734375 0.08671875
0 0.525 0.1859375 0.07109375 0.19609375
0 0.52734375 0.3796875 0.0765625 0.20546875
0 0.52734375 0.57109375 0.0734375 0.1890625
0 0.5984375 0.56875 0.06953125 0.190625
0 0.60078125 0.378125 0.0703125 0.20234375
0 0.59765625 0.18203125 0.06796875 0.20078125
0 0.5953125 0.04609375 0.07109375 0.090625
0 0.884375 0.096875 0.23046875 0.1921875
0 0.88515625 0.2875 0.22890625 0.20390625
0 0.884375 0.49375 0.23046875 0.20859375
0 0.88515625 0.68046875 0.22890625 0.17109375