0 0.98359375 0.503125 0.03203125 0.16171875
0 0.9828125 0.35625 0.0328125 0.15625
0 0.98359375 0.190625 0.03203125 0.1828125
0 0.98359375 0.0515625 0.03203125 0.1015625
0 0.94140625 0.053125 0.0515625 0.1046875
0 0.940625 0.18984375 0.05390625 0.15390625
0 0.93828125 0.34921875 0.05625 0.146875
0 0.93828125 0.50859375 0.053125 0.16953125
0 0.81484375 0.51171875 0.05625 0.165625
0 0.815625 0.34609375 0.053125 0.175
0 0.81796875 0.1828125 0.0515625 0.17109375
0 0.81484375 0.053125 0.05078125 0.1046875
0 0.76171875 0.04765625 0.05546875 0.09375
0 0.7640625 0.17890625 0.05078125 0.159375
0 0.75859375 0.346875 0.05859375 0.1734375
0 0.75703125 0.51484375 0.0609375 0.16328125
0 0.6921875 0.51640625 0.0703125 0.17890625
0 0.696875 0.34296875 0.075 0.1828125
0 0.69921875 0.171875 0.0765625 0.17734375
0 0.69921875 0.04765625 0.06953125 0.09375
0 0.63125 0.046875 0.0609375 0.0921875
0 0.6296875 0.16953125 0.05859375 0.17890625
0 0.62578125 0.34296875 0.06328125 0.17890625
0 0.625 0.5140625 0.06796875 0.17109375
0 0.5609375 0.50859375 0.05703125 0.18125
0 0.56171875 0.334375 0.0609375 0.18515625
0 0.56796875 0.1609375 0.0609375 0.18515625
0 0.56875 0.03984375 0.06171875 0.078125
0 0.41640625 0.5125 0.06796875 0.190625
0 0.41875 0.3375 0.0609375 0.18671875
0 0.41953125 0.15234375 0.06484375 0.18515625
0 0.3515625 0.14375 0.0640625 0.19765625
0 0.35078125 0.340625 0.0703125 0.19453125
0 0.34609375 0.51796875 0.0671875 0.18828125
0 0.271875 0.5171875 0.0828125 0.18671875
0 0.27109375 0.3265625 0.08828125 0.2
0 0.27109375 0.140625 0.0875 0.19609375
0 0.19140625 0.134375 0.0734375 0.18515625
0 0.18984375 0.32578125 0.07578125 0.190625
0 0.190625 0.5171875 0.07578125 0.18671875
0 0.11796875 0.5140625 0.06875 0.17890625
0 0.11953125 0.33125 0.06875 0.20234375
0 0.11796875 0.13828125 0.071875 0.19453125