0 0.0984375 0.55859375 0.0609375 0.1640625
0 0.09921875 0.4 0.05390625 0.16953125
0 0.10078125 0.23203125 0.05546875 0.16953125
0 0.10078125 0.0796875 0.05390625 0.134375
0 0.153125 0.07734375 0.05078125 0.14609375
0 0.153125 0.23203125 0.05078125 0.15390625
0 0.15546875 0.38984375 0.053125 0.1578125
0 0.15546875 0.56015625 0.053125 0.165625
0 0.21875 0.55625 0.075 0.16328125
0 0.21796875 0.39140625 0.071875 0.17734375
0 0.215625 0.22109375 0.075 0.18671875
0 0.2140625 0.0765625 0.07109375 0.1484375
0 0.2796875 0.0671875 0.06171875 0.1328125
0 0.28203125 0.21796875 0.05859375 0.18125
0 0.28671875 0.3890625 0.0625 0.175
0 0.28515625 0.56328125 0.05703125 0.1734375
0 0.3453125 0.56015625 0.05859375 0.17734375
0 0.3453125 0.3890625 0.0640625 0.18984375
0 0.34140625 0.21328125 0.0640625 0.19453125
0 0.340625 0.0671875 0.0609375 0.1328125
0 0.4859375 0.06015625 0.065625 0.11875
0 0.48828125 0.2046875 0.0671875 0.17734375
0 0.48828125 0.38828125 0.0671875 0.1734375
0 0.48828125 0.56875 0.0671875 0.17890625
0 0.55625 0.57265625 0.0671875 0.19296875
0 0.55703125 0.384375 0.06484375 0.1875
0 0.553125 0.2015625 0.06484375 0.19765625
0 0.55234375 0.0578125 0.06484375 0.11484375
0 0.63359375 0.053125 0.0890625 0.1046875
0 0.63046875 0.196875 0.08515625 0.18984375
0 0.63046875 0.3875 0.08515625 0.18671875
0 0.63203125 0.5671875 0.08671875 0.18515625
0 0.71171875 0.56796875 0.071875 0.18671875
0 0.71171875 0.38125 0.0734375 0.19453125
0 0.7125 0.18515625 0.06796875 0.20390625
0 0.715625 0.0515625 0.071875 0.09375
0 0.784375 0.0453125 0.071875 0.08671875
0 0.784375 0.1921875 0.0703125 0.19453125
0 0.784375 0.3828125 0.07109375 0.190625
0 0.784375 0.575 0.071875 0.17734375