0 0.1421875 0.275 0.05703125 0.17890625
0 0.08359375 0.278125 0.06328125 0.16953125
0 0.02890625 0.2765625 0.05625 0.16953125
0 0.14140625 0.103125 0.059375 0.17890625
0 0.084375 0.11796875 0.0640625 0.17109375
0 0.0296875 0.11953125 0.0578125 0.15546875
0 0.275 0.2796875 0.06484375 0.1890625
0 0.2734375 0.0984375 0.0625 0.18671875
0 0.3390625 0.09609375 0.06328125 0.17734375
0 0.3375 0.2796875 0.0640625 0.1890625
0 0.4078125 0.26796875 0.078125 0.1890625
0 0.40859375 0.09453125 0.07890625 0.1828125
0 0.48125 0.09140625 0.06953125 0.18046875
0 0.48046875 0.271875 0.06796875 0.18671875
0 0.54921875 0.26640625 0.06953125 0.19609375
0 0.54921875 0.0890625 0.07109375 0.17734375
0 0.8546875 0.34453125 0.2859375 0.1921875
0 0.85625 0.15078125 0.2875 0.2
0 0.4171875 0.878125 0.2921875 0.24296875