0 0.09375 0.8484375 0.04609375 0.1421875
0 0.0953125 0.71015625 0.04375 0.146875
0 0.09453125 0.5703125 0.0390625 0.1375
0 0.0953125 0.434375 0.03984375 0.1453125
0 0.1359375 0.434375 0.0421875 0.14140625
0 0.13671875 0.57109375 0.04453125 0.14140625
0 0.13984375 0.715625 0.0453125 0.14296875
0 0.13984375 0.85859375 0.04296875 0.1390625
0 0.18984375 0.86640625 0.0609375 0.15078125
0 0.1890625 0.715625 0.0578125 0.14140625
0 0.1859375 0.57265625 0.05859375 0.15
0 0.184375 0.428125 0.059375 0.1375
0 0.240625 0.4265625 0.0515625 0.1421875
0 0.24140625 0.571875 0.05390625 0.14921875
0 0.24140625 0.7234375 0.053125 0.1484375
0 0.24375 0.871875 0.05 0.15625
0 0.29296875 0.87578125 0.053125 0.15703125
0 0.29375 0.72421875 0.0515625 0.15390625
0 0.29296875 0.571875 0.0515625 0.1546875
0 0.29296875 0.4265625 0.0515625 0.14609375
0 0.5109375 0.52734375 0.2046875 0.15859375
0 0.51015625 0.6859375 0.2078125 0.16875
0 0.51015625 0.840625 0.20390625 0.1828125
0 0.51171875 0.95234375 0.20546875 0.09453125
0 0.66015625 0.9609375 0.0921875 0.078125
0 0.6609375 0.85 0.0953125 0.1640625
0 0.6609375 0.68984375 0.0953125 0.165625
0 0.6609375 0.5296875 0.09296875 0.1671875
0 0.1140625 0.13359375 0.075 0.090625
0 0.11640625 0.04375 0.0703125 0.0859375
0 0.1890625 0.04375 0.078125 0.0859375
0 0.18828125 0.1265625 0.07265625 0.103125
0 0.278125 0.11171875 0.10859375 0.1125
0 0.28046875 0.0359375 0.109375 0.0703125
0 0.45859375 0.08203125 0.13828125 0.134375
0 0.6 0.071875 0.14296875 0.14140625