0 0.01640625 0.503125 0.03203125 0.16171875
0 0.0171875 0.35625 0.0328125 0.15625
0 0.01640625 0.190625 0.03203125 0.1828125
0 0.01640625 0.0515625 0.03203125 0.1015625
0 0.05859375 0.053125 0.0515625 0.1046875
0 0.06015625 0.18984375 0.05390625 0.15390625
0 0.0625 0.34921875 0.05625 0.146875
0 0.06171875 0.50859375 0.053125 0.16953125
0 0.1859375 0.51171875 0.05625 0.165625
0 0.184375 0.34609375 0.053125 0.175
0 0.18203125 0.1828125 0.0515625 0.17109375
0 0.18515625 0.053125 0.05078125 0.1046875
0 0.23828125 0.04765625 0.05546875 0.09375
0 0.2359375 0.17890625 0.05078125 0.159375
0 0.24140625 0.346875 0.05859375 0.1734375
0 0.24296875 0.51484375 0.0609375 0.16328125
0 0.3078125 0.51640625 0.0703125 0.17890625
0 0.303125 0.34296875 0.075 0.1828125
0 0.3015625 0.171875 0.0765625 0.17734375
0 0.30078125 0.04765625 0.06953125 0.09375
0 0.36875 0.046875 0.0609375 0.0921875
0 0.3703125 0.16953125 0.05859375 0.17890625
0 0.375 0.34296875 0.06328125 0.17890625
0 0.375 0.5140625 0.06796875 0.17109375
0 0.4390625 0.50859375 0.05703125 0.18125
0 0.43828125 0.334375 0.0609375 0.18515625
0 0.43203125 0.1609375 0.0609375 0.18515625
0 0.43125 0.03984375 0.06171875 0.078125
0 0.58359375 0.5125 0.06796875 0.190625
0 0.58125 0.3375 0.0609375 0.18671875
0 0.58046875 0.15234375 0.06484375 0.18515625
0 0.6484375 0.14375 0.0640625 0.19765625
0 0.64921875 0.340625 0.0703125 0.19453125
0 0.6546875 0.51796875 0.0671875 0.18828125
0 0.728125 0.5171875 0.0828125 0.18671875
0 0.7296875 0.3265625 0.08828125 0.2
0 0.72890625 0.140625 0.0875 0.19609375
0 0.80859375 0.134375 0.0734375 0.18515625
0 0.8109375 0.32578125 0.07578125 0.190625
0 0.81015625 0.5171875 0.07578125 0.18671875
0 0.8828125 0.5140625 0.06875 0.17890625
0 0.88046875 0.33125 0.06875 0.20234375
0 0.88203125 0.13828125 0.071875 0.19453125