0 0.85859375 0.275 0.05703125 0.17890625
0 0.91640625 0.278125 0.06328125 0.16953125
0 0.971875 0.2765625 0.05625 0.16953125
0 0.85859375 0.103125 0.059375 0.17890625
0 0.91640625 0.11796875 0.0640625 0.17109375
0 0.97109375 0.11953125 0.0578125 0.15546875
0 0.725 0.2796875 0.06484375 0.1890625
0 0.7265625 0.0984375 0.0625 0.18671875
0 0.6609375 0.09609375 0.06328125 0.17734375
0 0.66328125 0.2796875 0.0640625 0.1890625
0 0.5921875 0.26796875 0.078125 0.1890625
0 0.59140625 0.09453125 0.07890625 0.1828125
0 0.51875 0.09140625 0.06953125 0.18046875
0 0.5203125 0.271875 0.06796875 0.18671875
0 0.45078125 0.26640625 0.06953125 0.19609375
0 0.45078125 0.0890625 0.07109375 0.17734375
0 0.1453125 0.34453125 0.2859375 0.1921875
0 0.14453125 0.15078125 0.2875 0.2
0 0.5828125 0.878125 0.2921875 0.24296875