0 0.959375 0.5640625 0.071875 0.18515625
0 0.9625 0.3828125 0.0734375 0.17890625
0 0.96328125 0.20859375 0.071875 0.18125
0 0.96640625 0.06171875 0.0671875 0.12265625
0 0.89375 0.565625 0.06484375 0.18125
0 0.8984375 0.38125 0.06796875 0.18671875
0 0.89921875 0.20078125 0.06484375 0.17734375
0 0.9015625 0.0578125 0.06953125 0.11484375
0 0.83515625 0.05703125 0.06171875 0.1125
0 0.8359375 0.2046875 0.0625 0.1828125
0 0.83359375 0.38125 0.059375 0.17890625
0 0.83125 0.56171875 0.0609375 0.1734375
0 0.6953125 0.56484375 0.0703125 0.18671875
0 0.69296875 0.38125 0.065625 0.19453125
0 0.69296875 0.19375 0.0625 0.18984375
0 0.69296875 0.05390625 0.0640625 0.10390625
0 0.6296875 0.05078125 0.0640625 0.1
0 0.6265625 0.18984375 0.06484375 0.18515625
0 0.6265625 0.38046875 0.065625 0.18828125
0 0.6265625 0.57265625 0.06953125 0.19296875
0 0.553125 0.57265625 0.0828125 0.19609375
0 0.55234375 0.38125 0.08359375 0.20546875
0 0.55234375 0.1875 0.08359375 0.2
0 0.5546875 0.04765625 0.08515625 0.09375
0 0.475 0.0453125 0.0734375 0.08671875
0 0.475 0.1859375 0.07109375 0.19609375
0 0.4734375 0.3796875 0.0765625 0.20546875
0 0.47265625 0.57109375 0.0734375 0.1890625
0 0.4015625 0.56875 0.06953125 0.190625
0 0.39921875 0.378125 0.0703125 0.20234375
0 0.403125 0.18203125 0.06796875 0.20078125
0 0.4046875 0.04609375 0.07109375 0.090625
0 0.115625 0.096875 0.23046875 0.1921875
0 0.11484375 0.2875 0.22890625 0.20390625
0 0.115625 0.49375 0.23046875 0.20859375
0 0.11484375 0.68046875 0.22890625 0.17109375