0 0.9703125 0.73828125 0.0578125 0.178125
0 0.9703125 0.55703125 0.0578125 0.17890625
0 0.971875 0.390625 0.05625 0.16171875
0 0.97109375 0.228125 0.05625 0.16875
0 0.9140625 0.2296875 0.05546875 0.17421875
0 0.91328125 0.38984375 0.05625 0.15859375
0 0.91484375 0.56171875 0.053125 0.18515625
0 0.91640625 0.73046875 0.06015625 0.165625
0 0.85703125 0.71640625 0.071875 0.1703125
0 0.8546875 0.55625 0.065625 0.18203125
0 0.853125 0.3859375 0.071875 0.16171875
0 0.85390625 0.22265625 0.06875 0.17421875
0 0.78828125 0.21953125 0.0609375 0.171875
0 0.7890625 0.38671875 0.059375 0.165625
0 0.78984375 0.55078125 0.06171875 0.165625
0 0.79140625 0.7140625 0.06328125 0.16171875
0 0.728125 0.71171875 0.06328125 0.1703125
0 0.72734375 0.5484375 0.059375 0.17109375
0 0.73125 0.38046875 0.05703125 0.1765625
0 0.73046875 0.21640625 0.0609375 0.17109375
0 0.5984375 0.2234375 0.0578125 0.17265625
0 0.596875 0.38984375 0.0609375 0.16875
0 0.59765625 0.55546875 0.06484375 0.165625
0 0.59765625 0.72421875 0.06171875 0.16875
0 0.53359375 0.7234375 0.0609375 0.16953125
0 0.53515625 0.55625 0.0609375 0.16875
0 0.5375 0.38671875 0.06015625 0.178125
0 0.5375 0.22109375 0.05859375 0.1703125
0 0.46796875 0.225 0.07734375 0.16875
0 0.4671875 0.38671875 0.07421875 0.17109375
0 0.46484375 0.5578125 0.07578125 0.175
0 0.465625 0.7265625 0.0765625 0.16875
0 0.39375 0.73125 0.0625 0.1765625
0 0.39609375 0.5578125 0.0640625 0.1765625
0 0.3984375 0.390625 0.0609375 0.1703125
0 0.39921875 0.21953125 0.059375 0.1765625
0 0.33828125 0.21875 0.06484375 0.18203125
0 0.33515625 0.3890625 0.0625 0.17109375
0 0.33359375 0.5578125 0.059375 0.175
0 0.32890625 0.73125 0.0625 0.1671875
0 0.18515625 0.73671875 0.06796875 0.175
0 0.1828125 0.56328125 0.071875 0.178125
0 0.1828125 0.39296875 0.065625 0.1671875
0 0.1828125 0.21640625 0.065625 0.18046875
0 0.11484375 0.2171875 0.0640625 0.1765625
0 0.11484375 0.39375 0.06875 0.17265625
0 0.11484375 0.5671875 0.06875 0.1734375
0 0.115625 0.74296875 0.0671875 0.1765625
0 0.04296875 0.7421875 0.08515625 0.18046875
0 0.03828125 0.5625 0.0765625 0.18125
0 0.040625 0.38984375 0.07890625 0.178125
0 0.03984375 0.2125 0.0796875 0.1890625