0 0.0359375 0.1125 0.07109375 0.18515625
0 0.1109375 0.10859375 0.078125 0.1734375
0 0.1890625 0.10390625 0.075 0.17109375
0 0.2046875 0.7359375 0.10234375 0.18515625
0 0.20234375 0.9140625 0.1 0.171875
0 0.0765625 0.72890625 0.153125 0.18984375
0 0.07578125 0.81953125 0.15078125 0.0109375
0 0.415625 0.2203125 0.1140625 0.1265625
0 0.4203125 0.0953125 0.1140625 0.128125
0 0.53515625 0.08984375 0.115625 0.1359375
0 0.52890625 0.2125 0.11484375 0.13046875
0 0.67265625 0.203125 0.159375 0.1390625
0 0.6703125 0.075 0.1546875 0.1359375
0 0.8953125 0.0640625 0.1703125 0.1265625
0 0.89609375 0.1859375 0.165625 0.140625
0 0.390625 0.6 0.07109375 0.20078125
0 0.38984375 0.79453125 0.0703125 0.18984375
0 0.38828125 0.9453125 0.0703125 0.109375
0 0.45859375 0.6046875 0.0703125 0.20390625
0 0.459375 0.796875 0.0671875 0.19609375
0 0.45859375 0.94453125 0.065625 0.11015625
0 0.5375 0.94609375 0.090625 0.1078125
0 0.53671875 0.8015625 0.0875 0.19765625
0 0.5359375 0.6015625 0.090625 0.20859375
0 0.61875 0.60234375 0.075 0.21015625
0 0.61953125 0.803125 0.07578125 0.20390625
0 0.61796875 0.94609375 0.0734375 0.1078125
0 0.69296875 0.94609375 0.0765625 0.1078125
0 0.6953125 0.796875 0.075 0.20859375
0 0.69375 0.603125 0.075 0.20859375
0 0.85078125 0.6078125 0.078125 0.20390625
0 0.85390625 0.81328125 0.078125 0.20390625
0 0.85703125 0.95390625 0.0828125 0.0921875
0 0.93828125 0.95625 0.08359375 0.08671875
0 0.93515625 0.809375 0.08125 0.20234375
0 0.9296875 0.609375 0.08359375 0.21171875