0 0.08828125 0.63203125 0.05625 0.17109375
0 0.0921875 0.79296875 0.05625 0.15390625
0 0.09140625 0.93515625 0.05625 0.1296875
0 0.14375 0.93359375 0.05625 0.1328125
0 0.146875 0.79453125 0.05859375 0.15625
0 0.14375 0.63125 0.0609375 0.16953125
0 0.20859375 0.6390625 0.06953125 0.15703125
0 0.2078125 0.7984375 0.0703125 0.1578125
0 0.20859375 0.934375 0.06953125 0.13125
0 0.27421875 0.93515625 0.059375 0.1296875
0 0.2734375 0.79296875 0.05859375 0.146875
0 0.27421875 0.64296875 0.05859375 0.16953125
0 0.334375 0.63828125 0.05625 0.16171875
0 0.33359375 0.7984375 0.05625 0.1578125
0 0.3328125 0.9359375 0.05859375 0.12734375
0 0.575 0.75625 0.2203125 0.17734375
0 0.5796875 0.903125 0.21875 0.1390625
0 0.7328125 0.903125 0.0953125 0.1390625
0 0.7328125 0.76328125 0.0890625 0.17109375
0 0.51640625 0.28515625 0.1671875 0.1359375
0 0.51484375 0.1515625 0.16640625 0.15390625
0 0.51015625 0.03984375 0.17109375 0.078125
0 0.665625 0.040625 0.13515625 0.0796875
0 0.66875 0.1515625 0.134375 0.1359375
0 0.6671875 0.28671875 0.13203125 0.14375
0 0.315625 0.2984375 0.1265625 0.1171875
0 0.20859375 0.30078125 0.09296875 0.1171875
0 0.11484375 0.30234375 0.09453125 0.1171875
0 0.11640625 0.196875 0.08671875 0.10390625
0 0.2078125 0.196875 0.090625 0.0984375
0 0.31875 0.19296875 0.1296875 0.1078125
0 0.1203125 0.10078125 0.0890625 0.0953125
0 0.20859375 0.09296875 0.09296875 0.11171875
0 0.31875 0.0890625 0.13359375 0.115625