0 0.03671875 0.71171875 0.05703125 0.17265625
0 0.03359375 0.53828125 0.06015625 0.1765625
0 0.03203125 0.3703125 0.0609375 0.17421875
0 0.03203125 0.209375 0.0625 0.16328125
0 0.25 0.79609375 0.209375 0.14375
0 0.40078125 0.79921875 0.0953125 0.1546875
0 0.40390625 0.64609375 0.0921875 0.165625
0 0.25234375 0.64296875 0.2109375 0.17265625
0 0.2546875 0.48359375 0.21015625 0.15859375
0 0.40390625 0.48203125 0.090625 0.1703125
0 0.40625 0.3234375 0.09296875 0.17734375
0 0.25703125 0.32265625 0.2078125 0.1703125
0 0.58203125 0.19375 0.0625 0.175
0 0.5828125 0.36796875 0.06484375 0.18125
0 0.58125 0.54453125 0.06640625 0.18046875
0 0.58203125 0.71796875 0.06796875 0.1765625
0 0.646875 0.18828125 0.06796875 0.178125
0 0.6484375 0.36953125 0.06875 0.1828125
0 0.64765625 0.54453125 0.0703125 0.17890625
0 0.64921875 0.72109375 0.0671875 0.18046875
0 0.71953125 0.72421875 0.08125 0.1765625
0 0.7203125 0.546875 0.07890625 0.1875
0 0.72109375 0.3625 0.07890625 0.19296875
0 0.7203125 0.1828125 0.0796875 0.1859375
0 0.7953125 0.1859375 0.06796875 0.1765625
0 0.7953125 0.3609375 0.0703125 0.18515625
0 0.7953125 0.5453125 0.06953125 0.18515625
0 0.79609375 0.72421875 0.0703125 0.1765625
0 0.865625 0.71875 0.06875 0.18046875
0 0.86484375 0.54140625 0.06484375 0.18046875
0 0.86171875 0.3609375 0.06328125 0.196875
0 0.86328125 0.175 0.06640625 0.1890625