0 0.0265625 0.728125 0.053125 0.165625
0 0.0265625 0.5640625 0.0484375 0.16484375
0 0.028125 0.403125 0.04765625 0.16640625
0 0.0265625 0.2390625 0.04765625 0.1625
0 0.0796875 0.23984375 0.0515625 0.1640625
0 0.078125 0.4015625 0.05390625 0.16328125
0 0.07890625 0.56484375 0.05546875 0.16328125
0 0.0765625 0.72890625 0.05546875 0.16328125
0 0.14140625 0.728125 0.071875 0.16171875
0 0.13984375 0.56875 0.065625 0.17265625
0 0.140625 0.40234375 0.06796875 0.17109375
0 0.140625 0.24453125 0.06875 0.1671875
0 0.2046875 0.24140625 0.06015625 0.1609375
0 0.2046875 0.40390625 0.06171875 0.165625
0 0.20625 0.571875 0.0609375 0.1703125
0 0.2078125 0.73671875 0.059375 0.165625
0 0.26796875 0.73671875 0.05859375 0.17421875
0 0.26640625 0.56796875 0.05546875 0.175
0 0.26328125 0.403125 0.05703125 0.171875
0 0.26328125 0.23828125 0.05546875 0.17109375
0 0.4015625 0.74609375 0.06484375 0.17109375
0 0.403125 0.575 0.0609375 0.18125
0 0.40390625 0.4046875 0.05546875 0.16875
0 0.40625 0.23359375 0.06015625 0.1765625
0 0.46328125 0.74921875 0.06171875 0.17890625
0 0.465625 0.5765625 0.0625 0.17734375
0 0.46484375 0.40078125 0.0625 0.17890625
0 0.46640625 0.2296875 0.06015625 0.1796875
0 0.53671875 0.23203125 0.0796875 0.1765625
0 0.53671875 0.40546875 0.075 0.175
0 0.534375 0.57734375 0.07734375 0.178125
0 0.534375 0.75546875 0.07734375 0.1765625
0 0.60703125 0.75546875 0.0640625 0.17421875
0 0.6078125 0.5828125 0.0609375 0.18046875
0 0.60703125 0.40703125 0.0640625 0.18046875
0 0.6078125 0.22734375 0.06328125 0.18515625
0 0.671875 0.23203125 0.06484375 0.175
0 0.67109375 0.40625 0.06328125 0.1734375
0 0.67265625 0.584375 0.0671875 0.171875
0 0.67109375 0.75703125 0.06796875 0.178125
0 0.91171875 0.3453125 0.1765625 0.1875
0 0.909375 0.51640625 0.18125 0.1703125
0 0.9109375 0.69296875 0.178125 0.17890625
0 0.9078125 0.85234375 0.18359375 0.14921875