0 0.9734375 0.728125 0.053125 0.165625
0 0.9734375 0.5640625 0.0484375 0.16484375
0 0.971875 0.403125 0.04765625 0.16640625
0 0.97421875 0.2390625 0.04765625 0.1625
0 0.92109375 0.23984375 0.0515625 0.1640625
0 0.921875 0.4015625 0.05390625 0.16328125
0 0.921875 0.56484375 0.05546875 0.16328125
0 0.9234375 0.72890625 0.05546875 0.16328125
0 0.85859375 0.728125 0.071875 0.16171875
0 0.86015625 0.56875 0.065625 0.17265625
0 0.86015625 0.40234375 0.06796875 0.17109375
0 0.86015625 0.24453125 0.06875 0.1671875
0 0.7953125 0.24140625 0.06015625 0.1609375
0 0.7953125 0.40390625 0.06171875 0.165625
0 0.79453125 0.571875 0.0609375 0.1703125
0 0.7921875 0.73671875 0.059375 0.165625
0 0.73203125 0.73671875 0.05859375 0.17421875
0 0.73359375 0.56796875 0.05546875 0.175
0 0.7375 0.403125 0.05703125 0.171875
0 0.7375 0.23828125 0.05546875 0.17109375
0 0.59921875 0.74609375 0.06484375 0.17109375
0 0.596875 0.575 0.0609375 0.18125
0 0.596875 0.4046875 0.05546875 0.16875
0 0.59453125 0.23359375 0.06015625 0.1765625
0 0.53671875 0.74921875 0.06171875 0.17890625
0 0.534375 0.5765625 0.0625 0.17734375
0 0.53515625 0.40078125 0.0625 0.17890625
0 0.534375 0.2296875 0.06015625 0.1796875
0 0.46328125 0.23203125 0.0796875 0.1765625
0 0.46328125 0.40546875 0.075 0.175
0 0.465625 0.57734375 0.07734375 0.178125
0 0.465625 0.75546875 0.07734375 0.1765625
0 0.39296875 0.75546875 0.0640625 0.17421875
0 0.3921875 0.5828125 0.0609375 0.18046875
0 0.39375 0.40703125 0.0640625 0.18046875
0 0.3921875 0.22734375 0.06328125 0.18515625
0 0.328125 0.23203125 0.06484375 0.175
0 0.32890625 0.40625 0.06328125 0.1734375
0 0.32734375 0.584375 0.0671875 0.171875
0 0.3296875 0.75703125 0.06796875 0.178125
0 0.08828125 0.3453125 0.1765625 0.1875
0 0.090625 0.5171875 0.18046875 0.1703125
0 0.0890625 0.69296875 0.178125 0.17890625
0 0.0921875 0.85234375 0.18359375 0.14921875