0 0.35703125 0.75234375 0.10234375 0.1828125
0 0.35703125 0.915625 0.10234375 0.16875
0 0.19375 0.91015625 0.228125 0.1796875
0 0.1953125 0.73671875 0.22734375 0.18984375
0 0.103125 0.1140625 0.078125 0.18515625
0 0.18203125 0.1140625 0.075 0.18515625
0 0.26171875 0.109375 0.08515625 0.190625
0 0.340625 0.09921875 0.07890625 0.18125
0 0.57421875 0.21015625 0.11484375 0.13046875
0 0.5765625 0.08828125 0.11875 0.1265625
0 0.696875 0.084375 0.121875 0.1328125
0 0.69375 0.20859375 0.1171875 0.13046875
0 0.84453125 0.20078125 0.1734375 0.1421875
0 0.8421875 0.07265625 0.1703125 0.1359375
0 0.54921875 0.6078125 0.0734375 0.2
0 0.55 0.80390625 0.0765625 0.190625
0 0.5484375 0.94921875 0.071875 0.1015625
0 0.62265625 0.9515625 0.07265625 0.096875
0 0.62265625 0.80625 0.0765625 0.20234375
0 0.61953125 0.60859375 0.06953125 0.20546875
0 0.70234375 0.61171875 0.0921875 0.19609375
0 0.7046875 0.81328125 0.08984375 0.21015625
0 0.70546875 0.95390625 0.0890625 0.0921875
0 0.78828125 0.95703125 0.0828125 0.0859375
0 0.790625 0.81171875 0.0765625 0.20859375
0 0.7890625 0.6140625 0.0796875 0.2
0 0.86484375 0.6125 0.075 0.20078125
0 0.8671875 0.81328125 0.07578125 0.19765625
0 0.8703125 0.95390625 0.071875 0.0921875