0 0.01953125 0.709375 0.0375 0.15390625
0 0.06640625 0.71171875 0.0625 0.16171875
0 0.02109375 0.54765625 0.040625 0.16328125
0 0.06796875 0.5515625 0.06328125 0.16640625
0 0.0203125 0.38515625 0.03984375 0.165625
0 0.06875 0.390625 0.0578125 0.16328125
0 0.0203125 0.23203125 0.03984375 0.153125
0 0.0703125 0.2296875 0.06171875 0.16171875
0 0.19453125 0.72421875 0.0609375 0.16171875
0 0.19375 0.56015625 0.059375 0.16484375
0 0.19453125 0.3984375 0.05625 0.16640625
0 0.19375 0.23515625 0.05546875 0.159375
0 0.2546875 0.72734375 0.059375 0.1640625
0 0.25390625 0.5640625 0.05625 0.16953125
0 0.2515625 0.396875 0.059375 0.16953125
0 0.24921875 0.23515625 0.0609375 0.165625
0 0.32109375 0.728125 0.0703125 0.16875
0 0.31796875 0.565625 0.075 0.16875
0 0.31640625 0.39765625 0.0734375 0.171875
0 0.31640625 0.23125 0.0734375 0.171875
0 0.3875 0.73203125 0.059375 0.17421875
0 0.38515625 0.565625 0.06171875 0.1734375
0 0.384375 0.40078125 0.06484375 0.1734375
0 0.38203125 0.23203125 0.06015625 0.165625
0 0.44296875 0.23203125 0.0609375 0.1703125
0 0.44375 0.39765625 0.0609375 0.16953125
0 0.44765625 0.565625 0.0609375 0.1703125
0 0.44921875 0.73515625 0.0640625 0.16953125
0 0.5859375 0.740625 0.06484375 0.17734375
0 0.5890625 0.5671875 0.065625 0.175
0 0.5890625 0.39765625 0.06328125 0.17421875
0 0.590625 0.225 0.06328125 0.1796875
0 0.6546875 0.2296875 0.0625 0.17734375
0 0.65390625 0.39921875 0.06484375 0.17734375
0 0.65390625 0.571875 0.0671875 0.1734375
0 0.65078125 0.746875 0.06953125 0.17421875
0 0.72265625 0.74609375 0.084375 0.1765625
0 0.72421875 0.57265625 0.078125 0.18046875
0 0.725 0.4 0.07265625 0.17734375
0 0.72578125 0.22578125 0.08125 0.17734375
0 0.79765625 0.2296875 0.06328125 0.1859375
0 0.79453125 0.40078125 0.06484375 0.17421875
0 0.7984375 0.57734375 0.06484375 0.1734375
0 0.79453125 0.7515625 0.06796875 0.17890625
0 0.8640625 0.75 0.0671875 0.1734375
0 0.86328125 0.57734375 0.06484375 0.178125
0 0.8625 0.40078125 0.06171875 0.1765625
0 0.8640625 0.22578125 0.06640625 0.17734375