0 0.17109375 0.684375 0.08515625 0.1359375
0 0.17421875 0.5484375 0.08671875 0.14765625
0 0.17109375 0.396875 0.084375 0.16171875
0 0.16953125 0.253125 0.0921875 0.165625
0 0.0640625 0.2484375 0.1265625 0.165625
0 0.0640625 0.396875 0.128125 0.1546875
0 0.0640625 0.54453125 0.1265625 0.1703125
0 0.065625 0.68671875 0.13125 0.134375
0 0.3359375 0.6140625 0.0609375 0.1671875
0 0.33515625 0.45 0.0625 0.16328125
0 0.33203125 0.2859375 0.0609375 0.1640625
0 0.33125 0.12109375 0.06171875 0.165625
0 0.390625 0.115625 0.05703125 0.175
0 0.39375 0.28984375 0.05546875 0.17109375
0 0.3953125 0.4515625 0.05859375 0.16328125
0 0.39765625 0.61328125 0.0578125 0.1671875
0 0.4625 0.6140625 0.078125 0.1703125
0 0.45859375 0.446875 0.075 0.16171875
0 0.459375 0.28359375 0.07734375 0.165625
0 0.45625 0.11484375 0.075 0.175
0 0.525 0.1125 0.0625 0.18125
0 0.528125 0.2796875 0.0625 0.16875
0 0.52734375 0.4484375 0.0625 0.1640625
0 0.52890625 0.6125 0.059375 0.165625
0 0.5890625 0.6078125 0.0609375 0.16875
0 0.58984375 0.44375 0.0609375 0.165625
0 0.58984375 0.27734375 0.05703125 0.17421875
0 0.5890625 0.109375 0.0625 0.17734375
0 0.725 0.6125 0.059375 0.16171875
0 0.721875 0.4484375 0.06328125 0.16953125
0 0.7203125 0.28203125 0.0640625 0.17109375
0 0.7171875 0.11640625 0.0640625 0.165625
0 0.78125 0.10703125 0.06640625 0.16875
0 0.78515625 0.2796875 0.06640625 0.1671875
0 0.7859375 0.4515625 0.065625 0.16875
0 0.78671875 0.61953125 0.06171875 0.17109375
0 0.859375 0.6203125 0.07734375 0.1640625
0 0.85625 0.4515625 0.07734375 0.165625
0 0.8578125 0.28046875 0.078125 0.1703125
0 0.853125 0.10859375 0.0765625 0.1703125
0 0.928125 0.61640625 0.06171875 0.1609375
0 0.92890625 0.45 0.0640625 0.16875
0 0.92734375 0.27578125 0.06015625 0.16875
0 0.9234375 0.10234375 0.0578125 0.16875
0 0.9765625 0.10078125 0.04375 0.18046875
0 0.97890625 0.27578125 0.0421875 0.16171875
0 0.9796875 0.44921875 0.040625 0.1640625
0 0.97890625 0.61328125 0.0421875 0.15703125