0 0.04296875 0.32734375 0.08515625 0.0984375
0 0.0421875 0.23203125 0.084375 0.10390625
0 0.04453125 0.1359375 0.08515625 0.1
0 0.02890625 0.04453125 0.05703125 0.0875
0 0.11875 0.04375 0.12421875 0.0859375
0 0.1359375 0.13828125 0.0953125 0.09375
0 0.13515625 0.2359375 0.08984375 0.09609375
0 0.1359375 0.33125 0.0953125 0.0953125
0 0.03046875 0.64921875 0.0609375 0.175
0 0.0890625 0.64765625 0.05859375 0.159375
0 0.15 0.6484375 0.05546875 0.16484375
0 0.0328125 0.81328125 0.0640625 0.146875
0 0.0953125 0.809375 0.05859375 0.159375
0 0.1515625 0.81171875 0.05859375 0.15546875
0 0.03359375 0.94609375 0.0671875 0.1078125
0 0.096875 0.94375 0.0609375 0.11171875
0 0.153125 0.9453125 0.05625 0.109375
0 0.3234375 0.040625 0.12890625 0.0796875
0 0.31015625 0.1296875 0.09453125 0.0875
0 0.3078125 0.22421875 0.09765625 0.1
0 0.3078125 0.3296875 0.0984375 0.1078125
0 0.43125 0.03828125 0.0984375 0.075
0 0.5265625 0.03828125 0.0921875 0.075
0 0.4046875 0.1265625 0.09609375 0.1
0 0.4046875 0.225 0.09453125 0.1015625
0 0.40390625 0.3296875 0.09296875 0.1078125
0 0.5125 0.32578125 0.12109375 0.10625
0 0.51171875 0.225 0.1203125 0.1015625
0 0.51015625 0.1265625 0.1234375 0.1
0 0.2828125 0.6515625 0.05625 0.15546875
0 0.2828125 0.8140625 0.05546875 0.1515625
0 0.28203125 0.9390625 0.05859375 0.1015625
0 0.33671875 0.94609375 0.05859375 0.1
0 0.3375 0.81328125 0.05625 0.15
0 0.33671875 0.66015625 0.0609375 0.16953125
0 0.40390625 0.6578125 0.075 0.1671875
0 0.40234375 0.8140625 0.075 0.16171875
0 0.403125 0.9453125 0.071875 0.109375
0 0.4703125 0.9453125 0.0625 0.109375
0 0.46953125 0.815625 0.06171875 0.16171875
0 0.46875 0.6625 0.05703125 0.1671875
0 0.528125 0.6546875 0.053125 0.16484375
0 0.528125 0.8171875 0.05078125 0.1515625
0 0.528125 0.9453125 0.059375 0.109375
0 0.9015625 0.75234375 0.09453125 0.1578125
0 0.75703125 0.76015625 0.19609375 0.14609375
0 0.75859375 0.91484375 0.19609375 0.16328125
0 0.90390625 0.909375 0.09453125 0.159375
0 0.825 0.178125 0.146875 0.1484375
0 0.68046875 0.18203125 0.14609375 0.14140625
0 0.6796875 0.05703125 0.14296875 0.1125
0 0.8234375 0.0578125 0.1484375 0.11484375
0 0.8265625 0.30859375 0.1453125 0.10859375
0 0.68359375 0.30859375 0.146875 0.115625