0 0.7828125 0.325 0.2296875 0.15390625
0 0.61875 0.321875 0.10078125 0.1734375
0 0.6125 0.16328125 0.10234375 0.1828125
0 0.7796875 0.16328125 0.234375 0.175
0 0.778125 0.0390625 0.2328125 0.0765625
0 0.6109375 0.04140625 0.1 0.08125
0 0.425 0.071875 0.06875 0.1421875
0 0.42578125 0.228125 0.0671875 0.17890625
0 0.359375 0.22109375 0.065625 0.175
0 0.3609375 0.06953125 0.065625 0.13828125
0 0.284375 0.06875 0.08125 0.1359375
0 0.284375 0.225 0.08515625 0.17890625
0 0.209375 0.215625 0.06875 0.175
0 0.20859375 0.06484375 0.06484375 0.1265625
0 0.140625 0.0625 0.0671875 0.121875
0 0.13984375 0.21953125 0.06953125 0.175