0 0.26640625 0.77265625 0.09296875 0.159375
0 0.26953125 0.609375 0.10390625 0.1734375
0 0.27109375 0.4359375 0.103125 0.1921875
0 0.27265625 0.26015625 0.10859375 0.1828125
0 0.109375 0.2546875 0.21796875 0.17109375
0 0.11015625 0.43125 0.21875 0.19453125
0 0.11015625 0.61015625 0.21875 0.18515625
0 0.11015625 0.77890625 0.21953125 0.15546875
0 0.4578125 0.6875 0.0703125 0.190625
0 0.45859375 0.5015625 0.071875 0.19609375
0 0.45859375 0.3078125 0.06796875 0.18125
0 0.4578125 0.12421875 0.0703125 0.1984375
0 0.53046875 0.121875 0.071875 0.19609375
0 0.53125 0.3125 0.075 0.19296875
0 0.53125 0.49921875 0.07578125 0.190625
0 0.52890625 0.690625 0.06875 0.18671875
0 0.6078125 0.6828125 0.07890625 0.18984375
0 0.60390625 0.49609375 0.08359375 0.1921875
0 0.603125 0.30703125 0.08125 0.19765625
0 0.60546875 0.1171875 0.08359375 0.19765625
0 0.68125 0.11796875 0.06796875 0.19296875
0 0.68203125 0.303125 0.06796875 0.18515625
0 0.68359375 0.490625 0.07109375 0.19296875
0 0.67890625 0.68671875 0.071875 0.18515625
0 0.75390625 0.6796875 0.06796875 0.19453125
0 0.75234375 0.4859375 0.06875 0.19296875
0 0.7484375 0.2984375 0.06484375 0.20546875
0 0.7484375 0.1140625 0.0765625 0.19609375
0 0.89609375 0.12109375 0.06875 0.1828125
0 0.89609375 0.3109375 0.07265625 0.18515625
0 0.90234375 0.5 0.07890625 0.1890625
0 0.90625 0.69609375 0.078125 0.18671875
0 0.97109375 0.69375 0.0578125 0.18671875
0 0.97109375 0.5015625 0.0578125 0.2
0 0.96328125 0.303125 0.059375 0.19296875
0 0.9625 0.11328125 0.05625 0.1984375