0 0.73359375 0.77265625 0.09296875 0.159375
0 0.73125 0.609375 0.10390625 0.1734375
0 0.72890625 0.4359375 0.103125 0.1921875
0 0.72734375 0.26015625 0.10859375 0.1828125
0 0.890625 0.2546875 0.21796875 0.17109375
0 0.88984375 0.43125 0.21875 0.19453125
0 0.88984375 0.61015625 0.21875 0.18515625
0 0.88984375 0.77890625 0.21953125 0.15546875
0 0.5421875 0.6875 0.0703125 0.190625
0 0.54140625 0.5015625 0.071875 0.19609375
0 0.54140625 0.3078125 0.06796875 0.18125
0 0.5421875 0.12421875 0.0703125 0.1984375
0 0.46953125 0.121875 0.071875 0.19609375
0 0.46875 0.3125 0.075 0.19296875
0 0.46953125 0.49921875 0.07578125 0.190625
0 0.47109375 0.690625 0.06875 0.18671875
0 0.3921875 0.6828125 0.07890625 0.18984375
0 0.39609375 0.49609375 0.08359375 0.1921875
0 0.396875 0.30703125 0.08125 0.19765625
0 0.3953125 0.1171875 0.08359375 0.19765625
0 0.31875 0.11796875 0.06796875 0.19296875
0 0.31796875 0.303125 0.06796875 0.18515625
0 0.31640625 0.490625 0.07109375 0.19296875
0 0.32109375 0.68671875 0.071875 0.18515625
0 0.246875 0.6796875 0.06796875 0.19453125
0 0.2484375 0.4859375 0.06875 0.19296875
0 0.2515625 0.2984375 0.06484375 0.20546875
0 0.25234375 0.1140625 0.0765625 0.19609375
0 0.1046875 0.12109375 0.06875 0.1828125
0 0.10390625 0.3109375 0.07265625 0.18515625
0 0.09765625 0.5 0.07890625 0.1890625
0 0.09375 0.69609375 0.078125 0.18671875
0 0.02890625 0.69375 0.0578125 0.18671875
0 0.02890625 0.5015625 0.0578125 0.2
0 0.03671875 0.303125 0.059375 0.19296875
0 0.0375 0.11328125 0.05625 0.1984375