0 0.2171875 0.325 0.2296875 0.15390625
0 0.38125 0.321875 0.10078125 0.1734375
0 0.38828125 0.16328125 0.10234375 0.1828125
0 0.2203125 0.16328125 0.234375 0.175
0 0.22265625 0.0390625 0.2328125 0.0765625
0 0.3890625 0.04140625 0.1 0.08125
0 0.575 0.071875 0.06875 0.1421875
0 0.57421875 0.228125 0.0671875 0.17890625
0 0.64140625 0.22109375 0.065625 0.175
0 0.63984375 0.06953125 0.065625 0.13828125
0 0.715625 0.06875 0.08125 0.1359375
0 0.71640625 0.225 0.08515625 0.17890625
0 0.79140625 0.215625 0.06875 0.175
0 0.7921875 0.06484375 0.06484375 0.1265625
0 0.859375 0.0625 0.0671875 0.121875
0 0.86015625 0.21953125 0.06953125 0.175