0 0.0265625 0.1203125 0.053125 0.175
0 0.0296875 0.28515625 0.0578125 0.1671875
0 0.0328125 0.44296875 0.0640625 0.1484375
0 0.0375 0.6 0.071875 0.16953125
0 0.103125 0.61015625 0.05625 0.16328125
0 0.09609375 0.4484375 0.06328125 0.16953125
0 0.084375 0.2828125 0.06171875 0.15390625
0 0.08203125 0.1203125 0.05703125 0.159375
0 0.1390625 0.11875 0.0609375 0.16953125
0 0.1453125 0.29296875 0.06171875 0.1515625
0 0.15234375 0.4421875 0.05703125 0.15703125
0 0.1640625 0.609375 0.0609375 0.16171875
0 0.275 0.121875 0.05078125 0.16171875
0 0.28046875 0.28046875 0.059375 0.1671875
0 0.2828125 0.44609375 0.0609375 0.16171875
0 0.284375 0.609375 0.06171875 0.16171875
0 0.3453125 0.61484375 0.05625 0.1515625
0 0.34453125 0.44765625 0.05625 0.16484375
0 0.33984375 0.2828125 0.05625 0.15703125
0 0.33359375 0.12109375 0.059375 0.17109375
0 0.4 0.11953125 0.08203125 0.1734375
0 0.40625 0.29375 0.0703125 0.16953125
0 0.4125 0.45625 0.07578125 0.159375
0 0.4125 0.6171875 0.078125 0.1734375
0 0.478125 0.61796875 0.05859375 0.15390625
0 0.4765625 0.459375 0.05703125 0.16484375
0 0.47265625 0.2890625 0.059375 0.175
0 0.47109375 0.1109375 0.05859375 0.15625
0 0.528125 0.11640625 0.0625 0.1734375
0 0.53359375 0.2875 0.05703125 0.17734375
0 0.5359375 0.4578125 0.059375 0.16171875
0 0.53828125 0.62109375 0.06484375 0.1671875
0 0.77890625 0.2328125 0.215625 0.16328125
0 0.93125 0.2234375 0.08984375 0.17109375
0 0.93125 0.38828125 0.0953125 0.17109375
0 0.9265625 0.54609375 0.09765625 0.146875
0 0.91875 0.6875 0.10625 0.128125
0 0.771875 0.6859375 0.20390625 0.1328125
0 0.775 0.54140625 0.20390625 0.1671875
0 0.7796875 0.38828125 0.20625 0.15