0 0.68515625 0.28671875 0.10625 0.14765625
0 0.6890625 0.12421875 0.0953125 0.18671875
0 0.86015625 0.12734375 0.24296875 0.17734375
0 0.8609375 0.29609375 0.246875 0.1515625
0 0.48828125 0.19765625 0.06796875 0.17890625
0 0.4875 0.05625 0.0703125 0.1078125
0 0.4171875 0.1921875 0.07109375 0.18984375
0 0.4203125 0.0515625 0.0734375 0.1015625
0 0.3375 0.05 0.0890625 0.0984375
0 0.3375 0.19296875 0.0875 0.18515625
0 0.25546875 0.175 0.07109375 0.1890625
0 0.2578125 0.04765625 0.07109375 0.09375
0 0.184375 0.04609375 0.0703125 0.090625
0 0.18125 0.18515625 0.075 0.175
0 0.03359375 0.1734375 0.0671875 0.19296875