0 0.97734375 0.17890625 0.0453125 0.175
0 0.97734375 0.34375 0.04375 0.16171875
0 0.978125 0.5046875 0.04296875 0.17890625
0 0.978125 0.675 0.04296875 0.17109375
0 0.92734375 0.67578125 0.0625 0.16953125
0 0.92421875 0.509375 0.059375 0.17109375
0 0.925 0.34140625 0.0609375 0.16328125
0 0.9234375 0.1703125 0.0609375 0.16171875
0 0.859375 0.17421875 0.0765625 0.175
0 0.85703125 0.34375 0.0703125 0.16484375
0 0.85703125 0.51328125 0.071875 0.1734375
0 0.86015625 0.6734375 0.06875 0.17109375
0 0.790625 0.66953125 0.06484375 0.1734375
0 0.790625 0.50078125 0.0625 0.15703125
0 0.790625 0.33984375 0.06171875 0.165625
0 0.78984375 0.16953125 0.06171875 0.1671875
0 0.728125 0.175 0.05859375 0.16171875
0 0.72578125 0.34453125 0.059375 0.16953125
0 0.728125 0.51171875 0.05703125 0.16953125
0 0.72890625 0.6765625 0.059375 0.16328125
0 0.34296875 0.75078125 0.1046875 0.1265625
0 0.3421875 0.6046875 0.10390625 0.165625
0 0.3421875 0.44609375 0.1078125 0.16484375
0 0.340625 0.29375 0.1109375 0.165625
0 0.49375 0.28671875 0.2 0.1671875
0 0.4953125 0.4484375 0.19921875 0.15625
0 0.49375 0.60546875 0.19921875 0.1671875
0 0.49609375 0.75546875 0.2015625 0.140625