0 0.9609375 0.2453125 0.07734375 0.1125
0 0.95859375 0.134375 0.08203125 0.11171875
0 0.95859375 0.040625 0.08203125 0.0796875
0 0.86484375 0.04296875 0.10234375 0.084375
0 0.86953125 0.14140625 0.1 0.109375
0 0.8703125 0.2515625 0.0984375 0.109375
0 0.7484375 0.2375 0.14609375 0.125
0 0.7484375 0.13125 0.14296875 0.1234375
0 0.74296875 0.040625 0.1390625 0.0796875
0 0.56171875 0.034375 0.1453125 0.0671875
0 0.56015625 0.12265625 0.146875 0.1171875
0 0.55859375 0.2375 0.14140625 0.1171875
0 0.43046875 0.22890625 0.11484375 0.1203125
0 0.4296875 0.121875 0.11796875 0.115625
0 0.43359375 0.03125 0.11015625 0.0609375
0 0.32265625 0.0375 0.10859375 0.07265625
0 0.3203125 0.13046875 0.103125 0.1015625
0 0.31953125 0.23828125 0.10390625 0.115625
0 0.1203125 0.2359375 0.11015625 0.10625
0 0.11953125 0.12734375 0.1078125 0.1234375
0 0.1203125 0.03515625 0.10859375 0.06875
0 0.03203125 0.034375 0.06328125 0.0671875
0 0.03203125 0.11875 0.06328125 0.128125
0 0.0296875 0.23828125 0.059375 0.1015625
0 0.9421875 0.6109375 0.065625 0.1828125
0 0.9390625 0.78359375 0.0640625 0.16953125
0 0.93828125 0.93515625 0.06328125 0.1296875
0 0.98671875 0.6109375 0.0265625 0.1984375
0 0.98359375 0.79375 0.03125 0.16484375
0 0.98359375 0.93984375 0.03125 0.11953125
0 0.86875 0.9390625 0.071875 0.121875
0 0.8734375 0.7875 0.07109375 0.17734375
0 0.8703125 0.60625 0.0796875 0.1890625
0 0.796875 0.60703125 0.065625 0.18671875
0 0.8 0.7875 0.071875 0.17734375
0 0.796875 0.9421875 0.0734375 0.115625
0 0.73125 0.93671875 0.0671875 0.12578125
0 0.72734375 0.784375 0.0640625 0.18671875
0 0.728125 0.60234375 0.065625 0.18828125
0 0.5890625 0.609375 0.0703125 0.17734375
0 0.58828125 0.78671875 0.06875 0.18984375
0 0.5828125 0.9390625 0.06875 0.121875
0 0.52265625 0.609375 0.06875 0.17734375
0 0.52109375 0.7859375 0.0671875 0.18515625
0 0.5171875 0.93671875 0.06953125 0.12578125
0 0.43984375 0.94296875 0.0796875 0.1140625
0 0.44375 0.78984375 0.08359375 0.19453125
0 0.44609375 0.61015625 0.08984375 0.18515625
0 0.37734375 0.60703125 0.06796875 0.17890625
0 0.37109375 0.78984375 0.0703125 0.1875
0 0.36640625 0.9421875 0.06484375 0.115625
0 0.29921875 0.94453125 0.0671875 0.11015625
0 0.30234375 0.79296875 0.06953125 0.1828125
0 0.30859375 0.59921875 0.06484375 0.1828125
0 0.14921875 0.6140625 0.06796875 0.18515625
0 0.14453125 0.7890625 0.0703125 0.18046875
0 0.146875 0.93984375 0.06875 0.11953125
0 0.07734375 0.9421875 0.065625 0.115625
0 0.0765625 0.78984375 0.0671875 0.18515625
0 0.07890625 0.60078125 0.0671875 0.18671875
0 0.02109375 0.6078125 0.04140625 0.18828125
0 0.0203125 0.790625 0.03984375 0.18046875
0 0.01875 0.93828125 0.0375 0.1234375