0 0.934375 0.6484375 0.06171875 0.16484375
0 0.98125 0.653125 0.0375 0.17109375
0 0.94140625 0.48515625 0.0625 0.15625
0 0.94765625 0.325 0.06484375 0.159375
0 0.94921875 0.165625 0.0671875 0.16171875
0 0.72890625 0.7265625 0.19609375 0.153125
0 0.58359375 0.72265625 0.08828125 0.15546875
0 0.5859375 0.578125 0.084375 0.14375
0 0.728125 0.578125 0.20234375 0.15625
0 0.7265625 0.41953125 0.2 0.1671875
0 0.58515625 0.4234375 0.0875 0.16953125
0 0.58515625 0.26875 0.0875 0.15
0 0.728125 0.26875 0.20078125 0.15
0 0.41640625 0.146875 0.0640625 0.16953125
0 0.4171875 0.3109375 0.0609375 0.1578125
0 0.4171875 0.47734375 0.0609375 0.175
0 0.4171875 0.64375 0.0609375 0.16484375
0 0.3546875 0.64921875 0.059375 0.175
0 0.35703125 0.48203125 0.06484375 0.16328125
0 0.3546875 0.31796875 0.059375 0.175
0 0.353125 0.14765625 0.0609375 0.17890625
0 0.28671875 0.14140625 0.07890625 0.18515625
0 0.2875 0.315625 0.0765625 0.17109375
0 0.2859375 0.4796875 0.078125 0.1671875
0 0.284375 0.6453125 0.0765625 0.1671875
0 0.215625 0.63984375 0.06328125 0.1671875
0 0.21640625 0.47890625 0.0640625 0.17890625
0 0.21796875 0.31171875 0.059375 0.17890625
0 0.215625 0.1375 0.059375 0.18515625
0 0.15546875 0.13203125 0.0640625 0.17890625
0 0.153125 0.31171875 0.06640625 0.175
0 0.15234375 0.46796875 0.05859375 0.15546875
0 0.153125 0.6359375 0.06171875 0.16171875