0 0.95703125 0.32734375 0.08515625 0.0984375
0 0.9578125 0.23203125 0.084375 0.10390625
0 0.95625 0.1359375 0.08515625 0.1
0 0.97109375 0.04453125 0.05703125 0.0875
0 0.88125 0.04375 0.12421875 0.0859375
0 0.86484375 0.13828125 0.0953125 0.09375
0 0.86484375 0.2359375 0.08984375 0.09609375
0 0.86484375 0.33125 0.0953125 0.0953125
0 0.96953125 0.64921875 0.0609375 0.175
0 0.9109375 0.64765625 0.05859375 0.159375
0 0.85078125 0.6484375 0.05546875 0.16484375
0 0.9671875 0.81328125 0.0640625 0.146875
0 0.9046875 0.809375 0.05859375 0.159375
0 0.8484375 0.81171875 0.05859375 0.15546875
0 0.96640625 0.94609375 0.0671875 0.1078125
0 0.903125 0.94375 0.0609375 0.11171875
0 0.846875 0.9453125 0.05625 0.109375
0 0.6765625 0.040625 0.12890625 0.0796875
0 0.68984375 0.1296875 0.09453125 0.0875
0 0.6921875 0.22421875 0.09765625 0.1
0 0.6921875 0.3296875 0.0984375 0.1078125
0 0.56875 0.03828125 0.0984375 0.075
0 0.4734375 0.03828125 0.0921875 0.075
0 0.59609375 0.1265625 0.09609375 0.1
0 0.59609375 0.225 0.09453125 0.1015625
0 0.59609375 0.3296875 0.09296875 0.1078125
0 0.4875 0.32578125 0.12109375 0.10625
0 0.48828125 0.225 0.1203125 0.1015625
0 0.48984375 0.1265625 0.1234375 0.1
0 0.71796875 0.6515625 0.05625 0.15546875
0 0.7171875 0.8140625 0.05546875 0.1515625
0 0.71796875 0.9390625 0.05859375 0.1015625
0 0.66328125 0.94609375 0.05859375 0.1
0 0.6625 0.81328125 0.05625 0.15
0 0.66328125 0.66015625 0.0609375 0.16953125
0 0.596875 0.6578125 0.075 0.1671875
0 0.5984375 0.8140625 0.075 0.16171875
0 0.5953125 0.9453125 0.071875 0.109375
0 0.528125 0.9453125 0.0625 0.109375
0 0.53046875 0.815625 0.06171875 0.16171875
0 0.53203125 0.6625 0.05703125 0.1671875
0 0.47265625 0.6546875 0.053125 0.16484375
0 0.471875 0.8171875 0.05078125 0.1515625
0 0.4703125 0.9453125 0.059375 0.109375
0 0.09921875 0.75234375 0.09453125 0.1578125
0 0.24296875 0.76015625 0.19609375 0.14609375
0 0.24140625 0.91484375 0.19609375 0.16328125
0 0.096875 0.909375 0.09453125 0.159375
0 0.175 0.178125 0.146875 0.1484375
0 0.3203125 0.18203125 0.14609375 0.14140625
0 0.3203125 0.05703125 0.14296875 0.1125
0 0.1765625 0.0578125 0.1484375 0.11484375
0 0.17421875 0.30859375 0.1453125 0.10859375
0 0.3171875 0.30859375 0.146875 0.115625