0 0.09921875 0.34140625 0.12421875 0.1140625
0 0.01953125 0.33671875 0.0375 0.109375
0 0.01875 0.23125 0.03671875 0.109375
0 0.01953125 0.13984375 0.0375 0.1015625
0 0.0375 0.03984375 0.075 0.078125
0 0.125 0.03515625 0.09453125 0.06875
0 0.10078125 0.1328125 0.128125 0.1234375
0 0.10078125 0.2359375 0.12421875 0.115625
0 0.05390625 0.6765625 0.059375 0.159375
0 0.1125 0.678125 0.06171875 0.15625
0 0.05625 0.83828125 0.0609375 0.15703125
0 0.11484375 0.83828125 0.05703125 0.15703125
0 0.05625 0.95703125 0.059375 0.0859375
0 0.1140625 0.9578125 0.059375 0.084375
0 0.29765625 0.3328125 0.14296875 0.14765625
0 0.29453125 0.1953125 0.146875 0.14609375
0 0.2921875 0.0640625 0.146875 0.125
0 0.43515625 0.065625 0.14765625 0.13046875
0 0.43984375 0.19609375 0.14140625 0.14375
0 0.440625 0.33125 0.1390625 0.1546875
0 0.3546875 0.78359375 0.20625 0.15625
0 0.50078125 0.7859375 0.0828125 0.1546875
0 0.3546875 0.93046875 0.21015625 0.1390625
0 0.50234375 0.93046875 0.08515625 0.1390625