0 0.903125 0.13203125 0.05859375 0.175
0 0.9640625 0.1234375 0.07109375 0.18125
0 0.95859375 0.30078125 0.06796875 0.1671875
0 0.896875 0.303125 0.0671875 0.16953125
0 0.8921875 0.4625 0.06484375 0.16484375
0 0.9515625 0.46796875 0.0640625 0.159375
0 0.94375 0.63046875 0.06484375 0.1484375
0 0.8859375 0.6265625 0.06328125 0.1515625
0 0.66015625 0.23515625 0.21015625 0.16171875
0 0.50859375 0.2375 0.08984375 0.15390625
0 0.65703125 0.38984375 0.20703125 0.16171875
0 0.50859375 0.39453125 0.0921875 0.15390625
0 0.653125 0.56015625 0.209375 0.1734375
0 0.50625 0.5625 0.08984375 0.17890625
0 0.64921875 0.71640625 0.2046875 0.1390625
0 0.50390625 0.7203125 0.08828125 0.146875