0 0.96953125 0.5875 0.059375 0.08046875
0 0.9671875 0.64921875 0.0640625 0.0734375
0 0.9640625 0.7109375 0.071875 0.07265625
0 0.96171875 0.76953125 0.0765625 0.0796875
0 0.95859375 0.83046875 0.08203125 0.07265625
0 0.95625 0.88984375 0.08671875 0.0765625
0 0.953125 0.9484375 0.09296875 0.0796875
0 0.8953125 0.57578125 0.0953125 0.0875
0 0.890625 0.63828125 0.09140625 0.08046875
0 0.88671875 0.696875 0.09140625 0.0734375
0 0.88203125 0.75625 0.090625 0.08046875
0 0.8765625 0.8171875 0.08828125 0.07734375
0 0.871875 0.8734375 0.08671875 0.08125
0 0.865625 0.9390625 0.084375 0.084375
0 0.85859375 0.97109375 0.084375 0.05703125
0 0.79921875 0.56015625 0.0953125 0.0765625
0 0.7953125 0.62265625 0.09296875 0.075
0 0.79453125 0.68203125 0.09453125 0.07265625
0 0.790625 0.74140625 0.0953125 0.0703125
0 0.78828125 0.79765625 0.09375 0.071875
0 0.78515625 0.85234375 0.0890625 0.06796875
0 0.78046875 0.9109375 0.08671875 0.075
0 0.778125 0.9625 0.0921875 0.07109375
0 0.58828125 0.2828125 0.0890625 0.06796875
0 0.58359375 0.3484375 0.0875 0.065625
0 0.584375 0.415625 0.07890625 0.07265625
0 0.58046875 0.4734375 0.07734375 0.06484375
0 0.57890625 0.5328125 0.0796875 0.0734375
0 0.57890625 0.59140625 0.078125 0.06953125
0 0.57734375 0.65078125 0.075 0.065625
0 0.57734375 0.70625 0.07421875 0.0609375
0 0.575 0.7609375 0.07421875 0.059375
0 0.57265625 0.81171875 0.07109375 0.0625
0 0.571875 0.8578125 0.0703125 0.0671875
0 0.56953125 0.9078125 0.0734375 0.078125
0 0.49921875 0.89296875 0.075 0.06953125
0 0.5015625 0.84296875 0.0765625 0.07265625
0 0.5015625 0.7921875 0.075 0.06875
0 0.50078125 0.74296875 0.078125 0.0671875
0 0.5 0.690625 0.0796875 0.07578125
0 0.50234375 0.63984375 0.07421875 0.07265625
0 0.5015625 0.58359375 0.07734375 0.06875
0 0.50078125 0.525 0.07734375 0.0703125
0 0.50234375 0.4640625 0.0796875 0.0734375
0 0.503125 0.403125 0.0796875 0.0734375
0 0.5 0.3421875 0.08125 0.075
0 0.50390625 0.28125 0.0875 0.07109375
0 0.42265625 0.27265625 0.0765625 0.06953125
0 0.4234375 0.33828125 0.07578125 0.0671875
0 0.4234375 0.39609375 0.07421875 0.06796875
0 0.4265625 0.4578125 0.078125 0.0640625
0 0.425 0.51171875 0.0765625 0.06484375
0 0.428125 0.56796875 0.0765625 0.0671875
0 0.42890625 0.62265625 0.06875 0.065625
0 0.4265625 0.67265625 0.06484375 0.07734375
0 0.42890625 0.728125 0.06953125 0.06953125
0 0.43046875 0.7828125 0.06875 0.0703125
0 0.428125 0.82734375 0.06875 0.06484375
0 0.42890625 0.87109375 0.0671875 0.06171875
0 0.365625 0.85390625 0.0640625 0.0640625
0 0.3640625 0.8109375 0.0671875 0.06875
0 0.36015625 0.75703125 0.07265625 0.07109375
0 0.36015625 0.7109375 0.0671875 0.0625
0 0.359375 0.66484375 0.06875 0.071875
0 0.35625 0.60859375 0.06796875 0.0609375
0 0.35390625 0.559375 0.06640625 0.0671875
0 0.35390625 0.49765625 0.07265625 0.0703125
0 0.3546875 0.44296875 0.06875 0.07265625
0 0.3515625 0.38359375 0.07265625 0.0671875
0 0.35 0.32890625 0.0796875 0.071875
0 0.3484375 0.2703125 0.07109375 0.065625
0 0.27578125 0.2640625 0.075 0.071875
0 0.2796875 0.325 0.07421875 0.0640625
0 0.28046875 0.38046875 0.07109375 0.06328125
0 0.2875 0.43828125 0.0671875 0.06875
0 0.290625 0.49765625 0.0671875 0.07734375
0 0.28828125 0.5359375 0.06640625 0.07109375
0 0.290625 0.590625 0.06015625 0.0671875
0 0.29140625 0.64296875 0.06328125 0.0671875
0 0.29375 0.69296875 0.06328125 0.0625
0 0.29453125 0.7390625 0.06171875 0.06171875
0 0.2984375 0.7828125 0.06015625 0.0578125
0 0.30078125 0.83125 0.059375 0.06328125
0 0.21015625 0.43046875 0.06171875 0.05625
0 0.1828125 0.3953125 0.04765625 0.046875
0 0.1375 0.39140625 0.04765625 0.04921875
0 0.08671875 0.3828125 0.0484375 0.04375
0 0.01328125 0.39765625 0.025 0.046875
0 0.19140625 0.5078125 0.0703125 0.05703125
0 0.19453125 0.559375 0.07265625 0.05234375
0 0.196875 0.60390625 0.065625 0.06171875
0 0.20234375 0.653125 0.06875 0.05390625
0 0.2015625 0.70078125 0.06953125 0.05703125
0 0.2078125 0.74140625 0.0609375 0.0578125
0 0.20859375 0.78671875 0.06875 0.053125
0 0.1359375 0.790625 0.0640625 0.05234375
0 0.13515625 0.7453125 0.059375 0.06171875
0 0.134375 0.70390625 0.05390625 0.0515625
0 0.13359375 0.65546875 0.06328125 0.05546875
0 0.1234375 0.60625 0.065625 0.0578125
0 0.12421875 0.55859375 0.059375 0.053125
0 0.1203125 0.50625 0.0609375 0.06171875
0 0.059375 0.50078125 0.06484375 0.05234375
0 0.06328125 0.553125 0.05625 0.046875
0 0.06484375 0.6046875 0.05390625 0.0578125
0 0.06640625 0.64140625 0.059375 0.04921875
0 0.0703125 0.68671875 0.06015625 0.05
0 0.07109375 0.73359375 0.06015625 0.053125
0 0.071875 0.775 0.05546875 0.05703125
0 0.02421875 0.7625 0.04765625 0.05234375
0 0.021875 0.71875 0.04296875 0.05703125
0 0.021875 0.67421875 0.04375 0.0578125
1 0.93828125 0.2296875 0.078125 0.09453125
1 0.8078125 0.18359375 0.13359375 0.0984375
1 0.8 0.27890625 0.13203125 0.0984375