0 0.059375 0.69296875 0.09609375 0.07109375
0 0.0625 0.628125 0.09140625 0.0703125
0 0.07109375 0.56796875 0.090625 0.065625
0 0.0765625 0.5046875 0.09140625 0.07109375
0 0.1109375 0.04765625 0.08359375 0.0609375
0 0.10859375 0.10390625 0.08125 0.04921875
0 0.10390625 0.15390625 0.084375 0.05546875
0 0.1 0.21015625 0.08671875 0.04921875
0 0.09375 0.265625 0.08828125 0.05703125
0 0.090625 0.321875 0.08671875 0.05234375
0 0.08671875 0.38125 0.09140625 0.0609375
0 0.08125 0.4421875 0.0890625 0.0578125
0 0.14921875 0.7 0.0921875 0.06875
0 0.15234375 0.634375 0.08984375 0.06484375
0 0.1578125 0.57265625 0.08515625 0.0703125
0 0.16171875 0.50703125 0.08125 0.06328125
0 0.16796875 0.44296875 0.084375 0.06484375
0 0.171875 0.3859375 0.0796875 0.059375
0 0.17421875 0.32578125 0.0796875 0.065625
0 0.17734375 0.26484375 0.0828125 0.0609375
0 0.18125 0.20859375 0.0828125 0.0578125
0 0.18515625 0.15546875 0.0828125 0.05546875
0 0.18984375 0.103125 0.08359375 0.0578125
0 0.190625 0.053125 0.0859375 0.0578125
0 0.27109375 0.0515625 0.0828125 0.0546875
0 0.2671875 0.10703125 0.08359375 0.059375
0 0.265625 0.15859375 0.08359375 0.05546875
0 0.2609375 0.2125 0.084375 0.053125
0 0.25859375 0.26640625 0.08203125 0.059375
0 0.25546875 0.32578125 0.0859375 0.0578125
0 0.253125 0.3859375 0.0859375 0.05703125
0 0.2515625 0.446875 0.0875 0.05546875
0 0.246875 0.50546875 0.0921875 0.06171875
0 0.24609375 0.5671875 0.0921875 0.06328125
0 0.240625 0.63203125 0.09453125 0.06484375
0 0.23984375 0.7015625 0.0921875 0.065625
0 0.3296875 0.7015625 0.0921875 0.0625
0 0.33203125 0.6359375 0.0921875 0.06953125
0 0.334375 0.56875 0.090625 0.06484375
0 0.3359375 0.50703125 0.09140625 0.06328125
0 0.3359375 0.45078125 0.0875 0.06328125
0 0.3375 0.38515625 0.08671875 0.059375
0 0.33984375 0.33046875 0.084375 0.06484375
0 0.3421875 0.271875 0.08125 0.0546875
0 0.3421875 0.21640625 0.084375 0.05546875
0 0.3453125 0.16171875 0.08046875 0.0578125
0 0.346875 0.11171875 0.0828125 0.05625
0 0.3484375 0.05703125 0.07890625 0.05234375
0 0.4265625 0.05703125 0.08125 0.05
0 0.42890625 0.11171875 0.0796875 0.059375
0 0.42578125 0.16640625 0.08125 0.05546875
0 0.42421875 0.2203125 0.08125 0.05625
0 0.421875 0.275 0.07890625 0.06171875
0 0.42109375 0.33125 0.0796875 0.059375
0 0.42265625 0.3890625 0.0859375 0.06328125
0 0.4234375 0.45078125 0.0875 0.06328125
0 0.42265625 0.50703125 0.08671875 0.0578125
0 0.42421875 0.56875 0.0890625 0.0609375
0 0.421875 0.634375 0.0875 0.065625
0 0.41875 0.70078125 0.090625 0.06484375
0 0.559375 0.3375 0.0859375 0.059375
0 0.559375 0.39609375 0.08671875 0.0578125
0 0.56015625 0.45390625 0.08828125 0.0609375
0 0.559375 0.5171875 0.09140625 0.06015625
0 0.5640625 0.57265625 0.0890625 0.059375
0 0.56171875 0.63359375 0.0890625 0.0625
0 0.56171875 0.69609375 0.09140625 0.0578125
0 0.6453125 0.3265625 0.08515625 0.06328125
0 0.64765625 0.3828125 0.08515625 0.05546875
0 0.64921875 0.446875 0.08671875 0.06328125
0 0.65 0.50859375 0.08828125 0.06328125
0 0.653125 0.5703125 0.08984375 0.05703125
0 0.6546875 0.63359375 0.0890625 0.06015625
0 0.6578125 0.69609375 0.08671875 0.06328125
0 0.73125 0.33046875 0.08515625 0.06015625
0 0.734375 0.38125 0.08359375 0.05546875
0 0.73515625 0.44375 0.08515625 0.06875
0 0.73828125 0.50703125 0.0859375 0.06484375
0 0.73984375 0.565625 0.084375 0.065625
0 0.7515625 0.62890625 0.0921875 0.06484375
0 0.76328125 0.69609375 0.0921875 0.065625
0 0.81484375 0.32578125 0.08203125 0.0578125
0 0.81796875 0.3796875 0.08046875 0.0578125
0 0.8203125 0.4390625 0.084375 0.0609375
0 0.82734375 0.5046875 0.08671875 0.0578125
0 0.83125 0.5640625 0.0859375 0.065625
0 0.840625 0.628125 0.08515625 0.0640625
0 0.85078125 0.6953125 0.08515625 0.065625
0 0.89296875 0.33359375 0.07890625 0.065625
0 0.896875 0.39375 0.0765625 0.0515625
0 0.90390625 0.45 0.0828125 0.0625
0 0.9125 0.5109375 0.08359375 0.059375
0 0.915625 0.56875 0.08515625 0.0640625
0 0.9234375 0.63046875 0.0796875 0.0609375
0 0.93671875 0.70234375 0.08359375 0.078125