0 0.08359375 0.14921875 0.09921875 0.04609375
0 0.0859375 0.19296875 0.09765625 0.0421875
0 0.09140625 0.23671875 0.09765625 0.0421875
0 0.09453125 0.2765625 0.0953125 0.0421875
0 0.0984375 0.321875 0.0953125 0.04453125
0 0.10078125 0.3609375 0.0921875 0.0390625
0 0.1046875 0.403125 0.09375 0.0453125
0 0.10703125 0.44296875 0.08671875 0.04140625
0 0.1109375 0.48125 0.084375 0.0421875
0 0.1171875 0.51796875 0.0875 0.0453125
0 0.11640625 0.56015625 0.08515625 0.0359375
0 0.11875 0.59296875 0.08515625 0.03984375
0 0.125 0.628125 0.08515625 0.034375
0 0.1265625 0.6640625 0.08125 0.04375
0 0.1296875 0.69609375 0.08359375 0.034375
0 0.13359375 0.73515625 0.08203125 0.0359375
0 0.13515625 0.7671875 0.0796875 0.0375
0 0.1375 0.8 0.071875 0.0359375
0 0.14140625 0.83046875 0.0765625 0.03046875
0 0.14453125 0.86328125 0.0796875 0.0390625
0 0.146875 0.896875 0.0765625 0.03203125
0 0.14921875 0.928125 0.07734375 0.0328125
0 0.18046875 0.146875 0.09375 0.04453125
0 0.18203125 0.19296875 0.09453125 0.04375
0 0.1859375 0.23515625 0.0875 0.03984375
0 0.1875 0.28125 0.0953125 0.0453125
0 0.190625 0.32265625 0.09296875 0.0390625
0 0.19296875 0.3625 0.08828125 0.0421875
0 0.1953125 0.39921875 0.09140625 0.03984375
0 0.196875 0.4421875 0.0875 0.04609375
0 0.2015625 0.47578125 0.08671875 0.04609375
0 0.20234375 0.51953125 0.08515625 0.0421875
0 0.20546875 0.55859375 0.08359375 0.0375
0 0.20859375 0.596875 0.0828125 0.0375
0 0.209375 0.6296875 0.0828125 0.034375
0 0.21171875 0.66328125 0.08359375 0.034375
0 0.2140625 0.7 0.08046875 0.0359375
0 0.21796875 0.73125 0.08125 0.034375
0 0.2171875 0.76640625 0.08125 0.03828125
0 0.2171875 0.79921875 0.08203125 0.034375
0 0.22421875 0.83125 0.0796875 0.034375
0 0.225 0.8640625 0.07734375 0.034375
0 0.22734375 0.89609375 0.0765625 0.034375
0 0.23046875 0.92578125 0.07421875 0.02890625
0 0.27578125 0.1453125 0.09609375 0.0515625
0 0.2765625 0.1953125 0.0921875 0.0484375
0 0.28046875 0.23515625 0.08984375 0.03984375
0 0.2828125 0.278125 0.0921875 0.0484375
0 0.2828125 0.31953125 0.09140625 0.046875
0 0.28515625 0.3578125 0.0875 0.04453125
0 0.2875 0.39921875 0.0875 0.046875
0 0.28828125 0.43984375 0.0859375 0.04375
0 0.2890625 0.48203125 0.0875 0.0421875
0 0.2921875 0.51953125 0.0875 0.0421875
0 0.29140625 0.55546875 0.0828125 0.03828125
0 0.29453125 0.59296875 0.08046875 0.04140625
0 0.296875 0.628125 0.0828125 0.034375
0 0.2953125 0.66484375 0.078125 0.03203125
0 0.296875 0.6984375 0.0796875 0.0359375
0 0.29765625 0.73125 0.0796875 0.0390625
0 0.29921875 0.76328125 0.08125 0.03984375
0 0.3015625 0.8 0.0796875 0.0328125
0 0.3046875 0.8296875 0.07578125 0.0296875
0 0.3078125 0.859375 0.07421875 0.03828125
0 0.3109375 0.8890625 0.071875 0.04140625
0 0.3125 0.92109375 0.06640625 0.04140625
0 0.37265625 0.1421875 0.09375 0.04921875
0 0.3734375 0.1859375 0.0921875 0.0421875
0 0.3734375 0.2265625 0.0890625 0.046875
0 0.375 0.2703125 0.0875 0.0390625
0 0.375 0.3140625 0.08828125 0.04609375
0 0.3765625 0.3546875 0.09140625 0.04375
0 0.3765625 0.39296875 0.08671875 0.0390625
0 0.378125 0.43125 0.0875 0.03828125
0 0.3765625 0.47421875 0.0875 0.03828125
0 0.37890625 0.51328125 0.0875 0.04140625
0 0.3796875 0.54921875 0.08125 0.0421875
0 0.38125 0.58359375 0.08125 0.0421875
0 0.38046875 0.62109375 0.08046875 0.0359375
0 0.38125 0.6578125 0.08359375 0.03828125
0 0.38125 0.6921875 0.07734375 0.02890625
0 0.3828125 0.72421875 0.07734375 0.03671875
0 0.38203125 0.75703125 0.078125 0.034375
0 0.38359375 0.79140625 0.07421875 0.03203125
0 0.3859375 0.82265625 0.0765625 0.03046875
0 0.3890625 0.85625 0.08046875 0.034375
0 0.390625 0.88828125 0.0765625 0.03828125
0 0.39296875 0.91875 0.08046875 0.0296875
0 0.4671875 0.134375 0.0890625 0.04609375
0 0.46640625 0.18125 0.0953125 0.0453125
0 0.46484375 0.2203125 0.0875 0.0390625
0 0.46484375 0.26484375 0.08515625 0.04375
0 0.46640625 0.30390625 0.0890625 0.04453125
0 0.4671875 0.34609375 0.084375 0.03828125
0 0.46796875 0.3828125 0.08359375 0.046875
0 0.46640625 0.425 0.084375 0.03828125
0 0.46640625 0.46640625 0.08359375 0.03828125
0 0.465625 0.50546875 0.08125 0.03671875
0 0.4671875 0.53984375 0.0828125 0.034375
0 0.46796875 0.575 0.08125 0.03984375
0 0.46640625 0.60859375 0.07890625 0.04609375
0 0.4640625 0.6484375 0.078125 0.04140625
0 0.46484375 0.6828125 0.0828125 0.03984375
0 0.465625 0.71640625 0.0796875 0.0390625
0 0.46640625 0.75078125 0.07734375 0.0390625
0 0.465625 0.7828125 0.075 0.03671875
0 0.465625 0.82109375 0.075 0.0421875
0 0.4671875 0.85234375 0.07265625 0.0375
0 0.47109375 0.884375 0.06875 0.0359375
0 0.4703125 0.91796875 0.0671875 0.0359375
0 0.6140625 0.15078125 0.0921875 0.0421875
0 0.61171875 0.19296875 0.0890625 0.0421875
0 0.61328125 0.23359375 0.08984375 0.04453125
0 0.6109375 0.27421875 0.090625 0.04140625
0 0.61015625 0.31796875 0.08984375 0.04453125
0 0.60625 0.35546875 0.0875 0.0390625
0 0.60625 0.39453125 0.090625 0.0390625
0 0.603125 0.434375 0.084375 0.04140625
0 0.603125 0.46796875 0.08515625 0.03828125
0 0.603125 0.50625 0.084375 0.03828125
0 0.60078125 0.540625 0.08359375 0.04140625
0 0.596875 0.57734375 0.08125 0.034375
0 0.59765625 0.61484375 0.0828125 0.04609375
0 0.596875 0.6453125 0.07890625 0.034375
0 0.59765625 0.678125 0.0765625 0.03046875
0 0.59609375 0.7125 0.078125 0.0359375
0 0.59765625 0.74453125 0.08046875 0.03828125
0 0.5953125 0.77890625 0.08203125 0.028125
0 0.590625 0.81328125 0.07734375 0.03203125
0 0.5921875 0.84140625 0.0765625 0.02890625
0 0.5921875 0.86875 0.06796875 0.028125
0 0.590625 0.9 0.06953125 0.03203125
0 0.7078125 0.1484375 0.0875 0.04375
0 0.70625 0.19296875 0.08671875 0.04375
0 0.7046875 0.23125 0.0828125 0.0421875
0 0.69921875 0.2703125 0.08515625 0.0390625
0 0.70078125 0.3140625 0.0828125 0.03828125
0 0.696875 0.35234375 0.08671875 0.04609375
0 0.6984375 0.39375 0.0875 0.0421875
0 0.69140625 0.42890625 0.08359375 0.0421875
0 0.68984375 0.46640625 0.08125 0.0421875
0 0.6875 0.5046875 0.08125 0.04140625
0 0.68828125 0.53984375 0.084375 0.04140625
0 0.684375 0.5765625 0.08125 0.0375
0 0.68515625 0.61171875 0.07890625 0.03203125
0 0.67890625 0.64609375 0.08203125 0.0328125
0 0.6796875 0.68515625 0.0828125 0.034375
0 0.6765625 0.71640625 0.0828125 0.03671875
0 0.67578125 0.7484375 0.07890625 0.0265625
0 0.6734375 0.7828125 0.0765625 0.03203125
0 0.66953125 0.8109375 0.0796875 0.0390625
0 0.6703125 0.84453125 0.0765625 0.0296875
0 0.6703125 0.87265625 0.071875 0.02578125
0 0.66875 0.90234375 0.071875 0.0359375
0 0.8 0.14609375 0.0875 0.0484375
0 0.7953125 0.1890625 0.08984375 0.04140625
0 0.79375 0.2328125 0.0875 0.0421875
0 0.7875 0.27421875 0.08984375 0.0390625
0 0.78671875 0.31328125 0.08671875 0.04375
0 0.7828125 0.35078125 0.08203125 0.03984375
0 0.7828125 0.39140625 0.0890625 0.0359375
0 0.77890625 0.4265625 0.0828125 0.0359375
0 0.775 0.46328125 0.084375 0.0453125
0 0.77265625 0.5015625 0.0828125 0.034375
0 0.771875 0.5359375 0.07890625 0.03828125
0 0.76640625 0.571875 0.0796875 0.0390625
0 0.76484375 0.6109375 0.078125 0.0375
0 0.76484375 0.64453125 0.08125 0.0359375
0 0.76015625 0.6796875 0.0765625 0.034375
0 0.759375 0.7140625 0.0796875 0.0328125
0 0.75625 0.74375 0.07578125 0.0328125
0 0.75390625 0.775 0.07265625 0.02890625
0 0.75078125 0.80703125 0.07421875 0.03203125
0 0.746875 0.834375 0.071875 0.0328125
0 0.74765625 0.865625 0.07265625 0.02578125
0 0.7484375 0.89765625 0.07109375 0.034375
0 0.8875 0.1390625 0.08515625 0.0421875
0 0.8859375 0.18515625 0.08515625 0.04375
0 0.8828125 0.225 0.0890625 0.04140625
0 0.87734375 0.26328125 0.08359375 0.0390625
0 0.8765625 0.30234375 0.08515625 0.03359375
0 0.8734375 0.3421875 0.08203125 0.03984375
0 0.865625 0.38125 0.08359375 0.03203125
0 0.8640625 0.41796875 0.084375 0.0359375
0 0.8609375 0.45625 0.08125 0.0390625
0 0.85625 0.49609375 0.0875 0.0390625
0 0.85 0.53359375 0.08125 0.03828125
0 0.85078125 0.57109375 0.08359375 0.03203125
0 0.8453125 0.6015625 0.0765625 0.03984375
0 0.8421875 0.6375 0.07265625 0.03046875
0 0.8390625 0.66953125 0.0765625 0.03828125
0 0.8375 0.70625 0.0765625 0.0390625
0 0.83515625 0.7375 0.0765625 0.03125
0 0.83359375 0.76796875 0.0765625 0.03359375
0 0.82890625 0.8 0.071875 0.0375
0 0.828125 0.83125 0.0765625 0.03125
0 0.8234375 0.8625 0.0703125 0.0375
0 0.821875 0.8953125 0.06875 0.0265625
0 0.965625 0.17890625 0.06875 0.04609375
0 0.9625 0.2234375 0.075 0.03984375
0 0.959375 0.26484375 0.08125 0.0421875
0 0.95859375 0.3015625 0.0828125 0.04453125
0 0.953125 0.3390625 0.07890625 0.03125
0 0.94921875 0.3765625 0.0796875 0.03828125
0 0.94609375 0.41328125 0.078125 0.04140625
0 0.93984375 0.45625 0.0796875 0.0421875
0 0.934375 0.4890625 0.075 0.0390625
0 0.9328125 0.52578125 0.0765625 0.03203125
0 0.92890625 0.56328125 0.07890625 0.0390625
0 0.92421875 0.60078125 0.07890625 0.0421875
0 0.92109375 0.634375 0.0796875 0.03984375
0 0.91953125 0.66875 0.07890625 0.03125
0 0.91875 0.69765625 0.07890625 0.03984375
0 0.91484375 0.73125 0.0734375 0.0328125
0 0.9078125 0.7671875 0.07734375 0.03828125
0 0.90546875 0.8015625 0.07890625 0.03671875
0 0.90234375 0.8328125 0.07109375 0.03203125
0 0.903125 0.8609375 0.075 0.02421875
0 0.89921875 0.8953125 0.065625 0.03125