0 0.08984375 0.6546875 0.0875 0.06953125
0 0.0921875 0.58828125 0.08515625 0.06484375
0 0.09296875 0.52265625 0.084375 0.06015625
0 0.09453125 0.46015625 0.0859375 0.06875
0 0.09609375 0.39609375 0.084375 0.065625
0 0.09609375 0.32890625 0.084375 0.065625
0 0.09921875 0.2640625 0.0828125 0.06484375
0 0.1 0.20390625 0.08515625 0.0671875
0 0.09921875 0.1359375 0.08125 0.07265625
0 0.1015625 0.06953125 0.08125 0.065625
0 0.10234375 0.0203125 0.08515625 0.03828125
0 0.1765625 0.653125 0.08671875 0.0703125
0 0.1765625 0.58828125 0.0859375 0.0625
0 0.17890625 0.5234375 0.0890625 0.06796875
0 0.17890625 0.46015625 0.08671875 0.0671875
0 0.17890625 0.39609375 0.08515625 0.065625
0 0.1796875 0.33203125 0.08515625 0.06484375
0 0.18125 0.26484375 0.08671875 0.07109375
0 0.18359375 0.19921875 0.090625 0.071875
0 0.18203125 0.134375 0.08671875 0.065625
0 0.1859375 0.07109375 0.08515625 0.0671875
0 0.18671875 0.01953125 0.0859375 0.0375
0 0.27421875 0.021875 0.090625 0.04140625
0 0.271875 0.07578125 0.0890625 0.059375
0 0.26875 0.1359375 0.0890625 0.06015625
0 0.271875 0.2015625 0.0859375 0.0671875
0 0.26875 0.26328125 0.084375 0.0734375
0 0.2671875 0.3296875 0.08671875 0.06796875
0 0.2640625 0.3953125 0.08515625 0.071875
0 0.2640625 0.46015625 0.0828125 0.06875
0 0.2625 0.52578125 0.084375 0.0703125
0 0.26171875 0.58828125 0.08359375 0.065625
0 0.26328125 0.653125 0.08671875 0.06953125
0 0.3484375 0.65546875 0.08671875 0.06875
0 0.346875 0.5890625 0.08671875 0.06796875
0 0.35 0.52890625 0.08828125 0.06484375
0 0.35234375 0.4625 0.0890625 0.0734375
0 0.35078125 0.396875 0.0828125 0.065625
0 0.35390625 0.334375 0.08671875 0.071875
0 0.35703125 0.26640625 0.08515625 0.0703125
0 0.35859375 0.20078125 0.0859375 0.071875
0 0.359375 0.1390625 0.084375 0.06328125
0 0.35859375 0.0796875 0.08515625 0.06484375
0 0.3609375 0.02578125 0.084375 0.04921875
0 0.44765625 0.02578125 0.090625 0.04921875
0 0.446875 0.08125 0.08828125 0.05625
0 0.44375 0.14375 0.08671875 0.06484375
0 0.44921875 0.2078125 0.084375 0.059375
0 0.44375 0.26953125 0.0875 0.06015625
0 0.44140625 0.334375 0.0859375 0.0625
0 0.43984375 0.4 0.0921875 0.0640625
0 0.43671875 0.46328125 0.0875 0.06171875
0 0.4390625 0.52265625 0.0890625 0.05703125
0 0.43671875 0.5875 0.0875 0.0609375
0 0.43671875 0.6546875 0.08671875 0.0671875
0 0.67109375 0.421875 0.065625 0.04375
0 0.76015625 0.4125 0.07578125 0.0453125
0 0.86796875 0.40859375 0.07734375 0.0640625
0 0.7078125 0.46796875 0.0828125 0.05703125
0 0.78828125 0.4640625 0.0828125 0.0625
0 0.86875 0.4703125 0.07890625 0.04765625
0 0.934375 0.4078125 0.04375 0.05703125
0 0.928125 0.46640625 0.03984375 0.05
0 0.70859375 0.52734375 0.0859375 0.06015625
0 0.78984375 0.5265625 0.0796875 0.05703125
0 0.86875 0.52578125 0.07890625 0.059375
0 0.93046875 0.52421875 0.04375 0.05625
0 0.70625 0.58671875 0.0828125 0.06015625
0 0.78828125 0.58984375 0.08125 0.0546875
0 0.86796875 0.58984375 0.08359375 0.05625
0 0.93125 0.5859375 0.04453125 0.0625
0 0.70546875 0.6421875 0.08203125 0.05546875
0 0.7859375 0.64296875 0.0859375 0.0515625
0 0.86875 0.64296875 0.07734375 0.0453125
1 0.70625 0.2515625 0.10859375 0.07734375
1 0.70703125 0.3265625 0.10625 0.07890625