0 0.875 0.4109375 0.075 0.05703125
0 0.8765625 0.4671875 0.07578125 0.05625
0 0.8796875 0.5203125 0.075 0.05703125
0 0.88046875 0.575 0.075 0.05703125
0 0.87734375 0.6296875 0.0765625 0.05390625
0 0.8796875 0.68515625 0.075 0.0578125
0 0.878125 0.740625 0.075 0.05234375
0 0.88046875 0.79375 0.07265625 0.053125
0 0.88046875 0.8484375 0.07109375 0.05703125
0 0.88203125 0.9015625 0.07421875 0.0578125
0 0.78359375 0.8765625 0.06796875 0.0546875
0 0.78359375 0.8265625 0.0640625 0.053125
0 0.78203125 0.7765625 0.0640625 0.053125
0 0.78125 0.72421875 0.06640625 0.05
0 0.77890625 0.67421875 0.0640625 0.053125
0 0.78359375 0.6234375 0.0671875 0.0515625
0 0.7828125 0.57109375 0.065625 0.053125
0 0.78125 0.5203125 0.065625 0.05390625
0 0.78203125 0.46796875 0.06171875 0.0546875
0 0.78203125 0.41875 0.06328125 0.05
0 0.71015625 0.41875 0.06484375 0.0515625
0 0.71328125 0.4703125 0.06796875 0.053125
0 0.7140625 0.51953125 0.06640625 0.0515625
0 0.71328125 0.57109375 0.06484375 0.04765625
0 0.7125 0.62265625 0.0671875 0.04921875
0 0.71171875 0.6734375 0.06328125 0.05
0 0.71796875 0.725 0.05 0.0484375
0 0.71796875 0.7765625 0.05 0.05
0 0.71875 0.8265625 0.04921875 0.04609375
0 0.71796875 0.8765625 0.04921875 0.0515625
0 0.65703125 0.9171875 0.0734375 0.05625
0 0.6578125 0.8609375 0.071875 0.05546875
0 0.6578125 0.80390625 0.075 0.0609375
0 0.6578125 0.7484375 0.07734375 0.059375
0 0.6578125 0.6890625 0.071875 0.05390625
0 0.6484375 0.62265625 0.0609375 0.05390625
0 0.65 0.571875 0.0609375 0.05390625
0 0.64765625 0.51875 0.0609375 0.05546875
0 0.64921875 0.46875 0.0578125 0.05234375
0 0.6484375 0.41875 0.05625 0.05234375
0 0.5828125 0.4125 0.075 0.05546875
0 0.58125 0.46875 0.0765625 0.05546875
0 0.58125 0.52265625 0.075 0.0578125
0 0.58125 0.5765625 0.07734375 0.0546875
0 0.5796875 0.634375 0.075 0.05625
0 0.57890625 0.6875 0.0765625 0.05546875
0 0.578125 0.74375 0.07578125 0.05703125
0 0.57734375 0.79765625 0.078125 0.05390625
0 0.57734375 0.85390625 0.07734375 0.0578125
0 0.57734375 0.909375 0.07734375 0.05546875
0 0.43046875 0.90859375 0.07578125 0.0375
0 0.4296875 0.87421875 0.07578125 0.0328125
0 0.428125 0.83828125 0.0734375 0.03828125
0 0.4265625 0.8015625 0.07421875 0.03671875
0 0.425 0.76796875 0.071875 0.034375
0 0.4234375 0.734375 0.07265625 0.03828125
0 0.42265625 0.696875 0.0734375 0.0359375
0 0.42265625 0.659375 0.0734375 0.03203125
0 0.421875 0.6234375 0.075 0.03671875
0 0.42265625 0.5890625 0.075 0.034375
0 0.42109375 0.55546875 0.0765625 0.03359375
0 0.42109375 0.51875 0.07578125 0.03359375
0 0.4203125 0.48515625 0.07578125 0.03046875
0 0.41875 0.45 0.07734375 0.034375
0 0.41796875 0.41484375 0.07578125 0.03359375
0 0.41640625 0.3796875 0.0765625 0.03359375
0 0.41484375 0.34296875 0.075 0.0375
0 0.4125 0.30390625 0.07890625 0.03984375
0 0.4109375 0.26875 0.075 0.03671875
0 0.4109375 0.23359375 0.07890625 0.040625
0 0.40859375 0.19609375 0.07578125 0.03828125
0 0.33125 0.190625 0.07890625 0.034375
0 0.33203125 0.23125 0.07578125 0.0390625
0 0.3328125 0.26875 0.075 0.034375
0 0.334375 0.30546875 0.0765625 0.03203125
0 0.3359375 0.33984375 0.07578125 0.0390625
0 0.33828125 0.3765625 0.0765625 0.0359375
0 0.33828125 0.4125 0.07734375 0.03125
0 0.33984375 0.4484375 0.075 0.0390625
0 0.3421875 0.48515625 0.07421875 0.0359375
0 0.34296875 0.521875 0.0765625 0.0328125
0 0.34296875 0.55546875 0.07734375 0.03828125
0 0.34375 0.59140625 0.07578125 0.0375
0 0.3453125 0.62734375 0.0765625 0.0359375
0 0.3453125 0.66328125 0.07578125 0.0390625
0 0.34609375 0.70234375 0.0765625 0.03125
0 0.346875 0.73515625 0.078125 0.0359375
0 0.34921875 0.7703125 0.075 0.03359375
0 0.34921875 0.8046875 0.07421875 0.03984375
0 0.34921875 0.83984375 0.07578125 0.0375
0 0.35 0.8765625 0.0765625 0.040625
0 0.35078125 0.9109375 0.0734375 0.034375
0 0.25234375 0.1921875 0.07578125 0.0375
0 0.2546875 0.22890625 0.07578125 0.040625
0 0.25546875 0.2671875 0.075 0.0375
0 0.25703125 0.3015625 0.07578125 0.0375
0 0.25703125 0.3359375 0.075 0.03671875
0 0.259375 0.37421875 0.0765625 0.0375
0 0.26015625 0.4109375 0.0765625 0.03671875
0 0.2609375 0.44609375 0.0765625 0.03984375
0 0.26171875 0.48125 0.0765625 0.03984375
0 0.2625 0.51953125 0.0765625 0.0375
0 0.2640625 0.5546875 0.0765625 0.03828125
0 0.26484375 0.5890625 0.0765625 0.03671875
0 0.265625 0.62578125 0.078125 0.03828125
0 0.265625 0.6609375 0.07578125 0.0375
0 0.265625 0.69765625 0.07890625 0.0375
0 0.26796875 0.73515625 0.0765625 0.03671875
0 0.26953125 0.7703125 0.0765625 0.0375
0 0.2703125 0.80625 0.07578125 0.03828125
0 0.27109375 0.84140625 0.07890625 0.03984375
0 0.27109375 0.878125 0.0796875 0.03203125
0 0.271875 0.9125 0.07734375 0.0328125
0 0.1921875 0.9125 0.07890625 0.03671875
0 0.19296875 0.878125 0.07890625 0.034375
0 0.19140625 0.84296875 0.075 0.03828125
0 0.190625 0.80546875 0.07734375 0.03671875
0 0.18984375 0.77109375 0.0765625 0.03828125
0 0.18828125 0.73203125 0.0765625 0.0375
0 0.18671875 0.6953125 0.07421875 0.03828125
0 0.18671875 0.6609375 0.0734375 0.034375
0 0.18828125 0.62265625 0.07421875 0.034375
0 0.1859375 0.59140625 0.0765625 0.0359375
0 0.18515625 0.5546875 0.07421875 0.034375
0 0.184375 0.51484375 0.07421875 0.03671875
0 0.184375 0.47890625 0.0734375 0.034375
0 0.18359375 0.44296875 0.07265625 0.03203125
0 0.18359375 0.409375 0.07265625 0.03828125
0 0.18203125 0.3734375 0.07109375 0.0359375
0 0.18125 0.33828125 0.07265625 0.03828125
0 0.18046875 0.30546875 0.07265625 0.03828125
0 0.1796875 0.2671875 0.07265625 0.040625
0 0.17890625 0.23046875 0.07109375 0.040625
0 0.17890625 0.196875 0.07109375 0.040625