0 0.0640625 0.37734375 0.096875 0.07265625
0 0.06953125 0.44453125 0.0953125 0.0640625
0 0.07265625 0.50859375 0.09453125 0.075
0 0.07890625 0.578125 0.09609375 0.065625
0 0.08359375 0.64140625 0.096875 0.06328125
0 0.08828125 0.6984375 0.09296875 0.05625
0 0.09296875 0.75703125 0.0921875 0.06328125
0 0.10078125 0.815625 0.09296875 0.05390625
0 0.109375 0.87109375 0.0890625 0.0546875
0 0.1140625 0.92421875 0.0859375 0.0546875
0 0.11953125 0.975 0.084375 0.05
0 0.2015625 0.9734375 0.0875 0.053125
0 0.19765625 0.92265625 0.08125 0.059375
0 0.19609375 0.87265625 0.08359375 0.06484375
0 0.1890625 0.815625 0.090625 0.05703125
0 0.1828125 0.7609375 0.0921875 0.06796875
0 0.1765625 0.6984375 0.08984375 0.06953125
0 0.17265625 0.6375 0.0921875 0.0703125
0 0.16953125 0.571875 0.09609375 0.07109375
0 0.165625 0.50859375 0.0953125 0.065625
0 0.1625 0.44375 0.1 0.059375
0 0.159375 0.37578125 0.10078125 0.0765625
0 0.253125 0.3734375 0.09375 0.075
0 0.25546875 0.44375 0.09453125 0.075
0 0.25625 0.51171875 0.0953125 0.0734375
0 0.2609375 0.5703125 0.0921875 0.06953125
0 0.26328125 0.63203125 0.09375 0.06484375
0 0.26484375 0.69609375 0.0921875 0.06484375
0 0.26796875 0.75546875 0.0890625 0.06953125
0 0.27265625 0.8109375 0.0875 0.06484375
0 0.27578125 0.86640625 0.0890625 0.059375
0 0.2796875 0.9203125 0.0875 0.05546875
0 0.2828125 0.97265625 0.0875 0.0546875
0 0.365625 0.96875 0.0859375 0.0625
0 0.36328125 0.91875 0.084375 0.06015625
0 0.3609375 0.865625 0.084375 0.06328125
0 0.35703125 0.80703125 0.084375 0.06328125
0 0.353125 0.7484375 0.08984375 0.0703125
0 0.35234375 0.68984375 0.090625 0.059375
0 0.3515625 0.634375 0.09140625 0.06484375
0 0.34921875 0.56796875 0.090625 0.071875
0 0.34765625 0.509375 0.0921875 0.08046875
0 0.34609375 0.44296875 0.09453125 0.07734375
0 0.3453125 0.3703125 0.09375 0.07734375
0 0.43515625 0.36796875 0.09140625 0.06953125
0 0.43828125 0.43828125 0.0875 0.0671875
0 0.43828125 0.5015625 0.0875 0.065625
0 0.43828125 0.56875 0.0875 0.07109375
0 0.4390625 0.62578125 0.08671875 0.06953125
0 0.4390625 0.684375 0.084375 0.07265625
0 0.4390625 0.74375 0.08671875 0.06796875
0 0.440625 0.803125 0.084375 0.0703125
0 0.440625 0.85859375 0.0828125 0.06484375
0 0.44453125 0.9125 0.07890625 0.0609375
0 0.446875 0.96484375 0.07890625 0.06015625
0 0.60234375 0.4828125 0.09375 0.07265625
0 0.60234375 0.54921875 0.0921875 0.059375
0 0.6015625 0.6125 0.090625 0.06875
0 0.6 0.67421875 0.0875 0.0625
0 0.6 0.7359375 0.08671875 0.05703125
0 0.6 0.79453125 0.0875 0.05546875
0 0.59765625 0.8484375 0.084375 0.05703125
0 0.59375 0.903125 0.08359375 0.053125
0 0.59375 0.95546875 0.08125 0.05546875
0 0.665625 0.940625 0.06328125 0.05
0 0.6671875 0.8921875 0.0640625 0.05234375
0 0.6703125 0.8453125 0.0671875 0.0546875
0 0.675 0.7921875 0.065625 0.04921875
0 0.67734375 0.73984375 0.0703125 0.059375
0 0.67578125 0.6859375 0.06796875 0.059375
0 0.678125 0.6296875 0.06640625 0.05625
0 0.6828125 0.5734375 0.0671875 0.06328125
0 0.68359375 0.51484375 0.0671875 0.059375
0 0.6828125 0.4578125 0.06796875 0.05625
0 0.76015625 0.45078125 0.0796875 0.0640625
0 0.75703125 0.51640625 0.08125 0.0578125
0 0.75625 0.5734375 0.07734375 0.0609375
0 0.75078125 0.6234375 0.0796875 0.0546875
0 0.7515625 0.68125 0.078125 0.05546875
0 0.74921875 0.7375 0.07421875 0.05390625
0 0.7453125 0.7890625 0.078125 0.05
0 0.74375 0.84140625 0.07734375 0.04921875
0 0.7421875 0.8875 0.07421875 0.05234375
0 0.74140625 0.93515625 0.071875 0.04921875
0 0.853125 0.96328125 0.08125 0.0546875
0 0.85546875 0.9109375 0.08359375 0.05546875
0 0.8625 0.85859375 0.084375 0.05625
0 0.865625 0.8 0.08515625 0.0640625
0 0.82578125 0.67890625 0.0765625 0.05546875
0 0.828125 0.62421875 0.0796875 0.05703125
0 0.8328125 0.56875 0.0796875 0.059375
0 0.83515625 0.51328125 0.08125 0.05546875
0 0.84140625 0.453125 0.0828125 0.0625
0 0.9546875 0.48046875 0.090625 0.06875
0 0.95390625 0.54296875 0.0921875 0.0609375
0 0.94921875 0.60703125 0.09453125 0.06328125
0 0.9453125 0.6625 0.09140625 0.05703125
0 0.94375 0.72109375 0.0890625 0.053125
0 0.9421875 0.7765625 0.0796875 0.0578125
0 0.940625 0.83515625 0.0796875 0.05703125
0 0.9375 0.8921875 0.08046875 0.05390625
0 0.92890625 0.94609375 0.07578125 0.05
0 0.92734375 0.98671875 0.07109375 0.0265625
1 0.70078125 0.18359375 0.1 0.05625