0 0.93515625 0.6546875 0.0859375 0.0625
0 0.94375 0.59921875 0.09296875 0.05703125
0 0.94921875 0.540625 0.09453125 0.0609375
0 0.953125 0.4796875 0.090625 0.07265625
0 0.95625 0.42265625 0.08671875 0.065625
0 0.95859375 0.3625 0.08203125 0.071875
0 0.85 0.65078125 0.08671875 0.05625
0 0.853125 0.5953125 0.08984375 0.0546875
0 0.86171875 0.54140625 0.090625 0.071875
0 0.86640625 0.48359375 0.0875 0.0796875
0 0.87109375 0.42109375 0.090625 0.065625
0 0.87578125 0.359375 0.09296875 0.07265625
0 0.8828125 0.29765625 0.09609375 0.0671875
0 0.8859375 0.23046875 0.10234375 0.08046875
0 0.89140625 0.16328125 0.09375 0.08359375
0 0.9 0.09609375 0.1 0.08046875
0 0.9015625 0.03125 0.10625 0.0609375
0 0.8078125 0.034375 0.09765625 0.06484375
0 0.80703125 0.0953125 0.0875 0.075
0 0.80078125 0.15859375 0.0890625 0.0765625
0 0.7953125 0.22890625 0.08671875 0.075
0 0.79375 0.2953125 0.0875 0.075
0 0.790625 0.353125 0.0875 0.07265625
0 0.7859375 0.41484375 0.0921875 0.07265625
0 0.7828125 0.47734375 0.08515625 0.065625
0 0.78046875 0.53515625 0.08359375 0.06484375
0 0.77265625 0.59296875 0.08359375 0.0640625
0 0.76875 0.64609375 0.0875 0.059375
0 0.6890625 0.64296875 0.08359375 0.05703125
0 0.6921875 0.590625 0.0859375 0.06484375
0 0.69609375 0.528125 0.08515625 0.06875
0 0.6984375 0.475 0.0875 0.0671875
0 0.703125 0.41328125 0.0890625 0.0703125
0 0.70546875 0.35625 0.090625 0.0671875
0 0.70859375 0.28984375 0.09453125 0.06953125
0 0.709375 0.2296875 0.090625 0.07890625
0 0.7125 0.159375 0.09765625 0.075
0 0.7140625 0.09296875 0.0921875 0.0796875
0 0.7140625 0.03046875 0.09140625 0.059375
0 0.54453125 0.08046875 0.0890625 0.071875
0 0.54375 0.14921875 0.0890625 0.071875
0 0.5453125 0.21484375 0.090625 0.0671875
0 0.54609375 0.28046875 0.08515625 0.06953125
0 0.54375 0.34140625 0.08515625 0.065625
0 0.5421875 0.40546875 0.08671875 0.065625
0 0.54375 0.465625 0.08671875 0.0578125
0 0.54375 0.5234375 0.08046875 0.0609375
0 0.54296875 0.57734375 0.08125 0.05
0 0.54609375 0.63125 0.075 0.05703125
0 0.46953125 0.58828125 0.07109375 0.05703125
0 0.4703125 0.53515625 0.06875 0.053125
0 0.4640625 0.4859375 0.0703125 0.059375
0 0.46484375 0.43125 0.075 0.05703125
0 0.46171875 0.38125 0.07578125 0.0578125
0 0.4640625 0.32109375 0.0734375 0.0640625
0 0.4625 0.2625 0.07265625 0.0640625
0 0.4625 0.20390625 0.075 0.06484375
0 0.4640625 0.13984375 0.0734375 0.06171875
0 0.4625 0.0828125 0.0765625 0.06015625
0 0.378125 0.07734375 0.075 0.05703125
0 0.38125 0.1375 0.075 0.0625
0 0.38203125 0.20234375 0.07734375 0.0625
0 0.38515625 0.25859375 0.07421875 0.0546875
0 0.38359375 0.31171875 0.07109375 0.059375
0 0.38515625 0.3734375 0.071875 0.05390625
0 0.3875 0.42421875 0.07421875 0.059375
0 0.390625 0.47890625 0.07265625 0.0546875
0 0.3921875 0.53203125 0.06875 0.05625
0 0.390625 0.58125 0.07265625 0.0546875
0 0.30078125 0.07734375 0.07890625 0.06484375
0 0.30625 0.13984375 0.0765625 0.06171875
0 0.30703125 0.20078125 0.0765625 0.059375
0 0.30859375 0.25546875 0.07890625 0.05703125
0 0.3109375 0.31484375 0.0765625 0.0609375
0 0.28515625 0.4 0.084375 0.065625
0 0.2859375 0.46171875 0.08125 0.0609375
0 0.28984375 0.5203125 0.08125 0.0546875
0 0.29140625 0.57890625 0.0796875 0.059375
0 0.29375 0.63125 0.0828125 0.06015625
0 0.21953125 0.6140625 0.07890625 0.06015625
0 0.21796875 0.56015625 0.071875 0.0609375
0 0.2109375 0.50859375 0.08203125 0.06796875
0 0.20859375 0.45 0.0796875 0.059375
0 0.2078125 0.39453125 0.07890625 0.06328125
0 0.20703125 0.334375 0.090625 0.071875
0 0.20390625 0.27109375 0.0875 0.06484375
0 0.20078125 0.20859375 0.0875 0.06875
0 0.1984375 0.14140625 0.090625 0.06953125
0 0.1953125 0.07578125 0.08671875 0.06796875
0 0.0828125 0.60234375 0.0765625 0.03984375
0 0.07890625 0.56875 0.07890625 0.0375
0 0.07578125 0.5359375 0.07890625 0.034375
0 0.07109375 0.50078125 0.0765625 0.03671875
0 0.06328125 0.4671875 0.07734375 0.034375
0 0.059375 0.43125 0.071875 0.0390625
0 0.0625 0.39296875 0.06484375 0.03828125
0 0.0578125 0.3515625 0.0703125 0.03984375
0 0.05078125 0.31484375 0.06953125 0.04375
0 0.04296875 0.2796875 0.07890625 0.03671875
0 0.04140625 0.240625 0.078125 0.0421875
0 0.03671875 0.2015625 0.07265625 0.04140625
0 0.0328125 0.16171875 0.065625 0.0453125
0 0.0296875 0.11875 0.05859375 0.0421875
0 0.028125 0.08046875 0.05546875 0.04375
0 0.02578125 0.03828125 0.0515625 0.04453125