0 0.81796875 0.38125 0.28125 0.109375
0 0.8109375 0.49140625 0.27421875 0.11015625
0 0.81484375 0.5984375 0.26796875 0.11015625
0 0.79765625 0.6984375 0.25703125 0.10703125
0 0.79375 0.79140625 0.2515625 0.1015625
0 0.7890625 0.884375 0.24921875 0.103125
0 0.5265625 0.125 0.0734375 0.05234375
0 0.52421875 0.17109375 0.07109375 0.046875
0 0.52265625 0.21796875 0.0734375 0.0484375
0 0.525 0.2671875 0.07265625 0.04453125
0 0.52578125 0.31015625 0.06953125 0.046875
0 0.5265625 0.3484375 0.071875 0.0484375
0 0.52890625 0.38984375 0.071875 0.04375
0 0.52734375 0.4328125 0.06953125 0.04609375
0 0.52734375 0.47109375 0.06953125 0.04375
0 0.528125 0.51328125 0.06953125 0.046875
0 0.52890625 0.55390625 0.06875 0.03828125
0 0.528125 0.58828125 0.0671875 0.04375
0 0.53046875 0.62578125 0.0640625 0.04375
0 0.5296875 0.66171875 0.06875 0.04140625
0 0.53203125 0.69765625 0.065625 0.0421875
0 0.5328125 0.73515625 0.06640625 0.0390625
0 0.53203125 0.771875 0.06640625 0.04375
0 0.53203125 0.80390625 0.0640625 0.0421875
0 0.53046875 0.840625 0.06328125 0.0390625
0 0.528125 0.87265625 0.065625 0.0375
0 0.52578125 0.9078125 0.06171875 0.04140625
0 0.5265625 0.93984375 0.06171875 0.04375
0 0.45390625 0.13359375 0.07734375 0.04453125
0 0.45 0.175 0.07421875 0.04609375
0 0.45 0.2203125 0.07421875 0.04609375
0 0.4515625 0.2671875 0.0765625 0.04375
0 0.45390625 0.309375 0.0734375 0.04375
0 0.45390625 0.353125 0.0734375 0.03984375
0 0.45625 0.39375 0.07421875 0.04140625
0 0.45625 0.4359375 0.07109375 0.0375
0 0.45703125 0.47421875 0.0703125 0.03828125
0 0.45859375 0.515625 0.071875 0.04375
0 0.45859375 0.5546875 0.07109375 0.03984375
0 0.46171875 0.5953125 0.07109375 0.03828125
0 0.46484375 0.63203125 0.06796875 0.03828125
0 0.4625 0.66796875 0.0703125 0.04609375
0 0.4640625 0.70390625 0.06640625 0.03828125
0 0.465625 0.73828125 0.06640625 0.0421875
0 0.4671875 0.775 0.0671875 0.04140625
0 0.4671875 0.80546875 0.06640625 0.04375
0 0.4640625 0.84140625 0.06484375 0.04140625
0 0.46328125 0.87734375 0.06171875 0.04140625
0 0.46171875 0.9078125 0.0625 0.03828125
0 0.4625 0.9421875 0.06328125 0.0421875
0 0.371875 0.13046875 0.07890625 0.05234375
0 0.37421875 0.1765625 0.075 0.04375
0 0.375 0.2203125 0.075 0.0484375
0 0.3765625 0.26640625 0.0734375 0.05
0 0.37734375 0.31015625 0.0734375 0.0484375
0 0.38046875 0.35 0.06875 0.04609375
0 0.38359375 0.39453125 0.0671875 0.04921875
0 0.38359375 0.43828125 0.0703125 0.04375
0 0.3859375 0.4765625 0.0671875 0.04140625
0 0.3875 0.5140625 0.06875 0.04765625
0 0.3875 0.55625 0.06953125 0.04765625
0 0.390625 0.59453125 0.07109375 0.0453125
0 0.3921875 0.6359375 0.0734375 0.04140625
0 0.39296875 0.6703125 0.06953125 0.04453125
0 0.396875 0.70546875 0.06875 0.04375
0 0.3984375 0.74140625 0.06796875 0.046875
0 0.39921875 0.7765625 0.06875 0.04140625
0 0.4 0.81328125 0.0640625 0.046875
0 0.39921875 0.8484375 0.06171875 0.0421875
0 0.39921875 0.87890625 0.06640625 0.0359375
0 0.39921875 0.9109375 0.0609375 0.03671875
0 0.3984375 0.94375 0.0609375 0.0375
0 0.2953125 0.13046875 0.075 0.04609375
0 0.2984375 0.175 0.075 0.0453125
0 0.29921875 0.22109375 0.07578125 0.0515625
0 0.3015625 0.26796875 0.071875 0.05
0 0.3046875 0.3078125 0.075 0.046875
0 0.30625 0.3515625 0.0765625 0.046875
0 0.3109375 0.3921875 0.075 0.0484375
0 0.30859375 0.434375 0.071875 0.04375
0 0.31328125 0.475 0.0734375 0.04609375
0 0.31484375 0.515625 0.07109375 0.05
0 0.31640625 0.55546875 0.06953125 0.04921875
0 0.31953125 0.59609375 0.06953125 0.04453125
0 0.321875 0.63203125 0.06796875 0.0328125
0 0.3234375 0.67109375 0.06640625 0.046875
0 0.32890625 0.709375 0.06875 0.04453125
0 0.32890625 0.74453125 0.06875 0.04375
0 0.328125 0.7796875 0.06875 0.0453125
0 0.3328125 0.81328125 0.06953125 0.05703125
0 0.334375 0.8515625 0.06796875 0.04375
0 0.3328125 0.8828125 0.0671875 0.03828125
0 0.3328125 0.915625 0.06875 0.0375
0 0.3328125 0.94296875 0.0671875 0.03984375
0 0.2671875 0.9515625 0.06171875 0.0421875
0 0.26640625 0.915625 0.0640625 0.04140625
0 0.265625 0.88359375 0.0640625 0.03984375
0 0.265625 0.8484375 0.06796875 0.03984375
0 0.21796875 0.1296875 0.08046875 0.0453125
0 0.2203125 0.178125 0.08203125 0.05390625
0 0.2234375 0.225 0.0796875 0.046875
0 0.2265625 0.26953125 0.07890625 0.0546875
0 0.228125 0.31171875 0.0765625 0.05625
0 0.2328125 0.35703125 0.07578125 0.05
0 0.23515625 0.396875 0.0765625 0.0515625
0 0.2375 0.43984375 0.0734375 0.0453125
0 0.2390625 0.475 0.071875 0.046875
0 0.24375 0.5171875 0.06875 0.05
0 0.246875 0.5609375 0.0703125 0.046875
0 0.246875 0.59609375 0.06875 0.0421875
0 0.2515625 0.63359375 0.07109375 0.03828125
0 0.25390625 0.67109375 0.06953125 0.046875
0 0.25703125 0.71328125 0.0734375 0.04765625
0 0.2578125 0.74921875 0.07265625 0.0421875
0 0.25859375 0.7828125 0.07109375 0.04140625
0 0.2625 0.81796875 0.06953125 0.04765625
0 0.13671875 0.128125 0.08203125 0.04765625
0 0.13984375 0.1765625 0.07890625 0.053125
0 0.14296875 0.221875 0.08046875 0.05234375
0 0.14765625 0.26875 0.07890625 0.0515625
0 0.15234375 0.3109375 0.0765625 0.04609375
0 0.1546875 0.35625 0.0765625 0.0484375
0 0.15859375 0.39765625 0.0765625 0.05
0 0.16328125 0.43828125 0.071875 0.0484375
0 0.16796875 0.4765625 0.07265625 0.03671875
0 0.17109375 0.51484375 0.075 0.0484375
0 0.175 0.5578125 0.075 0.0421875
0 0.178125 0.59921875 0.07265625 0.04609375
0 0.18046875 0.63984375 0.07265625 0.04140625
0 0.1828125 0.67265625 0.0640625 0.0359375
0 0.18671875 0.7078125 0.06171875 0.0390625
0 0.18828125 0.7484375 0.06328125 0.04453125
0 0.19140625 0.78671875 0.06328125 0.03984375
0 0.19609375 0.81796875 0.0640625 0.0390625
0 0.1984375 0.84921875 0.06171875 0.04453125
0 0.2 0.884375 0.06484375 0.03828125
0 0.203125 0.91640625 0.06484375 0.040625
0 0.2046875 0.95234375 0.0625 0.04453125