0 0.14296875 0.13125 0.1296875 0.2234375
0 0.159375 0.34296875 0.11796875 0.20234375
0 0.16953125 0.540625 0.11015625 0.19453125
0 0.1875 0.7234375 0.109375 0.17734375
0 0.28203125 0.71640625 0.10859375 0.16953125
0 0.27421875 0.54140625 0.109375 0.18671875
0 0.2671875 0.3375 0.1125 0.2
0 0.25703125 0.12421875 0.12421875 0.20546875
0 0.36640625 0.1203125 0.115625 0.21328125
0 0.37109375 0.33671875 0.10859375 0.19765625
0 0.378125 0.53125 0.10625 0.17890625
0 0.38125 0.71484375 0.103125 0.1828125
0 0.48515625 0.71484375 0.09765625 0.17109375
0 0.47890625 0.53046875 0.10625 0.18125
0 0.48046875 0.33125 0.10703125 0.21171875
0 0.478125 0.121875 0.1109375 0.20859375
0 0.59375 0.1265625 0.115625 0.2328125
0 0.5890625 0.3421875 0.1109375 0.20859375
0 0.584375 0.5453125 0.10234375 0.17890625
0 0.58515625 0.7234375 0.09765625 0.16953125
0 0.76015625 0.78125 0.08515625 0.06953125
0 0.7625 0.7203125 0.08515625 0.05546875
0 0.76640625 0.66796875 0.08984375 0.06171875
0 0.771875 0.60703125 0.090625 0.0671875
0 0.775 0.5453125 0.08515625 0.059375
0 0.78203125 0.48203125 0.09453125 0.07109375
0 0.78828125 0.41796875 0.09296875 0.06328125
0 0.7921875 0.35 0.090625 0.07109375
0 0.79609375 0.28359375 0.090625 0.0671875
0 0.803125 0.20390625 0.0953125 0.07890625
0 0.80625 0.13046875 0.0953125 0.07109375
0 0.8109375 0.06171875 0.09609375 0.07265625
0 0.90546875 0.0609375 0.0984375 0.07890625
0 0.903125 0.134375 0.0953125 0.07890625
0 0.8953125 0.2046875 0.09453125 0.0765625
0 0.88828125 0.2828125 0.10078125 0.07109375
0 0.8828125 0.34921875 0.08984375 0.07265625
0 0.87578125 0.41484375 0.090625 0.06328125
0 0.86875 0.4828125 0.0921875 0.06953125
0 0.859375 0.55078125 0.08671875 0.06484375
0 0.85625 0.60625 0.0921875 0.06953125
0 0.8515625 0.66640625 0.08515625 0.059375
0 0.846875 0.721875 0.08125 0.05546875
0 0.8421875 0.7765625 0.0796875 0.05234375
0 0.91953125 0.77890625 0.08359375 0.05546875
0 0.93203125 0.72265625 0.08359375 0.06328125
0 0.9375 0.66796875 0.08515625 0.06484375
0 0.93984375 0.60859375 0.0796875 0.06328125
0 0.94609375 0.54453125 0.08984375 0.07265625
0 0.95390625 0.4828125 0.08203125 0.06484375
0 0.95859375 0.41875 0.0828125 0.06953125
0 0.96171875 0.346875 0.0765625 0.06953125
0 0.96640625 0.27890625 0.0671875 0.075
0 0.971875 0.21171875 0.05625 0.07890625
0 0.9734375 0.13828125 0.053125 0.0796875
0 0.9765625 0.0671875 0.046875 0.08359375