0 0.06875 0.18671875 0.1 0.07890625
0 0.06953125 0.259375 0.09453125 0.078125
0 0.0703125 0.32890625 0.0921875 0.06953125
0 0.06953125 0.40078125 0.09453125 0.071875
0 0.07109375 0.47578125 0.09375 0.075
0 0.07109375 0.5453125 0.09375 0.07109375
0 0.07265625 0.6125 0.090625 0.0640625
0 0.071875 0.684375 0.090625 0.07109375
0 0.075 0.759375 0.09375 0.075
0 0.07734375 0.82890625 0.0921875 0.0609375
0 0.07890625 0.8953125 0.09375 0.06796875
0 0.07734375 0.96484375 0.096875 0.0703125
0 0.17265625 0.95859375 0.09375 0.071875
0 0.17109375 0.89296875 0.096875 0.07265625
0 0.17109375 0.82265625 0.0953125 0.07265625
0 0.16953125 0.75546875 0.09609375 0.075
0 0.1671875 0.6828125 0.1 0.07890625
0 0.165625 0.615625 0.096875 0.0640625
0 0.16796875 0.54296875 0.0953125 0.06875
0 0.16640625 0.4734375 0.09921875 0.071875
0 0.16640625 0.40390625 0.1 0.07265625
0 0.1671875 0.3328125 0.0984375 0.071875
0 0.16640625 0.265625 0.0984375 0.07109375
0 0.165625 0.1953125 0.1015625 0.075
0 0.2625 0.19609375 0.0921875 0.078125
0 0.2625 0.2671875 0.09296875 0.07265625
0 0.26171875 0.334375 0.09453125 0.07890625
0 0.26328125 0.4046875 0.09453125 0.075
0 0.2625 0.47421875 0.096875 0.07734375
0 0.2640625 0.5453125 0.096875 0.0734375
0 0.2640625 0.6140625 0.0984375 0.06796875
0 0.26953125 0.68515625 0.0921875 0.06953125
0 0.26640625 0.75390625 0.0984375 0.0703125
0 0.26640625 0.825 0.09375 0.06953125
0 0.26796875 0.8890625 0.096875 0.07890625
0 0.26953125 0.95546875 0.096875 0.07265625
0 0.3640625 0.95078125 0.09453125 0.06953125
0 0.36328125 0.884375 0.0953125 0.0734375
0 0.3609375 0.815625 0.09453125 0.06875
0 0.36171875 0.74765625 0.0921875 0.071875
0 0.36171875 0.67890625 0.09453125 0.075
0 0.35859375 0.6109375 0.09453125 0.07109375
0 0.35703125 0.54375 0.09453125 0.07265625
0 0.3546875 0.47578125 0.0953125 0.075
0 0.35625 0.40546875 0.09375 0.07734375
0 0.35546875 0.33828125 0.09296875 0.06953125
0 0.35546875 0.27265625 0.09296875 0.0734375
0 0.3578125 0.20390625 0.09453125 0.065625
0 0.446875 0.20703125 0.090625 0.071875
0 0.4484375 0.275 0.0921875 0.0734375
0 0.446875 0.340625 0.08359375 0.0671875
0 0.4453125 0.409375 0.08671875 0.0703125
0 0.446875 0.47578125 0.08828125 0.065625
0 0.446875 0.54765625 0.0890625 0.06484375
0 0.4515625 0.609375 0.0875 0.06953125
0 0.45234375 0.67890625 0.090625 0.0734375
0 0.45 0.74453125 0.0859375 0.06796875
0 0.45390625 0.81015625 0.0875 0.0703125
0 0.453125 0.875 0.084375 0.075
0 0.45234375 0.9421875 0.08515625 0.075
0 0.5875 0.46875 0.07890625 0.0609375
0 0.65390625 0.46796875 0.0515625 0.04140625
0 0.7125 0.471875 0.0640625 0.0453125
0 0.7796875 0.47265625 0.0703125 0.04921875
0 0.8796875 0.4734375 0.07890625 0.0609375
0 0.5890625 0.53203125 0.0859375 0.065625
0 0.5890625 0.596875 0.0875 0.0640625
0 0.5890625 0.6625 0.08671875 0.0640625
0 0.590625 0.728125 0.0875 0.06953125
0 0.5921875 0.79296875 0.08984375 0.06328125
0 0.5890625 0.85546875 0.0875 0.06328125
0 0.58671875 0.9171875 0.08671875 0.0625
0 0.68671875 0.925 0.08203125 0.07265625
0 0.68125 0.8609375 0.0828125 0.06328125
0 0.68046875 0.7953125 0.090625 0.0703125
0 0.6796875 0.73046875 0.0921875 0.071875
0 0.678125 0.66640625 0.0890625 0.0671875
0 0.67890625 0.59921875 0.0890625 0.0625
0 0.6765625 0.53515625 0.0875 0.06875
0 0.7640625 0.5359375 0.0859375 0.06328125
0 0.76640625 0.6 0.0859375 0.06796875
0 0.76796875 0.6671875 0.08125 0.06328125
0 0.76875 0.728125 0.084375 0.0625
0 0.76796875 0.7953125 0.08359375 0.06875
0 0.775 0.8578125 0.0875 0.0640625
0 0.784375 0.92265625 0.0828125 0.06953125
0 0.84765625 0.53203125 0.0796875 0.065625
0 0.8484375 0.59453125 0.07890625 0.07265625
0 0.84921875 0.66171875 0.0796875 0.06484375
0 0.85078125 0.72265625 0.0828125 0.06328125
0 0.85234375 0.78671875 0.08046875 0.0734375
0 0.85625 0.85 0.07734375 0.0671875
0 0.86484375 0.91171875 0.0765625 0.07109375
0 0.921875 0.52578125 0.06875 0.0640625
0 0.9234375 0.59375 0.0671875 0.0625
0 0.92578125 0.65546875 0.06875 0.053125
0 0.92734375 0.71328125 0.071875 0.059375
0 0.928125 0.7734375 0.071875 0.0609375
0 0.93125 0.8359375 0.07109375 0.0609375
0 0.93515625 0.89296875 0.06484375 0.05234375
1 0.66875 0.36484375 0.1203125 0.08046875
1 0.65703125 0.284375 0.090625 0.075
1 0.55078125 0.3171875 0.11015625 0.134375
1 0.55234375 0.415625 0.1125 0.059375