0 0.0515625 0.67890625 0.08515625 0.0703125
0 0.0453125 0.615625 0.08828125 0.06171875
0 0.04375 0.55234375 0.08671875 0.0625
0 0.13828125 0.67109375 0.09609375 0.065625
0 0.22890625 0.6640625 0.0921875 0.059375
0 0.22109375 0.60234375 0.09296875 0.06953125
0 0.13359375 0.6140625 0.0953125 0.07265625
0 0.125 0.553125 0.090625 0.06953125
0 0.215625 0.54453125 0.09375 0.06875
0 0.1203125 0.49453125 0.090625 0.06875
0 0.2109375 0.4828125 0.09140625 0.0671875
0 0.11640625 0.428125 0.09296875 0.06953125
0 0.11015625 0.3625 0.0984375 0.0796875
0 0.1015625 0.29453125 0.096875 0.071875
0 0.096875 0.225 0.096875 0.0796875
0 0.08984375 0.153125 0.10390625 0.07578125
0 0.0859375 0.07734375 0.1078125 0.084375
0 0.1859375 0.07578125 0.09296875 0.07734375
0 0.18828125 0.1484375 0.09375 0.06796875
0 0.18984375 0.2234375 0.096875 0.071875
0 0.19921875 0.290625 0.09296875 0.0671875
0 0.203125 0.35703125 0.0921875 0.0671875
0 0.20703125 0.4234375 0.090625 0.06484375
0 0.4328125 0.64765625 0.0859375 0.06171875
0 0.43046875 0.58984375 0.08203125 0.0578125
0 0.42890625 0.53359375 0.0859375 0.06328125
0 0.42890625 0.475 0.0875 0.0609375
0 0.425 0.41484375 0.08671875 0.0625
0 0.4234375 0.35546875 0.08671875 0.06484375
0 0.421875 0.2859375 0.090625 0.0734375
0 0.4234375 0.2171875 0.08828125 0.06796875
0 0.421875 0.14765625 0.0890625 0.071875
0 0.41953125 0.07109375 0.0890625 0.075
0 0.5125 0.0796875 0.09296875 0.06953125
0 0.51484375 0.021875 0.0953125 0.04140625
0 0.5125 0.1421875 0.08984375 0.06875
0 0.51015625 0.21328125 0.0890625 0.06953125
0 0.5109375 0.2828125 0.09296875 0.0734375
0 0.509375 0.35078125 0.0875 0.065625
0 0.5109375 0.4109375 0.08515625 0.0734375
0 0.51171875 0.475 0.08515625 0.065625
0 0.51328125 0.53203125 0.08125 0.0640625
0 0.5125 0.58984375 0.08203125 0.0578125
0 0.5171875 0.64375 0.07890625 0.05625
0 0.59296875 0.6359375 0.0765625 0.0640625
0 0.59140625 0.57890625 0.078125 0.0640625
0 0.59296875 0.52421875 0.08125 0.071875
0 0.5921875 0.4640625 0.0796875 0.065625
0 0.59296875 0.40625 0.08046875 0.06953125
0 0.5953125 0.3421875 0.084375 0.0734375
0 0.5984375 0.2796875 0.08671875 0.07890625
0 0.596875 0.21171875 0.08828125 0.07890625
0 0.59921875 0.14375 0.0875 0.0796875
0 0.6015625 0.07421875 0.0875 0.07578125
0 0.684375 0.0734375 0.0859375 0.07265625
0 0.68359375 0.14140625 0.08515625 0.071875
0 0.68203125 0.20859375 0.0828125 0.06953125
0 0.68046875 0.275 0.084375 0.0703125
0 0.6765625 0.3390625 0.08125 0.06796875
0 0.67421875 0.39921875 0.08671875 0.0703125
0 0.67265625 0.46171875 0.08125 0.06875
0 0.6734375 0.51875 0.0796875 0.06171875
0 0.66875 0.575 0.07890625 0.06171875
0 0.6703125 0.62734375 0.07421875 0.0515625
0 0.74296875 0.61640625 0.078125 0.06171875
0 0.74609375 0.56796875 0.0796875 0.06953125
0 0.7484375 0.51328125 0.0765625 0.07578125
0 0.75078125 0.45625 0.078125 0.0703125
0 0.75078125 0.39453125 0.07734375 0.0734375
0 0.7546875 0.3375 0.078125 0.0703125
0 0.75546875 0.27421875 0.08359375 0.078125
0 0.7625 0.20625 0.0796875 0.07890625
0 0.765625 0.1421875 0.07734375 0.0796875
0 0.76796875 0.0734375 0.08125 0.0703125
0 0.60546875 0.02265625 0.0890625 0.04453125
0 0.690625 0.01953125 0.084375 0.0375
0 0.775 0.02109375 0.084375 0.040625
0 0.87890625 0.60390625 0.0828125 0.0625
0 0.88515625 0.55234375 0.08046875 0.05625
0 0.8890625 0.4953125 0.084375 0.059375
0 0.8984375 0.4390625 0.08671875 0.0640625
0 0.9015625 0.378125 0.08671875 0.05703125
0 0.9078125 0.31953125 0.0828125 0.06484375
0 0.91015625 0.2578125 0.08515625 0.065625
0 0.915625 0.1921875 0.0890625 0.07109375
0 0.91953125 0.128125 0.08515625 0.06953125
0 0.9234375 0.06171875 0.08515625 0.07265625
0 0.93671875 0.5609375 0.03515625 0.05
0 0.9421875 0.509375 0.0375 0.04609375
0 0.946875 0.45546875 0.0390625 0.0484375
0 0.95546875 0.403125 0.03671875 0.04921875
0 0.96015625 0.35 0.03828125 0.05390625
0 0.9625 0.2921875 0.0328125 0.0484375
0 0.9671875 0.24296875 0.0359375 0.05625
0 0.97421875 0.1796875 0.040625 0.05390625
0 0.97890625 0.1265625 0.040625 0.06171875
0 0.98125 0.0609375 0.0375 0.065625
0 0.97578125 0.5609375 0.04765625 0.053125
0 0.97578125 0.50625 0.04765625 0.05703125
0 0.98046875 0.459375 0.0390625 0.06015625
0 0.984375 0.40546875 0.03046875 0.0578125