0 0.08046875 0.31875 0.16015625 0.115625
0 0.07890625 0.41640625 0.15703125 0.1109375
0 0.071875 0.51875 0.1421875 0.1046875
0 0.07734375 0.6109375 0.15390625 0.08671875
0 0.075 0.7171875 0.1484375 0.1078125
0 0.07265625 0.81640625 0.1453125 0.115625
0 0.28125 0.096875 0.05234375 0.04375
0 0.2828125 0.13828125 0.053125 0.03828125
0 0.28203125 0.1734375 0.053125 0.0375
0 0.27890625 0.20859375 0.05390625 0.034375
0 0.27890625 0.24140625 0.05625 0.03828125
0 0.278125 0.2765625 0.05390625 0.0328125
0 0.27734375 0.3140625 0.05625 0.0359375
0 0.2765625 0.346875 0.05390625 0.0375
0 0.27265625 0.38125 0.053125 0.0359375
0 0.2734375 0.42109375 0.05625 0.0328125
0 0.2734375 0.4578125 0.05546875 0.0359375
0 0.271875 0.49453125 0.05546875 0.03671875
0 0.26953125 0.53203125 0.05390625 0.0328125
0 0.2671875 0.56953125 0.05859375 0.034375
0 0.26640625 0.60625 0.05859375 0.0359375
0 0.26796875 0.6453125 0.05703125 0.0359375
0 0.2640625 0.68203125 0.0578125 0.0359375
0 0.26484375 0.72109375 0.06015625 0.0359375
0 0.2640625 0.759375 0.05546875 0.0390625
0 0.265625 0.79765625 0.05625 0.03828125
0 0.265625 0.83515625 0.05546875 0.034375
0 0.2609375 0.86953125 0.0578125 0.04375
0 0.32578125 0.8765625 0.06484375 0.0484375
0 0.38515625 0.884375 0.0671875 0.05
0 0.45078125 0.88984375 0.06875 0.05
0 0.5171875 0.89765625 0.0671875 0.05234375
0 0.5875 0.9015625 0.07109375 0.0625
0 0.5875 0.85390625 0.07109375 0.0484375
0 0.51953125 0.85078125 0.0671875 0.04375
0 0.45234375 0.84609375 0.065625 0.040625
0 0.38828125 0.8421875 0.06171875 0.0375
0 0.3265625 0.8390625 0.05859375 0.0359375
0 0.3234375 0.7984375 0.06015625 0.0453125
0 0.38671875 0.80390625 0.06328125 0.04921875
0 0.45078125 0.80703125 0.0640625 0.0421875
0 0.51640625 0.81484375 0.0703125 0.04609375
0 0.58515625 0.8171875 0.06875 0.05
0 0.58515625 0.775 0.06875 0.04140625
0 0.5171875 0.7703125 0.0625 0.03984375
0 0.45078125 0.7625 0.06328125 0.03203125
0 0.384375 0.75859375 0.0609375 0.034375
0 0.32421875 0.75703125 0.059375 0.0359375
0 0.3234375 0.72109375 0.0640625 0.0390625
0 0.384375 0.7234375 0.06484375 0.0484375
0 0.45 0.725 0.06328125 0.04921875
0 0.515625 0.73203125 0.065625 0.046875
0 0.584375 0.73515625 0.06953125 0.0546875
0 0.5828125 0.690625 0.0671875 0.04453125
0 0.5171875 0.6921875 0.07109375 0.0421875
0 0.45 0.68515625 0.06328125 0.03828125
0 0.3859375 0.68046875 0.065625 0.0328125
0 0.321875 0.68203125 0.05703125 0.03828125
0 0.325 0.6453125 0.059375 0.0328125
0 0.38671875 0.6515625 0.06328125 0.046875
0 0.44921875 0.6546875 0.06875 0.0421875
0 0.515625 0.64765625 0.0671875 0.03671875
0 0.584375 0.64921875 0.0671875 0.034375
0 0.58359375 0.6109375 0.06484375 0.03984375
0 0.51640625 0.60859375 0.06953125 0.0390625
0 0.45078125 0.60625 0.0671875 0.03828125
0 0.3859375 0.60625 0.06171875 0.0375
0 0.3234375 0.60859375 0.05625 0.034375
0 0.3265625 0.5671875 0.05859375 0.0390625
0 0.3859375 0.56953125 0.06328125 0.03828125
0 0.45078125 0.56875 0.0640625 0.0390625
0 0.51640625 0.57421875 0.0640625 0.0390625
0 0.58359375 0.57578125 0.0671875 0.03671875
0 0.584375 0.5296875 0.06484375 0.03671875
0 0.51796875 0.52734375 0.0671875 0.0421875
0 0.45234375 0.53046875 0.06328125 0.03828125
0 0.3875 0.53203125 0.059375 0.04765625
0 0.328125 0.53203125 0.06171875 0.0375
0 0.328125 0.490625 0.05703125 0.0421875
0 0.38828125 0.49375 0.065625 0.03984375
0 0.453125 0.4953125 0.06796875 0.040625
0 0.51953125 0.49296875 0.0640625 0.0375
0 0.5875 0.4890625 0.06953125 0.03671875
0 0.58359375 0.4453125 0.06640625 0.05
0 0.52109375 0.4484375 0.0609375 0.04375
0 0.45234375 0.45078125 0.0703125 0.0375
0 0.39140625 0.453125 0.0625 0.03125
0 0.33046875 0.46015625 0.06328125 0.0359375
0 0.3296875 0.4203125 0.05625 0.0453125
0 0.39140625 0.41484375 0.06328125 0.04921875
0 0.45390625 0.41171875 0.0625 0.03828125
0 0.51796875 0.40703125 0.06875 0.0484375
0 0.5875 0.40390625 0.0734375 0.0453125
0 0.58828125 0.3640625 0.06875 0.03671875
0 0.521875 0.3703125 0.065625 0.03984375
0 0.45625 0.375 0.0671875 0.03984375
0 0.39375 0.378125 0.06328125 0.0390625
0 0.33359375 0.375 0.059375 0.03984375
0 0.3328125 0.34296875 0.05859375 0.04453125
0 0.39296875 0.34140625 0.0609375 0.04375
0 0.4546875 0.33671875 0.0625 0.040625
0 0.5203125 0.3328125 0.065625 0.04140625
0 0.5859375 0.32890625 0.0671875 0.04921875
0 0.5875 0.2828125 0.06953125 0.04140625
0 0.52109375 0.2921875 0.06640625 0.03671875
0 0.4578125 0.29453125 0.06171875 0.03203125
0 0.3921875 0.29921875 0.065625 0.034375
0 0.33203125 0.30546875 0.05703125 0.034375
0 0.3328125 0.2765625 0.0578125 0.040625
0 0.3921875 0.2671875 0.0640625 0.04609375
0 0.45546875 0.2578125 0.06484375 0.03828125
0 0.51953125 0.2546875 0.0671875 0.0390625
0 0.5890625 0.24765625 0.06796875 0.046875
0 0.58828125 0.20234375 0.06796875 0.04140625
0 0.52109375 0.21640625 0.06328125 0.0328125
0 0.45703125 0.221875 0.0640625 0.0390625
0 0.39609375 0.228125 0.0625 0.04140625
0 0.3359375 0.23359375 0.059375 0.040625
0 0.33515625 0.2 0.05703125 0.04609375
0 0.39375 0.18828125 0.06328125 0.04375
0 0.4578125 0.184375 0.0640625 0.04375
0 0.521875 0.178125 0.06171875 0.0421875
0 0.58828125 0.1671875 0.0671875 0.0375
0 0.5890625 0.12578125 0.06640625 0.04609375
0 0.52109375 0.1375 0.06484375 0.03203125
0 0.45859375 0.146875 0.065625 0.0359375
0 0.3953125 0.1515625 0.065625 0.040625
0 0.3375 0.15859375 0.0609375 0.034375
0 0.33828125 0.13046875 0.05703125 0.0484375
0 0.3359375 0.0921875 0.05546875 0.046875
0 0.39375 0.08046875 0.065625 0.046875
0 0.4 0.11328125 0.05703125 0.0375
0 0.45859375 0.1078125 0.06328125 0.0453125
0 0.45859375 0.06796875 0.06171875 0.04609375
0 0.5234375 0.059375 0.0640625 0.0421875
0 0.5234375 0.10234375 0.06328125 0.040625
0 0.5890625 0.08515625 0.06875 0.04140625
0 0.58671875 0.04609375 0.065625 0.046875