0 0.06015625 0.890625 0.115625 0.08515625
0 0.05625 0.828125 0.1125 0.08125
0 0.0546875 0.7671875 0.10859375 0.08671875
0 0.053125 0.69921875 0.1046875 0.09140625
0 0.0453125 0.63359375 0.0890625 0.08671875
0 0.04140625 0.56015625 0.08203125 0.08046875
0 0.03984375 0.4828125 0.07890625 0.08671875
0 0.0359375 0.4046875 0.07109375 0.075
0 0.03515625 0.321875 0.06875 0.08671875
0 0.03203125 0.24296875 0.06328125 0.078125
0 0.34453125 0.2578125 0.0953125 0.065625
0 0.4375 0.26796875 0.090625 0.065625
0 0.365625 0.35703125 0.10234375 0.07265625
0 0.36796875 0.43046875 0.09765625 0.06796875
0 0.36796875 0.4984375 0.10078125 0.06953125
0 0.37421875 0.55703125 0.0984375 0.06953125
0 0.37890625 0.6265625 0.09921875 0.06484375
0 0.38203125 0.6796875 0.0921875 0.0640625
0 0.38359375 0.73984375 0.090625 0.05546875
0 0.38515625 0.790625 0.090625 0.06015625
0 0.47578125 0.77734375 0.084375 0.07890625
0 0.478125 0.71796875 0.090625 0.0703125
0 0.47578125 0.6609375 0.090625 0.065625
0 0.47421875 0.6046875 0.08828125 0.0609375
0 0.471875 0.54375 0.0921875 0.06953125
0 0.46796875 0.48359375 0.09375 0.06953125
0 0.46640625 0.421875 0.09609375 0.07265625
0 0.4671875 0.35234375 0.0921875 0.06796875
0 0.55859375 0.28125 0.0921875 0.06796875
0 0.5609375 0.34921875 0.09375 0.0609375
0 0.5625 0.41640625 0.0921875 0.06484375
0 0.5609375 0.47421875 0.0875 0.06953125
0 0.5609375 0.52890625 0.084375 0.06328125
0 0.5609375 0.58515625 0.0828125 0.0640625
0 0.56328125 0.6453125 0.08203125 0.065625
0 0.5640625 0.69296875 0.0828125 0.06484375
0 0.56328125 0.74921875 0.08125 0.0578125
0 0.63984375 0.72734375 0.07421875 0.0625
0 0.64296875 0.66875 0.0765625 0.065625
0 0.64375 0.61953125 0.078125 0.065625
0 0.64453125 0.5671875 0.08046875 0.0609375
0 0.64375 0.509375 0.0796875 0.059375
0 0.64609375 0.45078125 0.0796875 0.06328125
0 0.64609375 0.39296875 0.0828125 0.06796875
0 0.6484375 0.3296875 0.090625 0.07265625
0 0.6453125 0.259375 0.08671875 0.0609375
0 0.79921875 0.7359375 0.0796875 0.0625
0 0.80078125 0.68671875 0.0828125 0.05625
0 0.809375 0.63203125 0.08203125 0.0640625
0 0.81484375 0.57734375 0.0828125 0.071875
0 0.81875 0.5171875 0.08515625 0.07109375
0 0.82421875 0.45625 0.0796875 0.0625
0 0.828125 0.396875 0.08515625 0.0625
0 0.83125 0.334375 0.0921875 0.06484375
0 0.83515625 0.2703125 0.084375 0.0703125
0 0.83984375 0.20625 0.08671875 0.0609375
0 0.9234375 0.19375 0.090625 0.0703125
0 0.92109375 0.26171875 0.084375 0.0703125
0 0.91328125 0.32734375 0.0796875 0.065625
0 0.91015625 0.38984375 0.07734375 0.065625
0 0.90390625 0.44609375 0.08125 0.06796875
0 0.8984375 0.50625 0.07734375 0.06953125
0 0.89375 0.56328125 0.075 0.0625
0 0.88515625 0.61875 0.06875 0.0578125
0 0.88046875 0.6671875 0.07421875 0.059375
0 0.8765625 0.7203125 0.07421875 0.05390625
0 0.95234375 0.709375 0.0796875 0.0578125
0 0.95703125 0.65703125 0.075 0.0734375
0 0.96171875 0.603125 0.0765625 0.0625
0 0.96484375 0.54765625 0.06875 0.06484375
0 0.96484375 0.49375 0.0625 0.05703125
0 0.971875 0.43984375 0.05546875 0.0609375
0 0.9734375 0.38046875 0.053125 0.0609375
0 0.97734375 0.31171875 0.0453125 0.075
0 0.97890625 0.2546875 0.0421875 0.071875
0 0.98359375 0.1921875 0.0328125 0.0671875
1 0.48125 0.1125 0.2703125 0.1578125
1 0.70859375 0.07890625 0.1859375 0.08515625