0 0.9625 0.05078125 0.0734375 0.07734375
0 0.9546875 0.12421875 0.0796875 0.07578125
0 0.946875 0.18984375 0.08125 0.06796875
0 0.94296875 0.25859375 0.08125 0.0703125
0 0.9359375 0.321875 0.07734375 0.06796875
0 0.92890625 0.3890625 0.07578125 0.07265625
0 0.92421875 0.446875 0.071875 0.06796875
0 0.91875 0.509375 0.071875 0.06484375
0 0.91328125 0.5671875 0.07109375 0.06796875
0 0.90703125 0.6203125 0.071875 0.0578125
0 0.903125 0.678125 0.071875 0.0703125
0 0.89609375 0.7296875 0.07109375 0.06796875
0 0.8921875 0.784375 0.06640625 0.05625
0 0.8875 0.82890625 0.065625 0.0609375
0 0.821875 0.84765625 0.0734375 0.05625
0 0.825 0.8 0.0671875 0.06484375
0 0.82890625 0.74453125 0.06796875 0.06015625
0 0.8328125 0.684375 0.071875 0.0765625
0 0.83515625 0.63359375 0.07265625 0.06484375
0 0.84140625 0.57578125 0.07421875 0.0625
0 0.8453125 0.5171875 0.0765625 0.07109375
0 0.85 0.45859375 0.078125 0.0765625
0 0.85703125 0.3953125 0.07890625 0.06953125
0 0.859375 0.3265625 0.08125 0.07890625
0 0.865625 0.2609375 0.078125 0.07109375
0 0.86953125 0.18984375 0.0796875 0.07734375
0 0.87734375 0.12265625 0.08125 0.06953125
0 0.88671875 0.05078125 0.08203125 0.071875
0 0.803125 0.0515625 0.09296875 0.08046875
0 0.7953125 0.1265625 0.0875 0.0765625
0 0.7875 0.20078125 0.08203125 0.07265625
0 0.784375 0.265625 0.078125 0.075
0 0.7828125 0.33515625 0.084375 0.07734375
0 0.778125 0.39765625 0.0875 0.065625
0 0.7734375 0.46015625 0.0828125 0.071875
0 0.77265625 0.52578125 0.0828125 0.06796875
0 0.765625 0.58125 0.07890625 0.065625
0 0.76328125 0.64765625 0.0796875 0.06796875
0 0.7609375 0.7046875 0.07890625 0.0703125
0 0.75703125 0.75390625 0.075 0.0703125
0 0.75390625 0.81171875 0.075 0.075
0 0.753125 0.8578125 0.0765625 0.065625
0 0.67734375 0.8828125 0.0828125 0.0765625
0 0.68046875 0.828125 0.07734375 0.065625
0 0.68046875 0.77109375 0.084375 0.0671875
0 0.684375 0.71484375 0.084375 0.071875
0 0.6859375 0.6546875 0.08125 0.07734375
0 0.6859375 0.5984375 0.0875 0.075
0 0.69140625 0.5359375 0.0828125 0.06953125
0 0.6921875 0.471875 0.0875 0.07734375
0 0.696875 0.40625 0.090625 0.07265625
0 0.6984375 0.3390625 0.08671875 0.07734375
0 0.6984375 0.27265625 0.0921875 0.0703125
0 0.70546875 0.20234375 0.09453125 0.07890625
0 0.709375 0.12578125 0.090625 0.06796875
0 0.7140625 0.05 0.09296875 0.075
0 0.615625 0.0484375 0.0984375 0.071875
0 0.6140625 0.12421875 0.09453125 0.08046875
0 0.6109375 0.20390625 0.090625 0.07734375
0 0.60859375 0.2765625 0.090625 0.07265625
0 0.60625 0.34609375 0.0875 0.07890625
0 0.6046875 0.415625 0.0921875 0.071875
0 0.60546875 0.478125 0.090625 0.07890625
0 0.60625 0.54453125 0.08671875 0.075
0 0.6 0.61015625 0.084375 0.07109375
0 0.59921875 0.67109375 0.08359375 0.065625
0 0.6 0.7265625 0.08359375 0.0625
0 0.6 0.78359375 0.0828125 0.07265625
0 0.5984375 0.83984375 0.08828125 0.0703125
0 0.5984375 0.89609375 0.0859375 0.0796875
0 0.36328125 0.028125 0.15390625 0.05390625
0 0.36015625 0.0984375 0.14453125 0.09609375
0 0.36328125 0.1859375 0.14453125 0.0921875
0 0.36953125 0.26875 0.14140625 0.10390625
0 0.37578125 0.3453125 0.1390625 0.09453125
0 0.37421875 0.4234375 0.14140625 0.0984375
0 0.3734375 0.5015625 0.13125 0.1015625
0 0.37421875 0.575 0.13359375 0.09296875
0 0.37734375 0.6453125 0.13359375 0.10234375
0 0.3828125 0.7125 0.128125 0.090625
0 0.38046875 0.778125 0.12734375 0.09375
0 0.38046875 0.840625 0.13125 0.09140625
0 0.38125 0.90390625 0.1203125 0.08515625
0 0.38828125 0.9546875 0.11796875 0.084375
0 0.25390625 0.9703125 0.13515625 0.059375
0 0.25390625 0.91875 0.1296875 0.08671875
0 0.24765625 0.859375 0.13203125 0.08671875
0 0.246875 0.8 0.13359375 0.0828125
0 0.2453125 0.728125 0.1359375 0.09609375
0 0.240625 0.659375 0.13671875 0.09609375
0 0.23671875 0.5921875 0.14375 0.0921875
0 0.2328125 0.51484375 0.14296875 0.09921875
0 0.225 0.4328125 0.146875 0.09453125
0 0.225 0.35859375 0.14921875 0.10078125
0 0.21875 0.27578125 0.15546875 0.09921875
0 0.2140625 0.18984375 0.15546875 0.1015625
0 0.20546875 0.09921875 0.16328125 0.103125
0 0.2 0.025 0.16328125 0.0484375
0 0.059375 0.02265625 0.11796875 0.0390625
0 0.0640625 0.084375 0.12734375 0.09921875
0 0.065625 0.18203125 0.13125 0.10703125
0 0.06953125 0.278125 0.1390625 0.109375
0 0.0734375 0.36171875 0.146875 0.1078125
0 0.07734375 0.44921875 0.15390625 0.115625
0 0.0765625 0.52734375 0.15234375 0.10703125
0 0.084375 0.61015625 0.159375 0.103125
0 0.09375 0.6859375 0.15703125 0.0984375
0 0.1 0.759375 0.153125 0.0953125
0 0.1015625 0.82578125 0.15546875 0.0875
0 0.10625 0.8953125 0.15234375 0.1
0 0.10703125 0.95703125 0.1515625 0.0859375