0 0.11953125 0.2984375 0.0921875 0.05390625
0 0.19609375 0.303125 0.06875 0.04609375
0 0.2796875 0.2921875 0.09921875 0.065625
0 0.378125 0.2921875 0.09453125 0.06171875
0 0.084375 0.35390625 0.0984375 0.0671875
0 0.0875 0.42109375 0.09765625 0.06953125
0 0.0890625 0.4890625 0.10234375 0.06796875
0 0.090625 0.5609375 0.096875 0.0703125
0 0.0953125 0.6203125 0.09375 0.0625
0 0.09765625 0.68671875 0.09296875 0.06875
0 0.10234375 0.7546875 0.09375 0.0578125
0 0.0984375 0.815625 0.09375 0.06484375
0 0.18359375 0.36171875 0.096875 0.0671875
0 0.18515625 0.4265625 0.0984375 0.0640625
0 0.1859375 0.49296875 0.0953125 0.071875
0 0.18828125 0.5578125 0.0953125 0.06953125
0 0.19296875 0.62265625 0.0953125 0.0640625
0 0.1953125 0.68828125 0.09921875 0.06953125
0 0.2 0.7546875 0.096875 0.06953125
0 0.19296875 0.81640625 0.090625 0.071875
0 0.2828125 0.36015625 0.09921875 0.06953125
0 0.28203125 0.42734375 0.1 0.06875
0 0.2859375 0.49140625 0.10234375 0.06484375
0 0.2875 0.5609375 0.0953125 0.06796875
0 0.290625 0.6265625 0.1 0.0640625
0 0.29609375 0.69140625 0.09453125 0.06171875
0 0.29765625 0.75546875 0.09765625 0.0625
0 0.29765625 0.81484375 0.0984375 0.0640625
0 0.38125 0.35859375 0.0953125 0.0671875
0 0.384375 0.4234375 0.09453125 0.06171875
0 0.3828125 0.4890625 0.09453125 0.071875
0 0.3859375 0.55859375 0.09765625 0.0734375
0 0.39140625 0.625 0.0953125 0.06796875
0 0.3921875 0.6921875 0.09140625 0.06015625
0 0.39375 0.753125 0.0921875 0.059375
0 0.39375 0.815625 0.09296875 0.0625
0 0.5609375 0.83671875 0.10078125 0.07265625
0 0.559375 0.7671875 0.1 0.06875
0 0.5609375 0.69765625 0.1015625 0.07265625
0 0.5640625 0.63125 0.1 0.0734375
0 0.565625 0.56015625 0.1 0.0671875
0 0.5671875 0.49296875 0.1015625 0.071875
0 0.565625 0.41875 0.0984375 0.07734375
0 0.5640625 0.34921875 0.09921875 0.0703125
0 0.56328125 0.28125 0.10390625 0.07109375
0 0.56484375 0.20859375 0.1046875 0.07265625
0 0.665625 0.209375 0.10234375 0.07265625
0 0.665625 0.28359375 0.1046875 0.071875
0 0.66640625 0.35390625 0.10390625 0.0765625
0 0.6671875 0.42109375 0.10546875 0.0671875
0 0.66875 0.49296875 0.10078125 0.0734375
0 0.6671875 0.5625 0.1078125 0.07109375
0 0.6640625 0.6328125 0.1015625 0.06953125
0 0.66328125 0.70078125 0.10234375 0.06875
0 0.66015625 0.771875 0.1015625 0.065625
0 0.66171875 0.83984375 0.1 0.0703125
0 0.76484375 0.83828125 0.10625 0.0734375
0 0.7640625 0.76875 0.1046875 0.078125
0 0.76328125 0.696875 0.10390625 0.0734375
0 0.7671875 0.6265625 0.1015625 0.07109375
0 0.765625 0.5578125 0.1 0.07890625
0 0.7703125 0.4890625 0.1046875 0.07265625
0 0.76796875 0.41796875 0.1015625 0.07890625
0 0.76796875 0.346875 0.0953125 0.075
0 0.7671875 0.27109375 0.0984375 0.06953125
0 0.76875 0.209375 0.10078125 0.07578125
0 0.86640625 0.20390625 0.10234375 0.06875
0 0.86875 0.27578125 0.10390625 0.0734375
0 0.86875 0.346875 0.10625 0.071875
0 0.871875 0.415625 0.103125 0.0765625
0 0.87421875 0.48515625 0.1046875 0.06953125
0 0.8703125 0.559375 0.10625 0.06796875
0 0.87109375 0.62734375 0.1 0.0671875
0 0.86875 0.69609375 0.10390625 0.06796875
0 0.86640625 0.76796875 0.0953125 0.065625
0 0.86640625 0.834375 0.096875 0.0609375
0 0.959375 0.8359375 0.08125 0.078125
0 0.95859375 0.76640625 0.0828125 0.071875
0 0.96015625 0.7 0.07890625 0.0765625
0 0.96015625 0.63046875 0.0796875 0.07265625
0 0.96328125 0.56171875 0.0734375 0.08046875
0 0.9625 0.48671875 0.075 0.08125
0 0.96171875 0.415625 0.0765625 0.078125
0 0.96015625 0.3484375 0.07890625 0.07734375
0 0.959375 0.27578125 0.08125 0.084375
0 0.96015625 0.2 0.0796875 0.07734375