0 0.959375 0.22109375 0.0796875 0.0671875
0 0.9578125 0.29140625 0.0828125 0.06328125
0 0.95390625 0.3609375 0.0921875 0.05390625
0 0.9515625 0.42265625 0.09609375 0.05390625
0 0.94609375 0.4828125 0.09296875 0.053125
0 0.9421875 0.540625 0.09453125 0.05546875
0 0.93671875 0.60625 0.0921875 0.05
0 0.9328125 0.6609375 0.09765625 0.04765625
0 0.9265625 0.7140625 0.0921875 0.05546875
0 0.9234375 0.775 0.08671875 0.059375
0 0.8703125 0.21640625 0.10078125 0.06953125
0 0.86640625 0.28515625 0.1 0.06328125
0 0.85625 0.34765625 0.09609375 0.06484375
0 0.853125 0.41328125 0.1 0.053125
0 0.84765625 0.475 0.09609375 0.0609375
0 0.8421875 0.54296875 0.10078125 0.06171875
0 0.8390625 0.5953125 0.10078125 0.05234375
0 0.83828125 0.653125 0.09765625 0.05546875
0 0.83515625 0.7109375 0.0921875 0.05546875
0 0.8328125 0.7640625 0.09296875 0.05390625
0 0.7375 0.7609375 0.08984375 0.053125
0 0.7390625 0.7046875 0.0875 0.04921875
0 0.7421875 0.65 0.0875 0.05
0 0.7421875 0.59921875 0.08984375 0.0671875
0 0.74609375 0.534375 0.0875 0.05390625
0 0.7484375 0.47890625 0.09453125 0.06484375
0 0.753125 0.40859375 0.09765625 0.0609375
0 0.7578125 0.34921875 0.09453125 0.06484375
0 0.76484375 0.2765625 0.0984375 0.05546875
0 0.77109375 0.209375 0.09609375 0.05546875
0 0.6734375 0.21171875 0.1 0.07890625
0 0.66640625 0.28359375 0.09609375 0.06328125
0 0.6609375 0.34765625 0.08984375 0.06484375
0 0.6578125 0.41171875 0.09453125 0.059375
0 0.6546875 0.47421875 0.08984375 0.059375
0 0.653125 0.53984375 0.090625 0.06328125
0 0.64921875 0.59609375 0.08359375 0.0609375
0 0.65078125 0.66484375 0.0859375 0.05546875
0 0.64921875 0.71796875 0.07890625 0.04609375
0 0.65 0.76328125 0.0890625 0.04765625
0 0.3234375 0.07109375 0.33515625 0.13984375
0 0.33046875 0.2 0.325 0.15546875
0 0.33515625 0.3328125 0.32265625 0.153125
0 0.3421875 0.4640625 0.3078125 0.1390625
0 0.34296875 0.5890625 0.309375 0.134375
0 0.3453125 0.7125 0.2984375 0.11875
0 0.04921875 0.659375 0.0984375 0.16484375
0 0.04140625 0.49375 0.0828125 0.1828125
0 0.03203125 0.31015625 0.0640625 0.19453125
0 0.02265625 0.10546875 0.0453125 0.209375