0 0.06484375 0.6546875 0.0859375 0.0625
0 0.05625 0.59921875 0.09296875 0.05703125
0 0.05078125 0.540625 0.09453125 0.0609375
0 0.046875 0.4796875 0.090625 0.07265625
0 0.04375 0.42265625 0.08671875 0.065625
0 0.04140625 0.3625 0.08203125 0.071875
0 0.15 0.65078125 0.08671875 0.05625
0 0.146875 0.5953125 0.08984375 0.0546875
0 0.13828125 0.54140625 0.090625 0.071875
0 0.13359375 0.48359375 0.0875 0.0796875
0 0.12890625 0.42109375 0.090625 0.065625
0 0.12421875 0.359375 0.09296875 0.07265625
0 0.11796875 0.29765625 0.09609375 0.0671875
0 0.1140625 0.23046875 0.10234375 0.08046875
0 0.10859375 0.16328125 0.09375 0.08359375
0 0.1 0.09609375 0.1 0.08046875
0 0.0984375 0.03125 0.10625 0.0609375
0 0.1921875 0.034375 0.09765625 0.06484375
0 0.19375 0.0953125 0.0875 0.075
0 0.2 0.15859375 0.0890625 0.0765625
0 0.20546875 0.22890625 0.08671875 0.075
0 0.20625 0.2953125 0.0875 0.075
0 0.209375 0.353125 0.0875 0.07265625
0 0.2140625 0.41484375 0.0921875 0.07265625
0 0.21796875 0.47734375 0.08515625 0.065625
0 0.2203125 0.53515625 0.08359375 0.06484375
0 0.228125 0.59296875 0.08359375 0.0640625
0 0.23203125 0.64609375 0.0875 0.059375
0 0.3109375 0.64296875 0.08359375 0.05703125
0 0.3078125 0.590625 0.0859375 0.06484375
0 0.3046875 0.528125 0.08515625 0.06875
0 0.3015625 0.475 0.0875 0.0671875
0 0.29765625 0.41328125 0.0890625 0.0703125
0 0.29453125 0.35625 0.090625 0.0671875
0 0.29140625 0.28984375 0.09453125 0.06953125
0 0.290625 0.2296875 0.090625 0.07890625
0 0.2875 0.159375 0.09765625 0.075
0 0.2859375 0.09296875 0.0921875 0.0796875
0 0.28671875 0.03046875 0.09140625 0.059375
0 0.45625 0.08046875 0.0890625 0.071875
0 0.45703125 0.14921875 0.0890625 0.071875
0 0.45546875 0.21484375 0.090625 0.0671875
0 0.45390625 0.28046875 0.08515625 0.06953125
0 0.45703125 0.34140625 0.08515625 0.065625
0 0.4578125 0.40546875 0.08671875 0.065625
0 0.45625 0.465625 0.08671875 0.0578125
0 0.45703125 0.5234375 0.08046875 0.0609375
0 0.45703125 0.57734375 0.08125 0.05
0 0.45390625 0.63125 0.075 0.05703125
0 0.53046875 0.58828125 0.07109375 0.05703125
0 0.53046875 0.53515625 0.06875 0.053125
0 0.5359375 0.4859375 0.0703125 0.059375
0 0.5359375 0.43125 0.075 0.05703125
0 0.5390625 0.38125 0.07578125 0.0578125
0 0.5359375 0.32109375 0.0734375 0.0640625
0 0.5375 0.2625 0.07265625 0.0640625
0 0.5375 0.20390625 0.075 0.06484375
0 0.5359375 0.13984375 0.0734375 0.06171875
0 0.5375 0.0828125 0.0765625 0.06015625
0 0.621875 0.07734375 0.075 0.05703125
0 0.61953125 0.1375 0.075 0.0625
0 0.61796875 0.20234375 0.07734375 0.0625
0 0.61484375 0.25859375 0.07421875 0.0546875
0 0.6171875 0.31171875 0.07109375 0.059375
0 0.61484375 0.3734375 0.071875 0.05390625
0 0.6125 0.42421875 0.07421875 0.059375
0 0.61015625 0.47890625 0.07265625 0.0546875
0 0.6078125 0.53203125 0.06875 0.05625
0 0.61015625 0.58125 0.07265625 0.0546875
0 0.7 0.07734375 0.07890625 0.06484375
0 0.69453125 0.13984375 0.0765625 0.06171875
0 0.69296875 0.20078125 0.0765625 0.059375
0 0.69140625 0.25546875 0.07890625 0.05703125
0 0.6890625 0.31484375 0.0765625 0.0609375
0 0.715625 0.4 0.084375 0.065625
0 0.71484375 0.46171875 0.08125 0.0609375
0 0.71015625 0.5203125 0.08125 0.0546875
0 0.70859375 0.57890625 0.0796875 0.059375
0 0.70625 0.63125 0.0828125 0.06015625
0 0.78046875 0.6140625 0.07890625 0.06015625
0 0.78203125 0.56015625 0.071875 0.0609375
0 0.7890625 0.50859375 0.08203125 0.06796875
0 0.7921875 0.45 0.0796875 0.059375
0 0.7921875 0.39453125 0.07890625 0.06328125
0 0.79375 0.334375 0.090625 0.071875
0 0.79609375 0.27109375 0.0875 0.06484375
0 0.79921875 0.20859375 0.0875 0.06875
0 0.80234375 0.14140625 0.090625 0.06953125
0 0.8046875 0.07578125 0.08671875 0.06796875
0 0.9171875 0.60234375 0.0765625 0.03984375
0 0.92109375 0.56875 0.07890625 0.0375
0 0.92421875 0.5359375 0.07890625 0.034375
0 0.92890625 0.50078125 0.0765625 0.03671875
0 0.93671875 0.4671875 0.07734375 0.034375
0 0.940625 0.43125 0.071875 0.0390625
0 0.93828125 0.39296875 0.06484375 0.03828125
0 0.9421875 0.3515625 0.0703125 0.03984375
0 0.94921875 0.31484375 0.06953125 0.04375
0 0.95703125 0.2796875 0.07890625 0.03671875
0 0.95859375 0.240625 0.078125 0.0421875
0 0.96328125 0.2015625 0.07265625 0.04140625
0 0.96640625 0.16171875 0.0671875 0.0453125
0 0.9703125 0.11875 0.05859375 0.0421875
0 0.971875 0.08046875 0.05546875 0.04375
0 0.97421875 0.03828125 0.0515625 0.04453125