0 0.9359375 0.37734375 0.096875 0.07265625
0 0.93046875 0.44453125 0.0953125 0.0640625
0 0.92734375 0.50859375 0.09453125 0.075
0 0.921875 0.578125 0.09609375 0.065625
0 0.91640625 0.64140625 0.096875 0.06328125
0 0.91171875 0.6984375 0.09296875 0.05625
0 0.90703125 0.75703125 0.0921875 0.06328125
0 0.89921875 0.815625 0.09296875 0.05390625
0 0.89140625 0.87109375 0.0890625 0.0546875
0 0.8859375 0.92421875 0.0859375 0.0546875
0 0.88125 0.975 0.084375 0.05
0 0.7984375 0.9734375 0.0875 0.053125
0 0.803125 0.92265625 0.08125 0.059375
0 0.8046875 0.87265625 0.08359375 0.06484375
0 0.81171875 0.815625 0.090625 0.05703125
0 0.81796875 0.7609375 0.0921875 0.06796875
0 0.8234375 0.6984375 0.08984375 0.06953125
0 0.82734375 0.6375 0.0921875 0.0703125
0 0.83125 0.571875 0.09609375 0.07109375
0 0.834375 0.50859375 0.0953125 0.065625
0 0.8375 0.44375 0.1 0.059375
0 0.840625 0.37578125 0.10078125 0.0765625
0 0.746875 0.3734375 0.09375 0.075
0 0.74453125 0.44375 0.09453125 0.075
0 0.74375 0.51171875 0.0953125 0.0734375
0 0.7390625 0.5703125 0.0921875 0.06953125
0 0.73671875 0.63203125 0.09375 0.06484375
0 0.73515625 0.69609375 0.0921875 0.06484375
0 0.7328125 0.75546875 0.0890625 0.06953125
0 0.728125 0.8109375 0.0875 0.06484375
0 0.72421875 0.86640625 0.0890625 0.059375
0 0.7203125 0.9203125 0.0875 0.05546875
0 0.71640625 0.97265625 0.0859375 0.0546875
0 0.634375 0.96875 0.0859375 0.0625
0 0.6375 0.91875 0.084375 0.06015625
0 0.63984375 0.865625 0.084375 0.06328125
0 0.64296875 0.80703125 0.084375 0.06328125
0 0.646875 0.7484375 0.08984375 0.0703125
0 0.6484375 0.68984375 0.090625 0.059375
0 0.64921875 0.634375 0.09140625 0.06484375
0 0.65078125 0.56796875 0.090625 0.071875
0 0.653125 0.509375 0.0921875 0.08046875
0 0.65390625 0.44296875 0.09453125 0.07734375
0 0.6546875 0.3703125 0.09375 0.07734375
0 0.56484375 0.36796875 0.09140625 0.06953125
0 0.56171875 0.43828125 0.0875 0.0671875
0 0.56171875 0.5015625 0.0875 0.065625
0 0.56171875 0.56875 0.0875 0.07109375
0 0.5609375 0.62578125 0.08671875 0.06953125
0 0.56171875 0.684375 0.084375 0.07265625
0 0.5609375 0.74375 0.08671875 0.06796875
0 0.559375 0.803125 0.084375 0.0703125
0 0.56015625 0.85859375 0.0828125 0.06484375
0 0.55625 0.9125 0.07890625 0.0609375
0 0.553125 0.96484375 0.07890625 0.06015625
0 0.39765625 0.4828125 0.09375 0.07265625
0 0.39765625 0.54921875 0.0921875 0.059375
0 0.3984375 0.6125 0.090625 0.06875
0 0.4 0.67421875 0.0875 0.0625
0 0.4 0.7359375 0.08671875 0.05703125
0 0.4 0.79453125 0.0875 0.05546875
0 0.403125 0.8484375 0.084375 0.05703125
0 0.40625 0.903125 0.08359375 0.053125
0 0.40625 0.95546875 0.08125 0.05546875
0 0.334375 0.940625 0.06328125 0.05
0 0.3328125 0.8921875 0.0640625 0.05234375
0 0.33046875 0.8453125 0.0671875 0.0546875
0 0.32578125 0.7921875 0.065625 0.04921875
0 0.32265625 0.73984375 0.0703125 0.059375
0 0.32421875 0.6859375 0.06796875 0.059375
0 0.321875 0.6296875 0.06640625 0.05625
0 0.3171875 0.5734375 0.0671875 0.06328125
0 0.3171875 0.51484375 0.0671875 0.059375
0 0.31796875 0.4578125 0.06796875 0.05625
0 0.23984375 0.45078125 0.0796875 0.0640625
0 0.24296875 0.51640625 0.08125 0.0578125
0 0.24375 0.5734375 0.07734375 0.0609375
0 0.25 0.6234375 0.0796875 0.0546875
0 0.2484375 0.68125 0.078125 0.05546875
0 0.25078125 0.7375 0.07421875 0.05390625
0 0.2546875 0.7890625 0.078125 0.05
0 0.25625 0.84140625 0.07734375 0.04921875
0 0.2578125 0.8875 0.07421875 0.05234375
0 0.25859375 0.93515625 0.071875 0.04921875
0 0.146875 0.96328125 0.08125 0.0546875
0 0.1453125 0.9109375 0.08359375 0.05546875
0 0.1375 0.85859375 0.084375 0.05625
0 0.134375 0.8 0.08515625 0.0640625
0 0.17421875 0.67890625 0.0765625 0.05546875
0 0.171875 0.62421875 0.0796875 0.05703125
0 0.16796875 0.56875 0.0796875 0.059375
0 0.16484375 0.51328125 0.08125 0.05546875
0 0.15859375 0.453125 0.0828125 0.0625
0 0.0453125 0.48046875 0.090625 0.06875
0 0.04609375 0.54375 0.09140625 0.0609375
0 0.05078125 0.60703125 0.09453125 0.06328125
0 0.05546875 0.6625 0.09140625 0.05703125
0 0.05625 0.72109375 0.0890625 0.053125
0 0.0578125 0.7765625 0.0796875 0.0578125
0 0.06015625 0.83515625 0.0796875 0.05703125
0 0.06328125 0.8921875 0.08046875 0.05390625
0 0.071875 0.94609375 0.07578125 0.05
0 0.0734375 0.98671875 0.07109375 0.0265625
1 0.29921875 0.18359375 0.1 0.05625