0 0.025 0.98515625 0.05 0.0296875
0 0.0234375 0.95234375 0.0453125 0.05234375
0 0.021875 0.903125 0.0421875 0.046875
0 0.01796875 0.8578125 0.034375 0.053125
0 0.01484375 0.80546875 0.0296875 0.05390625
0 0.05859375 0.759375 0.084375 0.04921875
0 0.053125 0.7078125 0.0875 0.05546875
0 0.04609375 0.65390625 0.08828125 0.059375
0 0.04375 0.59609375 0.08671875 0.05546875
0 0.040625 0.54140625 0.0796875 0.05234375
0 0.0640625 0.80859375 0.08203125 0.04921875
0 0.071875 0.85859375 0.0796875 0.0484375
0 0.078125 0.90625 0.0765625 0.05390625
0 0.08125 0.95390625 0.075 0.04765625
0 0.0890625 0.9875 0.0734375 0.025
0 0.12109375 0.540625 0.0875 0.05546875
0 0.12734375 0.5953125 0.0875 0.05546875
0 0.13203125 0.6515625 0.08515625 0.0609375
0 0.13828125 0.709375 0.0875 0.0609375
0 0.14140625 0.759375 0.0875 0.05546875
0 0.14453125 0.81171875 0.08515625 0.0578125
0 0.15078125 0.86484375 0.08125 0.05
0 0.15703125 0.91328125 0.08359375 0.053125
0 0.16015625 0.96015625 0.078125 0.053125
0 0.20859375 0.54375 0.08828125 0.06328125
0 0.21484375 0.6046875 0.0875 0.06171875
0 0.2171875 0.659375 0.0859375 0.0640625
0 0.22109375 0.71484375 0.0828125 0.053125
0 0.22421875 0.76484375 0.08125 0.0578125
0 0.228125 0.8171875 0.08671875 0.05546875
0 0.23359375 0.8703125 0.08515625 0.05234375
0 0.2390625 0.92109375 0.08203125 0.05546875
0 0.23984375 0.96796875 0.0796875 0.05546875
0 0.32109375 0.9734375 0.07890625 0.05234375
0 0.3203125 0.925 0.084375 0.05390625
0 0.315625 0.875 0.07890625 0.05390625
0 0.3125 0.82578125 0.0875 0.06171875
0 0.309375 0.77109375 0.08359375 0.06953125
0 0.30546875 0.72109375 0.0875 0.05703125
0 0.303125 0.665625 0.08515625 0.0515625
0 0.29921875 0.60703125 0.084375 0.0640625
0 0.29609375 0.54609375 0.08984375 0.0640625
0 0.49296875 0.67421875 0.0875 0.0734375
0 0.48203125 0.73515625 0.090625 0.0703125
0 0.4828125 0.79609375 0.0890625 0.07109375
0 0.4828125 0.85390625 0.0875 0.065625
0 0.4796875 0.90625 0.090625 0.0625
0 0.48203125 0.96171875 0.08671875 0.06171875
0 0.584375 0.63515625 0.08671875 0.05625
0 0.57421875 0.73671875 0.08828125 0.06953125
0 0.571875 0.80390625 0.0890625 0.0640625
0 0.57109375 0.86015625 0.0890625 0.06015625
0 0.56875 0.9140625 0.0890625 0.05546875
0 0.5671875 0.96484375 0.08984375 0.053125
0 0.6703125 0.63984375 0.08671875 0.05546875
0 0.66953125 0.75078125 0.0984375 0.06015625
0 0.665625 0.81015625 0.0953125 0.05390625
0 0.665625 0.871875 0.09296875 0.06015625
0 0.6625 0.9265625 0.09296875 0.06328125
0 0.65859375 0.97265625 0.0921875 0.0546875
0 0.76015625 0.64296875 0.0875 0.05546875
0 0.7640625 0.7609375 0.1015625 0.05546875
0 0.7625 0.81953125 0.0984375 0.0546875
0 0.759375 0.87734375 0.0953125 0.05546875
0 0.75625 0.93125 0.0953125 0.05546875
0 0.75234375 0.9765625 0.090625 0.046875
0 0.86796875 0.70546875 0.103125 0.06171875
0 0.8640625 0.7671875 0.10390625 0.0625
0 0.8625 0.8265625 0.0984375 0.05703125
0 0.85703125 0.8859375 0.1 0.05703125
0 0.85 0.9390625 0.09453125 0.05703125
0 0.8453125 0.98359375 0.09453125 0.0328125