2 0.277083125 0.141388175 0.26666687499999997 0.08854584374999999 0.245833125 0.069980290625 0.18125 0.0942587828125 0.1875 0.14852870625 0.20520812500000002 0.16423907499999998 0.277083125 0.141388175
2 0.089583125 0.44130248437499997 0.07604187500000001 0.41273950312499996 0.003125 0.445586975 0.014583124999999999 0.55698371875 0.108333125 0.5098543265625 0.089583125 0.44130248437499997
2 0.152083125 0.5212793484375 0.075 0.561268209375 0.090625 0.6298200515625 0.16875 0.5926880890625 0.152083125 0.5212793484375
2 0.34270812500000003 0.1199657234375 0.334375 0.0756923734375 0.316666875 0.048557840625 0.270833125 0.06426735156249999 0.279166875 0.129963153125 0.296875 0.141388175 0.34270812500000003 0.1199657234375
2 0.395833125 0.10568380468750001 0.388541875 0.0585544125 0.375 0.041416453125 0.3375 0.055698371875 0.345833125 0.069980290625 0.346875 0.118537275 0.395833125 0.10568380468750001
2 0.061458124999999995 0.5698371890625 0.0010418749999999998 0.5998286203125 0.0010418749999999998 0.679805484375 0.072916875 0.6226795203125 0.061458124999999995 0.5698371890625
2 0.163541875 0.61553813125 0.085416875 0.6669520140625 0.10625 0.7226503859375 0.176041875 0.671236503125 0.163541875 0.61553813125
2 0.06875 0.671236503125 0 0.7126538124999999 0.004166875 0.7883461875 0.088541875 0.7340762640625 0.06875 0.671236503125
2 0.11875 0.739788346875 0.033333125000000005 0.7969151671875 0.053125 0.8497574984374999 0.12708312500000002 0.791202228125 0.11875 0.739788346875
2 0.191666875 0.7440728359375 0.18125 0.702656384375 0.130208125 0.739788346875 0.129166875 0.74264524375 0.13854187499999998 0.782633246875 0.191666875 0.7440728359375
2 0.18958312500000002 0.7883461875 0.11979187499999999 0.8340471296875 0.12708312500000002 0.8797489281249999 0.194791875 0.8411885171875 0.18958312500000002 0.7883461875
2 0.244791875 0.185661525 0.2 0.20279948593750002 0.202083125 0.248500428125 0.25104187499999997 0.2313624671875 0.244791875 0.185661525
2 0.304166875 0.15995458437500001 0.257291875 0.181377034375 0.26458312500000003 0.22993401875 0.31145812500000003 0.20708397656250002 0.304166875 0.15995458437500001
2 0.36875 0.137103684375 0.31354187499999997 0.1570976859375 0.317708125 0.20565552656250002 0.372916875 0.181377034375 0.36875 0.137103684375
2 0.25104187499999997 0.2513564703125 0.209375 0.2670668375 0.217708125 0.3184807203125 0.265625 0.29134532968750004 0.25104187499999997 0.2513564703125
2 0.43125 0.3046875 0.11015625 0.10390625
2 0.52578125 0.26328125 0.08046875 0.0984375
2 0.59921875 0.23515625 0.05234375 0.10703125
2 0.7984375 0.125 0.06328125 0.084375
2 0.78359375 0.20859375 0.078125 0.0828125
2 0.7796875 0.2828125 0.07421875 0.0796875
2 0.77734375 0.34140625 0.08671875 0.07421875
2 0.76015625 0.40234375 0.078125 0.07578125
2 0.8515625 0.1125 0.04921875 0.0828125
2 0.84453125 0.19296875 0.03359375 0.05703125
2 0.83515625 0.265625 0.02421875 0.0515625
2 0.89140625 0.0953125 0.03515625 0.0796875
2 0.9296875 0.07578125 0.03671875 0.07421875
2 0.884375 0.178125 0.0375 0.05
2 0.92578125 0.153125 0.028125 0.05703125
2 0.84296875 0.325 0.04609375 0.05546875
2 0.92734375 0.60234375 0.09375 0.10390625
2 0.78671875 0.6546875 0.171875 0.184375
2 0.7546875 0.79296875 0.14453125 0.16875
2 0.4171875 0.42421875 0.07578125 0.07734375
2 0.49296875 0.38359375 0.06640625 0.0671875
2 0.55078125 0.34375 0.078125 0.0671875
2 0.61875 0.31640625 0.05859375 0.0671875
2 0.4078125 0.503125 0.08828125 0.08125
2 0.49375 0.46328125 0.06484375 0.0671875
2 0.55703125 0.43359375 0.05625 0.06171875
2 0.61171875 0.39609375 0.046875 0.053125
2 0.43046875 0.58125 0.090625 0.0859375
2 0.51484375 0.53515625 0.05546875 0.0703125
2 0.57734375 0.48828125 0.05625 0.07421875
2 0.42890625 0.65625 0.071875 0.05859375
2 0.4859375 0.61484375 0.065625 0.06171875
2 0.60234375 0.54453125 0.05078125 0.05546875
2 0.54375 0.58359375 0.05859375 0.0671875
2 0.44921875 0.7109375 0.0625 0.05703125
2 0.50703125 0.6609375 0.05703125 0.03984375
2 0.5046875 0.7265625 0.053125 0.04296875
2 0.59140625 0.61015625 0.06015625 0.04140625
2 0.29375 0.2578125 0.06015625 0.06171875
2 0.25703125 0.35625 0.08125 0.0640625
2 0.24921875 0.4046875 0.05546875 0.0703125
2 0.31796875 0.32109375 0.05234375 0.05390625
2 0.3 0.390625 0.04765625 0.053125
2 0.27265625 0.46875 0.05546875 0.05703125
2 0.31796875 0.4328125 0.04921875 0.05390625
2 0.2703125 0.5265625 0.084375 0.05
2 0.27109375 0.5828125 0.05625 0.0453125
2 0.26484375 0.65859375 0.03984375 0.03984375
2 0.2875 0.68984375 0.04140625 0.0453125
2 0.24140625 0.71953125 0.05 0.05390625
2 0.27109375 0.7515625 0.046875 0.05703125
2 0.103125 0.0875 0.05234375 0.05546875
2 0.1125 0.14765625 0.0625 0.053125
2 0.13359375 0.259375 0.0625 0.053125
2 0.13203125 0.203125 0.06875 0.0453125
2 0.45703125 0.04453125 0.05 0.0453125
2 0.49296875 0.03125 0.03828125 0.04296875
2 0.41796875 0.05546875 0.04375 0.0453125
2 0.46484375 0.09296875 0.04765625 0.0484375
2 0.5609375 0.0890625 0.059375 0.07265625
2 0.61171875 0.07734375 0.04140625 0.05390625
2 0.65234375 0.0578125 0.03828125 0.05
2 0.69296875 0.05078125 0.03828125 0.05546875
2 0.68046875 0.103125 0.03203125 0.03984375