2 0.321875 0.03984375 0.07890625 0.07109375
2 0.31796875 0.10703125 0.0734375 0.0625
2 0.30859375 0.17109375 0.0578125 0.0546875
2 0.31796875 0.23984375 0.05 0.07578125
2 0.3875 0.09609375 0.0421875 0.09375
2 0.37734375 0.17578125 0.05859375 0.0546875
2 0.38203125 0.246875 0.0640625 0.0640625
2 0.378125 0.46640625 0.09453125 0.0578125
2 0.3 0.553125 0.06875 0.12890625
2 0.3859375 0.7875 0.08984375 0.090625
2 0.39375 0.5375 0.06796875 0.06796875
2 0.390625 0.61015625 0.065625 0.059375
2 0.3109375 0.84296875 0.07421875 0.08046875
2 0.61171875 0.36015625 0.0546875 0.09375
2 0.67109375 0.35859375 0.0578125 0.0875
2 0.95546875 0.20625 0.0890625 0.1
2 0.93046875 0.34765625 0.09453125 0.10703125
2 0.859375 0.44765625 0.0875 0.08125
2 0.846875 0.53515625 0.04453125 0.084375