2 0.03125 0.03046875 0.034375 0.040625
2 0.03984375 0.08359375 0.03984375 0.0421875
2 0.03203125 0.13359375 0.034375 0.034375
2 0.03828125 0.184375 0.04296875 0.040625
2 0.03203125 0.2265625 0.04609375 0.04609375
2 0.075 0.01953125 0.03515625 0.0328125
2 0.07890625 0.06640625 0.04140625 0.040625
2 0.075 0.11796875 0.0453125 0.04453125
2 0.08125 0.22265625 0.0328125 0.0328125
2 0.11953125 0.04296875 0.03828125 0.0375
2 0.125 0.10078125 0.04609375 0.040625
2 0.1234375 0.1625 0.0484375 0.0375
2 0.125 0.225 0.0453125 0.05546875
2 0.22578125 0.04453125 0.0359375 0.0328125
2 0.03203125 0.76015625 0.0375 0.04609375
2 0.07734375 0.7546875 0.03828125 0.0390625
2 0.1265625 0.7671875 0.0453125 0.05546875
2 0.0265625 0.80703125 0.040625 0.04453125
2 0.0765625 0.796875 0.04375 0.04296875
2 0.121875 0.821875 0.04140625 0.0296875
2 0.03515625 0.86171875 0.04140625 0.04296875
2 0.075 0.84375 0.04296875 0.05546875
2 0.11875 0.8765625 0.04375 0.04609375
2 0.2265625 0.09765625 0.03515625 0.034375
2 0.2265625 0.1609375 0.03984375 0.034375
2 0.21796875 0.21484375 0.03515625 0.0328125
2 0.2640625 0.03125 0.0375 0.0359375
2 0.309375 0.01875 0.03828125 0.03125
2 0.3515625 0.0390625 0.0375 0.0359375
2 0.27109375 0.08203125 0.03828125 0.0390625
2 0.26640625 0.1296875 0.034375 0.0265625
2 0.27265625 0.1828125 0.0375 0.0375
2 0.26640625 0.228125 0.03203125 0.034375
2 0.30859375 0.1234375 0.03828125 0.04921875
2 0.315625 0.07109375 0.03984375 0.04609375
2 0.3125 0.22578125 0.034375 0.05703125
2 0.31953125 0.17265625 0.04296875 0.034375
2 0.35703125 0.096875 0.03984375 0.05390625
2 0.35625 0.16171875 0.04609375 0.0390625
2 0.3546875 0.21875 0.04921875 0.04921875
2 0.93046875 0.5703125 0.0859375 0.11171875
2 0.93515625 0.7546875 0.053125 0.05703125
2 0.978125 0.753125 0.04375 0.053125
2 0.9359375 0.8203125 0.04609375 0.04453125
2 0.97890625 0.8125 0.03828125 0.04609375
2 0.9359375 0.87421875 0.04296875 0.04453125
2 0.98046875 0.86171875 0.03203125 0.0375
2 0.9359375 0.04609375 0.0375 0.04453125
2 0.9390625 0.10546875 0.040625 0.05234375
2 0.9390625 0.1609375 0.046875 0.034375
2 0.93203125 0.2203125 0.040625 0.04609375
2 0.975 0.0296875 0.03828125 0.0390625
2 0.98359375 0.08359375 0.0328125 0.04453125
2 0.98203125 0.134375 0.03203125 0.05390625
2 0.9796875 0.1796875 0.0359375 0.0375
2 0.97734375 0.23125 0.03828125 0.0265625
2 0.46953125 0.0453125 0.03828125 0.04609375
2 0.471875 0.10078125 0.0296875 0.05234375
2 0.46953125 0.16015625 0.0328125 0.0359375
2 0.46171875 0.21796875 0.03515625 0.05078125
2 0.51171875 0.03203125 0.03828125 0.04609375
2 0.5140625 0.08359375 0.0328125 0.0421875
2 0.50703125 0.13359375 0.040625 0.0375
2 0.51875 0.1828125 0.03984375 0.04296875
2 0.509375 0.23125 0.0296875 0.04609375
2 0.55234375 0.0203125 0.0359375 0.034375
2 0.55625 0.0734375 0.0296875 0.0421875
2 0.553125 0.12109375 0.03828125 0.04453125
2 0.55859375 0.16953125 0.034375 0.040625
2 0.596875 0.04296875 0.03515625 0.0390625
2 0.60078125 0.1046875 0.040625 0.05390625
2 0.59765625 0.1625 0.04140625 0.040625
2 0.60078125 0.22421875 0.03828125 0.0390625
2 0.5546875 0.22109375 0.02734375 0.0390625
2 0.7046875 0.04609375 0.0375 0.0421875
2 0.70234375 0.10234375 0.0375 0.040625
2 0.225 0.75703125 0.034375 0.040625
2 0.26640625 0.75859375 0.0359375 0.034375
2 0.74453125 0.03203125 0.034375 0.04296875
2 0.78515625 0.01953125 0.034375 0.0328125
2 0.74921875 0.0828125 0.03515625 0.034375
2 0.70625 0.1625 0.034375 0.0359375
2 0.696875 0.21875 0.03828125 0.04609375
2 0.8359375 0.0453125 0.04609375 0.040625
2 0.834375 0.1046875 0.0375 0.0390625
2 0.7421875 0.13359375 0.03203125 0.0375
2 0.74765625 0.1828125 0.03203125 0.034375
2 0.74375 0.22265625 0.034375 0.0296875
2 0.790625 0.06875 0.0359375 0.0359375
2 0.83359375 0.159375 0.034375 0.0375
2 0.78671875 0.1171875 0.03984375 0.0375
2 0.7953125 0.17109375 0.040625 0.04296875
2 0.79296875 0.22421875 0.034375 0.04453125
2 0.8328125 0.221875 0.04140625 0.040625
2 0.31484375 0.75234375 0.040625 0.040625
2 0.2265625 0.8171875 0.0453125 0.0390625
2 0.22890625 0.88203125 0.03828125 0.05078125
2 0.26328125 0.8078125 0.0359375 0.04296875
2 0.2734375 0.8640625 0.0484375 0.04765625
2 0.70625 0.75859375 0.03203125 0.040625
2 0.74375 0.75703125 0.0359375 0.040625
2 0.79140625 0.75078125 0.04296875 0.04296875
2 0.3609375 0.76640625 0.0359375 0.04765625
2 0.31015625 0.79765625 0.03984375 0.04765625
2 0.3578125 0.87734375 0.0453125 0.04765625
2 0.471875 0.75859375 0.0359375 0.04609375
2 0.4703125 0.81875 0.03984375 0.05078125
2 0.5109375 0.75234375 0.03984375 0.05859375
2 0.56015625 0.74765625 0.0359375 0.040625
2 0.60390625 0.759375 0.034375 0.065625
2 0.5078125 0.8109375 0.03984375 0.04296875
2 0.55546875 0.79765625 0.040625 0.05078125
2 0.60234375 0.81640625 0.05078125 0.05859375
2 0.46953125 0.87578125 0.04375 0.05390625
2 0.51953125 0.85625 0.0453125 0.04453125
2 0.5578125 0.8453125 0.03828125 0.04296875
2 0.59921875 0.87734375 0.03828125 0.0421875