2 0.34375 0.0765625 0.084375 0.05390625
2 0.35625 0.11875 0.08125 0.03125
2 0.36015625 0.14921875 0.0671875 0.02421875
2 0.63125 0.28359375 0.0890625 0.1109375
2 0.75859375 0.278125 0.0671875 0.11640625
2 0.88203125 0.28359375 0.08203125 0.13125
2 0.60625 0.07421875 0.0296875 0.05546875
2 0.6453125 0.07265625 0.03203125 0.05859375
2 0.6765625 0.07734375 0.021875 0.05390625
2 0.71328125 0.07421875 0.04140625 0.0703125
2 0.77578125 0.13125 0.02890625 0.05703125
2 0.815625 0.12421875 0.03046875 0.06875
2 0.853125 0.121875 0.025 0.04921875
2 0.93828125 0.07578125 0.034375 0.0640625
2 0.9734375 0.08125 0.03046875 0.0640625