2 0.09140625 0.03515625 0.05390625 0.0421875
2 0.146875 0.0375 0.0609375 0.0578125
2 0.0796875 0.0828125 0.0453125 0.053125
2 0.1421875 0.09765625 0.06171875 0.09375
2 0.06328125 0.47890625 0.0703125 0.06953125
2 0.04921875 0.578125 0.0703125 0.1171875
2 0.0296875 0.31875 0.05390625 0.0984375
2 0.2109375 0.23125 0.05859375 0.06328125
2 0.20078125 0.3234375 0.05859375 0.10390625
2 0.0421875 0.23828125 0.0484375 0.06328125
2 0.3609375 0.490625 0.0640625 0.10078125
2 0.4265625 0.49609375 0.0640625 0.10703125
2 0.12578125 0.86953125 0.0578125 0.0765625
2 0.0953125 0.33203125 0.05546875 0.0921875
2 0.34296875 0.82109375 0.078125 0.1125
2 0.33515625 0.93203125 0.08359375 0.12421875
2 0.16953125 0.4734375 0.090625 0.0921875
2 0.1515625 0.58125 0.0828125 0.12109375
2 0.2453125 0.47421875 0.09140625 0.0734375
2 0.23671875 0.59921875 0.08359375 0.15859375
2 0.371875 0.7546875 0.06796875 0.11796875
2 0.425 0.753125 0.0671875 0.11796875
2 0.40546875 0.93671875 0.0625 0.10703125
2 0.27578125 0.23046875 0.06171875 0.0734375
2 0.271875 0.3359375 0.0625 0.12578125
2 0.12578125 0.8234375 0.0734375 0.10546875
2 0.21171875 0.8171875 0.10703125 0.08046875
2 0.11328125 0.93046875 0.06875 0.1390625
2 0.19609375 0.92734375 0.1171875 0.1453125
2 0.36171875 0.571875 0.0671875 0.08203125
2 0.22890625 0.10390625 0.059375 0.08046875
2 0.2421875 0.04453125 0.05390625 0.06640625
2 0.2953125 0.0359375 0.07109375 0.06328125
2 0.2890625 0.11640625 0.065625 0.08515625
2 0.38671875 0.1171875 0.0625 0.08671875
2 0.4453125 0.12109375 0.0609375 0.1125
2 0.38203125 0.25390625 0.0703125 0.06328125
2 0.37109375 0.33828125 0.059375 0.10234375
2 0.43203125 0.59765625 0.0609375 0.08046875
2 0.57109375 0.81484375 0.075 0.09921875
2 0.559375 0.1125 0.05390625 0.0984375
2 0.621875 0.12421875 0.0640625 0.1125
2 0.5640625 0.240625 0.065625 0.0515625
2 0.5609375 0.325 0.0609375 0.08046875
2 0.62890625 0.23125 0.07109375 0.06796875
2 0.4421875 0.25546875 0.0796875 0.071875
2 0.41796875 0.31875 0.05390625 0.078125
2 0.43671875 0.34296875 0.071875 0.09921875
2 0.3703125 0.41015625 0.0703125 0.0609375
2 0.43125 0.42265625 0.06640625 0.0609375
2 0.5734375 0.58046875 0.0765625 0.1328125
2 0.56640625 0.47890625 0.0765625 0.08984375
2 0.63828125 0.4828125 0.075 0.090625
2 0.63828125 0.5796875 0.071875 0.096875
2 0.57421875 0.72109375 0.06328125 0.08515625
2 0.64375 0.73515625 0.071875 0.06484375
2 0.578125 0.93359375 0.0765625 0.12734375
2 0.6265625 0.32578125 0.053125 0.08828125
2 0.653125 0.8125 0.084375 0.0953125
2 0.6578125 0.934375 0.08046875 0.11953125
2 0.7078125 0.103125 0.0546875 0.096875
2 0.7625 0.10859375 0.0578125 0.096875
2 0.72421875 0.315625 0.0609375 0.1140625
2 0.72421875 0.25078125 0.0640625 0.0515625
2 0.7828125 0.24375 0.065625 0.0546875
2 0.78984375 0.334375 0.07421875 0.1140625
2 0.8328125 0.61953125 0.08046875 0.15703125
2 0.784375 0.825 0.075 0.10859375
2 0.759375 0.6421875 0.0703125 0.0984375
2 0.74609375 0.521875 0.06328125 0.1140625
2 0.859375 0.11328125 0.0625 0.10234375
2 0.921875 0.115625 0.07109375 0.0953125
2 0.90703125 0.034375 0.0765625 0.06875
2 0.97265625 0.1078125 0.0546875 0.08828125
2 0.88046875 0.26171875 0.0671875 0.0765625
2 0.89140625 0.34140625 0.0828125 0.08515625
2 0.9515625 0.2546875 0.07421875 0.07109375
2 0.96015625 0.34140625 0.0796875 0.1046875
2 0.921875 0.44921875 0.07421875 0.08984375
2 0.93515625 0.553125 0.0890625 0.1359375
2 0.859375 0.81015625 0.08046875 0.09921875
2 0.7875 0.925 0.090625 0.12421875
2 0.8640625 0.92109375 0.1078125 0.1328125
2 0.96171875 0.8140625 0.0765625 0.1046875