2 0.15703125 0.13515625 0.071875 0.078125
2 0.1609375 0.21953125 0.084375 0.0765625
2 0.15625 0.2984375 0.07421875 0.06953125
2 0.159375 0.38515625 0.0765625 0.07109375
2 0.15859375 0.63515625 0.071875 0.06796875
2 0.1609375 0.71484375 0.0765625 0.06796875
2 0.159375 0.796875 0.07421875 0.07265625
2 0.396875 0.13515625 0.0640625 0.07265625
2 0.39921875 0.21484375 0.0703125 0.078125
2 0.39921875 0.2953125 0.07421875 0.075
2 0.40078125 0.3859375 0.06875 0.07421875
2 0.63984375 0.1359375 0.06640625 0.07265625
2 0.63984375 0.2109375 0.06640625 0.06796875
2 0.6375 0.29921875 0.06640625 0.07109375
2 0.88203125 0.13359375 0.065625 0.06953125
2 0.88046875 0.21015625 0.06796875 0.06953125
2 0.88046875 0.29375 0.06796875 0.07109375
2 0.88203125 0.3859375 0.06875 0.07109375
2 0.6390625 0.63515625 0.06640625 0.06796875
2 0.64140625 0.715625 0.06875 0.06953125
2 0.8796875 0.6359375 0.06875 0.06640625
2 0.8828125 0.715625 0.065625 0.08125
2 0.88515625 0.7984375 0.0765625 0.06953125