2 0.7359375 0.20234375 0.09609375 0.12890625
2 0.69453125 0.3140625 0.0671875 0.12734375
2 0.3390625 0.03828125 0.04921875 0.06484375
2 0.34765625 0.1 0.04609375 0.06328125
2 0.39296875 0.06875 0.0453125 0.11953125
2 0.48359375 0.06328125 0.07578125 0.09453125
2 0.54765625 0.078125 0.0484375 0.06484375
2 0.60234375 0.06640625 0.05390625 0.13046875
2 0.67109375 0.0890625 0.03359375 0.07109375
2 0.77890625 0.034375 0.0421875 0.06796875
2 0.76796875 0.0875 0.040625 0.0796875
2 0.81015625 0.075 0.03515625 0.08125
2 0.151667 0.20870337499999997 0.059167000000000004 0.0074014203124999995 0.006666999999999999 0.1850213140625 0 0.3582007109375 0.088333 0.49585612812499996 0.151667 0.20870337499999997
2 0.155833 0.2309058609375 0.096667 0.51065719375 0.168333 0.6172291296875 0.20750000000000002 0.380403196875 0.155833 0.2309058609375
2 0.211667 0.39224333906250003 0.171667 0.6335115453125 0.22000000000000003 0.7223214921875 0.255 0.4928952046875 0.211667 0.39224333906250003
2 0.7975 0.6438721140625 0.738333 0.7445239781249999 0.746667 0.917703375 0.8150000000000001 0.8555364125 0.7975 0.6438721140625
2 0.3225 0.70751865 0.266667 0.5669040859375001 0.23666700000000002 0.78152753125 0.3025 0.859976909375 0.3225 0.70751865