2 0.48828125 0.60859375 0.02421875 0.0390625
2 0.5109375 0.60625 0.0203125 0.040625
2 0.4875 0.64765625 0.02109375 0.0375
2 0.5125 0.64765625 0.02109375 0.0390625
2 0.48671875 0.69296875 0.02109375 0.04296875
2 0.51171875 0.69296875 0.02109375 0.040625
2 0.4859375 0.7390625 0.02578125 0.04609375
2 0.509375 0.74140625 0.025 0.04453125
2 0.48515625 0.7890625 0.02421875 0.0421875
2 0.51171875 0.78671875 0.02421875 0.0375
2 0.484375 0.840625 0.0234375 0.04765625
2 0.51328125 0.84140625 0.02421875 0.04921875
2 0.2625 0.58671875 0.02109375 0.03046875
2 0.284375 0.58984375 0.02109375 0.0328125
2 0.3125 0.58125 0.02109375 0.0375
2 0.25390625 0.6234375 0.01953125 0.0375
2 0.28203125 0.62578125 0.021875 0.03046875
2 0.30859375 0.62421875 0.02109375 0.0421875
2 0.55078125 0.64921875 0.0203125 0.034375
2 0.64609375 0.5984375 0.0234375 0.0421875
2 0.6515625 0.640625 0.0234375 0.02890625
2 0.584375 0.8390625 0.02421875 0.053125
2 0.55234375 0.69453125 0.021875 0.04609375
2 0.5765625 0.65 0.025 0.0390625
2 0.5765625 0.6953125 0.02421875 0.04296875
2 0.553125 0.74140625 0.02578125 0.0390625
2 0.57734375 0.7375 0.02421875 0.04609375
2 0.553125 0.78671875 0.02578125 0.04609375
2 0.58046875 0.7890625 0.02890625 0.04453125
2 0.553125 0.8359375 0.02421875 0.04921875
2 0.6546875 0.68125 0.0234375 0.040625
2 0.6578125 0.73203125 0.021875 0.0390625
2 0.66484375 0.7734375 0.0296875 0.040625
2 0.665625 0.82578125 0.03359375 0.0578125
2 0.74765625 0.6859375 0.0203125 0.04453125
2 0.75390625 0.73046875 0.0234375 0.04296875
2 0.76328125 0.7796875 0.02421875 0.04296875
2 0.765625 0.8359375 0.021875 0.0609375
2 0.2109375 0.7890625 0.028125 0.02890625
2 0.225 0.6609375 0.0234375 0.034375
2 0.21796875 0.68828125 0.0359375 0.0375
2 0.21171875 0.73046875 0.03203125 0.040625