2 0.1765625 0.06328125 0.109375 0.1265625
2 0.325 0.05703125 0.09765625 0.1046875
2 0.53046875 0.0578125 0.10546875 0.11484375
2 0.83203125 0.065625 0.0859375 0.11328125
2 0.196875 0.16796875 0.09453125 0.09453125
2 0.28203125 0.165625 0.078125 0.08671875
2 0.35859375 0.165625 0.0765625 0.075
2 0.446875 0.1625 0.07109375 0.0765625
2 0.5140625 0.17109375 0.059375 0.0703125
2 0.58125 0.175 0.0640625 0.071875
2 0.21796875 0.24140625 0.07265625 0.05859375
2 0.284375 0.2484375 0.0671875 0.0625
2 0.353125 0.246875 0.0546875 0.06015625
2 0.43203125 0.2484375 0.05859375 0.04609375
2 0.503125 0.24453125 0.0640625 0.04296875
2 0.57265625 0.24609375 0.059375 0.04296875
2 0.659375 0.1671875 0.0640625 0.065625
2 0.71796875 0.1734375 0.05703125 0.075
2 0.778125 0.1640625 0.05703125 0.075
2 0.69375 0.2390625 0.0671875 0.05078125
2 0.76171875 0.23828125 0.05390625 0.04609375
2 0.21171875 0.321875 0.0703125 0.0640625
2 0.29140625 0.31796875 0.075 0.05078125
2 0.35546875 0.31875 0.05859375 0.05234375
2 0.42578125 0.30859375 0.05859375 0.05234375
2 0.49140625 0.31328125 0.0625 0.05234375
2 0.5515625 0.303125 0.0546875 0.05703125
2 0.6296875 0.3 0.04609375 0.0625
2 0.68046875 0.3 0.03984375 0.05078125
2 0.7234375 0.29453125 0.05390625 0.0421875