2 0.2484375 0.45 0.1546875 0.0953125
2 0.21484375 0.08671875 0.14296875 0.06015625
2 0.28671875 0.06796875 0.115625 0.06875
2 0.13359375 0.12265625 0.14765625 0.05625
2 0.07890625 0.15 0.1203125 0.06796875
2 0.12109375 0.23515625 0.12265625 0.05
2 0.3234375 0.14296875 0.1015625 0.0359375
2 0.28203125 0.15703125 0.10625 0.04921875
2 0.21796875 0.19453125 0.10859375 0.0578125
2 0.18671875 0.2015625 0.0921875 0.071875
2 0.571875 0.240625 0.21015625 0.159375
2 0.884375 0.59296875 0.13828125 0.0921875
2 0.8609375 0.6234375 0.278125 0.146875
2 0.9375 0.2390625 0.125 0.10625
2 0.92578125 0.359375 0.13828125 0.09921875
2 0.05859375 0.26171875 0.10859375 0.06875
2 0.0578125 0.37265625 0.0921875 0.06328125
2 0.1140625 0.3359375 0.071875 0.06171875
2 0.16875 0.309375 0.06953125 0.06328125
2 0.203125 0.28671875 0.06015625 0.0515625
2 0.25078125 0.26796875 0.0671875 0.0515625
2 0.2890625 0.23671875 0.05546875 0.0359375
2 0.315625 0.2234375 0.0671875 0.053125
2 0.3453125 0.2046875 0.0578125 0.04765625
2 0.034375 0.453125 0.06875 0.06875
2 0.04375 0.52734375 0.0875 0.05625
2 0.084375 0.43359375 0.0625 0.05625
2 0.12578125 0.39921875 0.09921875 0.0765625
2 0.13125 0.4765625 0.1203125 0.06640625
2 0.1890625 0.36171875 0.06484375 0.05625
2 0.2296875 0.34140625 0.08984375 0.06484375
2 0.2625 0.31640625 0.10390625 0.06015625
2 0.31953125 0.2703125 0.0484375 0.0375
2 0.353125 0.259375 0.04609375 0.040625