2 0.32265625 0.04453125 0.075 0.06640625
2 0.321875 0.11015625 0.07578125 0.06796875
2 0.3140625 0.17578125 0.0640625 0.059375
2 0.315625 0.24453125 0.05078125 0.06328125
2 0.38203125 0.09296875 0.04609375 0.08984375
2 0.37578125 0.17578125 0.0609375 0.0546875
2 0.378125 0.24921875 0.07265625 0.07578125
2 0.30078125 0.55703125 0.0546875 0.1296875
2 0.3734375 0.47265625 0.08984375 0.0609375
2 0.3890625 0.53515625 0.07109375 0.06484375
2 0.38984375 0.60625 0.06953125 0.0703125
2 0.38515625 0.79609375 0.07734375 0.07578125
2 0.31015625 0.84609375 0.06953125 0.08046875
2 0.60703125 0.37265625 0.059375 0.09453125
2 0.66953125 0.36171875 0.05703125 0.09453125
2 0.93046875 0.34375 0.096875 0.0984375
2 0.86171875 0.4453125 0.09375 0.07890625
2 0.84375 0.53125 0.03984375 0.09296875
2 0.96796875 0.4375 0.0640625 0.08359375
2 0.9578125 0.215625 0.08359375 0.09609375