2 0.0390625 0.3171875 0.04609375 0.0625
2 0.0890625 0.32109375 0.03828125 0.0625
2 0.13515625 0.3203125 0.04609375 0.06015625
2 0.1859375 0.32265625 0.0390625 0.065625
2 0.234375 0.31640625 0.046875 0.05859375
2 0.2953125 0.31953125 0.040625 0.084375
2 0.2953125 0.3875 0.046875 0.07265625
2 0.3 0.453125 0.05078125 0.0625
2 0.30546875 0.5171875 0.05078125 0.0625
2 0.65390625 0.44609375 0.0515625 0.0703125
2 0.65625 0.50703125 0.0578125 0.0625
2 0.66171875 0.6015625 0.05546875 0.103125
2 0.76171875 0.4375 0.1046875 0.13828125
2 0.8765625 0.40859375 0.11171875 0.11171875
2 0.74921875 0.5203125 0.10859375 0.12578125
2 0.75078125 0.62109375 0.08984375 0.11015625
2 0.7359375 0.70390625 0.09765625 0.10703125
2 0.7390625 0.76796875 0.0921875 0.12734375
2 0.87265625 0.63515625 0.06953125 0.184375