2 0.48828125 0.3625 0.16484375 0.16875
2 0.86484375 0.309375 0.12421875 0.33828125
2 0.10390625 0.290625 0.2078125 0.1875
2 0.13046875 0.4046875 0.25390625 0.18984375
2 0.1640625 0.0828125 0.16796875 0.14296875
2 0.2015625 0.18125 0.1640625 0.1140625
2 0.23203125 0.27421875 0.1453125 0.13984375
2 0.79453125 0.534375 0.115625 0.24609375
2 0.753125 0.65234375 0.14765625 0.215625
2 0.7140625 0.7390625 0.09140625 0.1875
2 0.93984375 0.64609375 0.109375 0.2375
2 0.88046875 0.7703125 0.10859375 0.2375
2 0.83125 0.82109375 0.1109375 0.18828125
2 0.3296875 0.0875 0.12890625 0.1125
2 0.34921875 0.18046875 0.11953125 0.11015625
2 0.37109375 0.265625 0.10625 0.1203125
2 0.4359375 0.178125 0.121875 0.12734375