0 0.0703125 0.5421875 0.13984375 0.09375
0 0.071875 0.61640625 0.14296875 0.09609375
0 0.0703125 0.68984375 0.13984375 0.1015625
0 0.078125 0.7609375 0.1546875 0.11171875
0 0.07890625 0.828125 0.15625 0.11484375
0 0.0796875 0.89375 0.15859375 0.1234375
0 0.06875 0.1390625 0.07734375 0.04140625
0 0.0640625 0.1078125 0.07734375 0.040625
0 0.0625 0.0796875 0.08125 0.0453125
0 0.05703125 0.0515625 0.08125 0.046875
0 0.05546875 0.02109375 0.08125 0.04140625
0 0.1296875 0.034375 0.059375 0.0390625
0 0.13125 0.06484375 0.059375 0.0421875
0 0.13515625 0.0984375 0.0609375 0.040625
0 0.1359375 0.12890625 0.05625 0.0390625
0 0.25078125 0.12734375 0.06640625 0.03828125
0 0.25 0.096875 0.0640625 0.03828125
0 0.24921875 0.06484375 0.06328125 0.0390625
0 0.246875 0.03125 0.06328125 0.0390625
0 0.3171875 0.0203125 0.07109375 0.0390625
0 0.31796875 0.053125 0.0734375 0.04140625
0 0.31875 0.08671875 0.07109375 0.03671875
0 0.31953125 0.12265625 0.07109375 0.0421875
0 0.39609375 0.11640625 0.0765625 0.040625
0 0.3953125 0.08203125 0.07578125 0.040625
0 0.39296875 0.04453125 0.0765625 0.0515625
0 0.47734375 0.03125 0.0828125 0.0515625
0 0.4796875 0.06796875 0.0828125 0.0453125
0 0.4796875 0.1078125 0.08125 0.0421875
0 0.56875 0.09765625 0.0921875 0.0453125
0 0.57109375 0.0578125 0.09453125 0.046875
0 0.5703125 0.02109375 0.09296875 0.0421875
0 0.234375 0.38359375 0.04609375 0.03359375
0 0.2359375 0.415625 0.04375 0.034375
0 0.2375 0.44921875 0.0453125 0.03046875
0 0.23828125 0.48046875 0.04765625 0.034375
0 0.2390625 0.51015625 0.04609375 0.0375
0 0.23984375 0.53984375 0.0453125 0.03671875
0 0.240625 0.56953125 0.04609375 0.0375
0 0.240625 0.5984375 0.04765625 0.03984375
0 0.240625 0.62890625 0.04609375 0.03984375
0 0.24140625 0.65859375 0.04375 0.0375
0 0.24140625 0.684375 0.040625 0.03359375
0 0.24375 0.71484375 0.0421875 0.0421875
0 0.24375 0.74296875 0.04375 0.03984375
0 0.24375 0.76953125 0.0453125 0.0421875
0 0.24609375 0.8 0.04609375 0.0453125
0 0.24609375 0.82578125 0.04765625 0.0421875
0 0.246875 0.853125 0.04375 0.04296875
0 0.24765625 0.8796875 0.0453125 0.04453125
0 0.24921875 0.9078125 0.04375 0.04296875
0 0.2515625 0.9375 0.046875 0.04140625
0 0.25390625 0.96484375 0.0453125 0.04609375
0 0.253125 0.9828125 0.0453125 0.03359375
0 0.28359375 0.38984375 0.05390625 0.03359375
0 0.2875 0.41953125 0.05234375 0.03828125
0 0.2875 0.45546875 0.053125 0.0375
0 0.2890625 0.48515625 0.05390625 0.03359375
0 0.28984375 0.51484375 0.04921875 0.03828125
0 0.290625 0.5484375 0.05234375 0.03828125
0 0.290625 0.57890625 0.0515625 0.040625
0 0.290625 0.609375 0.05078125 0.03984375
0 0.29140625 0.63984375 0.05 0.0390625
0 0.29140625 0.6703125 0.05 0.0375
0 0.2921875 0.7 0.05 0.0390625
0 0.29140625 0.72890625 0.0515625 0.0390625
0 0.2921875 0.75859375 0.0484375 0.03828125
0 0.29375 0.7859375 0.0484375 0.04140625
0 0.29375 0.81484375 0.0484375 0.0421875
0 0.29453125 0.8421875 0.04921875 0.0453125
0 0.2953125 0.871875 0.0484375 0.04140625
0 0.29609375 0.89921875 0.05078125 0.04296875
0 0.2984375 0.925 0.05078125 0.0421875
0 0.3 0.9515625 0.0484375 0.040625
0 0.29921875 0.97734375 0.046875 0.04140625
0 0.353125 0.975 0.0515625 0.0484375
0 0.340625 0.39140625 0.0578125 0.0375
0 0.34375 0.425 0.05625 0.03671875
0 0.34375 0.45859375 0.05546875 0.0390625
0 0.3453125 0.490625 0.05546875 0.04140625
0 0.34375 0.5234375 0.05625 0.04140625
0 0.3453125 0.55390625 0.05234375 0.0359375
0 0.34609375 0.58828125 0.05546875 0.04296875
0 0.346875 0.61796875 0.05625 0.0453125
0 0.34609375 0.6515625 0.05390625 0.04140625
0 0.346875 0.678125 0.0546875 0.0421875
0 0.34765625 0.71171875 0.05546875 0.04765625
0 0.346875 0.740625 0.05390625 0.0421875
0 0.346875 0.7703125 0.05546875 0.04140625
0 0.346875 0.7921875 0.0546875 0.04296875
0 0.34765625 0.83046875 0.053125 0.04765625
0 0.3484375 0.8609375 0.053125 0.04765625
0 0.35 0.88828125 0.05 0.04296875
0 0.35 0.915625 0.04609375 0.046875
0 0.3515625 0.94375 0.05 0.04765625
0 0.4015625 0.39921875 0.0625 0.034375
0 0.40234375 0.4296875 0.06171875 0.03828125
0 0.40234375 0.465625 0.0625 0.0421875
0 0.40390625 0.496875 0.059375 0.03984375
0 0.40390625 0.5328125 0.059375 0.040625
0 0.4046875 0.56484375 0.06015625 0.0390625
0 0.40390625 0.5953125 0.059375 0.0453125
0 0.4046875 0.6296875 0.05859375 0.0421875
0 0.40625 0.659375 0.0578125 0.04453125
0 0.40625 0.6921875 0.05546875 0.04296875
0 0.40703125 0.7234375 0.05703125 0.0453125
0 0.40625 0.75390625 0.0609375 0.04296875
0 0.40546875 0.78359375 0.05625 0.04140625
0 0.40625 0.815625 0.05546875 0.04453125
0 0.4046875 0.846875 0.05546875 0.04453125
0 0.40390625 0.87890625 0.05546875 0.04453125
0 0.40625 0.90625 0.05390625 0.04140625
0 0.4046875 0.93515625 0.0578125 0.0453125
0 0.40625 0.9625 0.0609375 0.05
0 0.40703125 0.9828125 0.05859375 0.03359375
0 0.46640625 0.40234375 0.0640625 0.03671875
0 0.4671875 0.43671875 0.06328125 0.04296875
0 0.4671875 0.47265625 0.0640625 0.0421875
0 0.4671875 0.50625 0.0640625 0.0453125
0 0.46640625 0.5390625 0.0640625 0.04296875
0 0.465625 0.57421875 0.06328125 0.04296875
0 0.4671875 0.60859375 0.0625 0.04609375
0 0.46875 0.64296875 0.06328125 0.0453125
0 0.4671875 0.675 0.06328125 0.0421875
0 0.46640625 0.70625 0.0609375 0.04765625
0 0.4671875 0.7375 0.06015625 0.04921875
0 0.46640625 0.7703125 0.06171875 0.04765625
0 0.465625 0.80078125 0.059375 0.04921875
0 0.46640625 0.83203125 0.0578125 0.04921875
0 0.46484375 0.8640625 0.06015625 0.04765625
0 0.46640625 0.89296875 0.0578125 0.0515625
0 0.46640625 0.925 0.059375 0.0484375
0 0.4671875 0.9515625 0.05625 0.04921875
0 0.4671875 0.978125 0.0578125 0.04296875
0 0.53359375 0.40234375 0.06953125 0.0421875
0 0.534375 0.43828125 0.071875 0.04609375
0 0.5359375 0.4765625 0.06953125 0.046875
0 0.5359375 0.51171875 0.07265625 0.0453125
0 0.53515625 0.54609375 0.071875 0.04453125
0 0.5328125 0.5828125 0.07109375 0.04921875
0 0.53359375 0.61640625 0.0703125 0.05234375
0 0.53359375 0.65078125 0.06640625 0.04921875
0 0.53359375 0.68359375 0.0640625 0.04296875
0 0.53203125 0.7171875 0.0640625 0.04921875
0 0.53203125 0.75234375 0.06875 0.04765625
0 0.53203125 0.78359375 0.0671875 0.0484375
0 0.5296875 0.81484375 0.06875 0.05234375
0 0.528125 0.8484375 0.0625 0.05234375
0 0.52890625 0.8796875 0.06328125 0.04375
0 0.528125 0.91171875 0.06171875 0.053125
0 0.528125 0.94375 0.06328125 0.05625
0 0.52890625 0.96953125 0.0640625 0.05390625