0 0.0953125 0.4515625 0.1234375 0.07109375
0 0.0921875 0.38203125 0.12265625 0.0671875
0 0.09140625 0.31484375 0.1234375 0.06640625
0 0.08671875 0.24765625 0.1203125 0.0671875
0 0.08359375 0.18046875 0.11953125 0.0765625
0 0.08359375 0.10859375 0.11953125 0.07421875
0 0.08046875 0.04453125 0.11796875 0.0875
0 0.53203125 0.053125 0.265625 0.1046875
0 0.51953125 0.125 0.26484375 0.14765625
0 0.52890625 0.22734375 0.259375 0.13984375
0 0.52421875 0.33046875 0.2640625 0.12265625
0 0.5234375 0.43359375 0.2609375 0.10625
0 0.3390625 0.77421875 0.09296875 0.05859375
0 0.3375 0.81484375 0.09453125 0.05859375
0 0.3359375 0.853125 0.09375 0.05390625
0 0.33359375 0.89140625 0.09296875 0.05703125
0 0.33203125 0.93046875 0.09375 0.05625
0 0.3296875 0.9671875 0.09453125 0.05546875
0 0.4296875 0.75625 0.084375 0.04765625
0 0.4296875 0.79296875 0.08515625 0.053125
0 0.428125 0.83046875 0.084375 0.04921875
0 0.4265625 0.86796875 0.084375 0.053125
0 0.42421875 0.90625 0.08515625 0.053125
0 0.42265625 0.940625 0.0859375 0.05078125
0 0.41953125 0.975 0.0859375 0.05
0 0.51171875 0.74296875 0.0765625 0.0453125
0 0.5109375 0.77734375 0.0734375 0.046875
0 0.509375 0.8109375 0.07421875 0.0484375
0 0.509375 0.84453125 0.07734375 0.0484375
0 0.5078125 0.88203125 0.0765625 0.0515625
0 0.5078125 0.915625 0.07734375 0.053125
0 0.50625 0.9546875 0.07734375 0.04765625
0 0.50703125 0.97890625 0.0765625 0.0421875
0 0.58203125 0.73046875 0.06328125 0.0390625
0 0.58203125 0.76328125 0.0640625 0.03984375
0 0.58125 0.79453125 0.065625 0.04609375
0 0.58125 0.83046875 0.06328125 0.040625
0 0.58046875 0.8625 0.065625 0.04609375
0 0.58046875 0.896875 0.06796875 0.0484375
0 0.5796875 0.93125 0.06796875 0.046875
0 0.5796875 0.9625 0.0671875 0.05078125
0 0.57890625 0.98515625 0.06796875 0.0296875
0 0.78671875 0.6703125 0.05625 0.034375
0 0.78828125 0.6984375 0.0546875 0.0296875
0 0.7875 0.72890625 0.0515625 0.02890625
0 0.7875 0.75859375 0.0546875 0.03125
0 0.78828125 0.78828125 0.053125 0.0359375
0 0.78671875 0.81796875 0.0546875 0.03125
0 0.7859375 0.8484375 0.0546875 0.03515625
0 0.78359375 0.8796875 0.05703125 0.03828125
0 0.784375 0.90546875 0.05625 0.0359375
0 0.784375 0.934375 0.0546875 0.0359375
0 0.78359375 0.9625 0.0515625 0.03984375
0 0.7828125 0.984375 0.05078125 0.03125
0 0.840625 0.66875 0.0484375 0.03125
0 0.840625 0.6953125 0.05 0.0265625
0 0.840625 0.7234375 0.05 0.03203125
0 0.84140625 0.75078125 0.05 0.034375
0 0.840625 0.78046875 0.05 0.03125
0 0.83828125 0.80859375 0.0515625 0.03828125
0 0.8390625 0.8375 0.0484375 0.04140625
0 0.83828125 0.86484375 0.05 0.034375
0 0.8390625 0.8921875 0.04765625 0.034375
0 0.8390625 0.92265625 0.05234375 0.03984375
0 0.8375 0.9484375 0.0515625 0.03671875
0 0.83828125 0.97421875 0.0515625 0.040625
0 0.8875 0.659375 0.0453125 0.03671875
0 0.8875 0.6875 0.04296875 0.0296875
0 0.8875 0.71640625 0.040625 0.03125
0 0.8875 0.74140625 0.04375 0.03125
0 0.88828125 0.76875 0.04375 0.03046875
0 0.88671875 0.7953125 0.04453125 0.0359375
0 0.8875 0.81796875 0.046875 0.03359375
0 0.8875 0.84921875 0.0453125 0.0375
0 0.8875 0.8765625 0.046875 0.03359375
0 0.88828125 0.90234375 0.04609375 0.03359375
0 0.8875 0.92734375 0.0453125 0.03828125
0 0.8875 0.953125 0.04296875 0.0390625
0 0.88515625 0.98046875 0.0453125 0.0390625
0 0.928125 0.65234375 0.0359375 0.0296875
0 0.92734375 0.68046875 0.0359375 0.02578125
0 0.928125 0.70546875 0.03828125 0.0296875
0 0.92734375 0.73203125 0.040625 0.0296875
0 0.92890625 0.75703125 0.0359375 0.0296875
0 0.92890625 0.78203125 0.03828125 0.03125
0 0.9296875 0.809375 0.03828125 0.0359375
0 0.93046875 0.83359375 0.0375 0.03515625
0 0.93125 0.85859375 0.0375 0.0390625
0 0.93203125 0.8875 0.03984375 0.03515625
0 0.9328125 0.91171875 0.03984375 0.0359375
0 0.93203125 0.9359375 0.0390625 0.034375
0 0.93359375 0.96328125 0.03984375 0.0359375
0 0.93203125 0.98359375 0.04140625 0.03203125
0 0.771875 0.475 0.04609375 0.03359375
0 0.771875 0.4453125 0.05 0.03125
0 0.77109375 0.41171875 0.04921875 0.03046875
0 0.76875 0.38125 0.05078125 0.02890625
0 0.76640625 0.3515625 0.053125 0.0296875
0 0.76875 0.31796875 0.0515625 0.03515625
0 0.76796875 0.28671875 0.04921875 0.0359375
0 0.7671875 0.2578125 0.05234375 0.0390625
0 0.76796875 0.22578125 0.04765625 0.03828125
0 0.76875 0.1953125 0.04765625 0.0375
0 0.76875 0.1609375 0.046875 0.034375
0 0.76875 0.13203125 0.046875 0.0375
0 0.7703125 0.1 0.04765625 0.03828125
0 0.77109375 0.07109375 0.0453125 0.03515625
0 0.7703125 0.03984375 0.04765625 0.03515625
0 0.77109375 0.01484375 0.04765625 0.028125
0 0.81796875 0.47734375 0.04453125 0.0296875
0 0.81875 0.4453125 0.04375 0.02734375
0 0.8171875 0.415625 0.04375 0.02890625
0 0.8171875 0.384375 0.04609375 0.03046875
0 0.81640625 0.3546875 0.0421875 0.0296875
0 0.81640625 0.3234375 0.0421875 0.03203125
0 0.815625 0.2921875 0.04375 0.03203125
0 0.8171875 0.26484375 0.04609375 0.03359375
0 0.81640625 0.23359375 0.04375 0.0359375
0 0.81640625 0.20234375 0.0421875 0.03515625
0 0.8171875 0.171875 0.0453125 0.03359375
0 0.81796875 0.1421875 0.04375 0.03203125