0 0.56015625 0.51015625 0.096875 0.05390625
0 0.56015625 0.54921875 0.09609375 0.05
0 0.559375 0.58671875 0.096875 0.053125
0 0.559375 0.621875 0.09765625 0.05
0 0.5609375 0.659375 0.09453125 0.05
0 0.56171875 0.69375 0.09453125 0.05234375
0 0.5625 0.72890625 0.09296875 0.05234375
0 0.5609375 0.7609375 0.090625 0.05
0 0.5609375 0.796875 0.09453125 0.05390625
0 0.56171875 0.828125 0.0921875 0.05234375
0 0.5609375 0.8578125 0.08828125 0.046875
0 0.5609375 0.89140625 0.08671875 0.05
0 0.5609375 0.921875 0.0875 0.05
0 0.56015625 0.9515625 0.08828125 0.04765625
0 0.56171875 0.97734375 0.08515625 0.0453125
0 0.4640625 0.49453125 0.09296875 0.04296875
0 0.4625 0.53046875 0.09296875 0.04453125
0 0.46328125 0.5671875 0.08984375 0.05
0 0.46328125 0.60546875 0.09140625 0.04453125
0 0.46484375 0.6390625 0.09140625 0.04453125
0 0.465625 0.675 0.0890625 0.0421875
0 0.4671875 0.709375 0.09140625 0.04453125
0 0.46796875 0.74140625 0.08984375 0.0453125
0 0.46875 0.778125 0.084375 0.0421875
0 0.4703125 0.80859375 0.084375 0.04453125
0 0.4703125 0.84140625 0.084375 0.04453125
0 0.471875 0.87421875 0.0875 0.04765625
0 0.471875 0.9 0.084375 0.05
0 0.47265625 0.9296875 0.0859375 0.04453125
0 0.4734375 0.9578125 0.084375 0.04765625
0 0.47265625 0.98046875 0.0796875 0.0390625
0 0.36875 0.4875 0.09296875 0.0453125
0 0.3734375 0.52421875 0.08828125 0.0453125
0 0.3734375 0.5578125 0.08828125 0.04453125
0 0.37421875 0.590625 0.08671875 0.0515625
0 0.375 0.6234375 0.0875 0.05234375
0 0.3765625 0.65625 0.0828125 0.046875
0 0.3765625 0.68984375 0.084375 0.05
0 0.3796875 0.725 0.084375 0.046875
0 0.38125 0.75546875 0.084375 0.04453125
0 0.384375 0.78828125 0.0828125 0.04765625
0 0.384375 0.81875 0.0828125 0.0515625
0 0.3875 0.85390625 0.08125 0.04765625
0 0.3875 0.884375 0.0796875 0.04453125
0 0.3875 0.9125 0.078125 0.0421875
0 0.390625 0.9390625 0.07578125 0.04296875
0 0.39140625 0.9640625 0.07734375 0.0453125
0 0.2828125 0.46796875 0.08125 0.046875
0 0.284375 0.5 0.08125 0.046875
0 0.28828125 0.5390625 0.08125 0.04296875
0 0.29140625 0.56953125 0.0765625 0.0453125
0 0.29140625 0.60078125 0.075 0.0453125
0 0.29453125 0.63671875 0.0765625 0.046875
0 0.296875 0.6703125 0.078125 0.04453125
0 0.296875 0.69921875 0.07578125 0.04921875
0 0.3 0.73203125 0.07734375 0.04765625
0 0.30234375 0.7625 0.0765625 0.04765625
0 0.3046875 0.79453125 0.0734375 0.05
0 0.30625 0.82421875 0.0734375 0.04453125
0 0.309375 0.8578125 0.07421875 0.0453125
0 0.3109375 0.8890625 0.07265625 0.05
0 0.31328125 0.9109375 0.07265625 0.04453125
0 0.3140625 0.934375 0.07109375 0.053125
0 0.315625 0.9640625 0.06953125 0.0453125
0 0.31328125 0.98203125 0.06953125 0.0359375
0 0.20859375 0.45078125 0.071875 0.04296875
0 0.21015625 0.48203125 0.07109375 0.0421875
0 0.2140625 0.51796875 0.07109375 0.04140625
0 0.215625 0.553125 0.07109375 0.04140625
0 0.2171875 0.5828125 0.06953125 0.04296875
0 0.2203125 0.6140625 0.0671875 0.03828125
0 0.2234375 0.646875 0.06796875 0.04453125
0 0.22578125 0.6765625 0.06953125 0.0421875
0 0.228125 0.70546875 0.06953125 0.046875
0 0.22890625 0.73828125 0.065625 0.04453125
0 0.23125 0.76640625 0.065625 0.04296875
0 0.234375 0.796875 0.06953125 0.05
0 0.23671875 0.82578125 0.06484375 0.04453125
0 0.2421875 0.85703125 0.0671875 0.04296875
0 0.24296875 0.8796875 0.0625 0.0515625
0 0.24453125 0.909375 0.0671875 0.04296875
0 0.24453125 0.93671875 0.0640625 0.046875
0 0.246875 0.9671875 0.06328125 0.0453125
0 0.09765625 0.44375 0.06875 0.0390625
0 0.0953125 0.47890625 0.06875 0.040625
0 0.09921875 0.51015625 0.06796875 0.0390625
0 0.1 0.53984375 0.0671875 0.0421875
0 0.10234375 0.5703125 0.06875 0.03828125
0 0.11015625 0.6 0.065625 0.0390625
0 0.11328125 0.6296875 0.06796875 0.040625
0 0.115625 0.65546875 0.06640625 0.03671875
0 0.11875 0.68828125 0.065625 0.0390625
0 0.12421875 0.7140625 0.065625 0.04140625
0 0.128125 0.74296875 0.0640625 0.03828125
0 0.13125 0.77109375 0.06328125 0.040625
0 0.134375 0.796875 0.065625 0.0390625
0 0.1375 0.8234375 0.0640625 0.040625
0 0.13984375 0.85 0.06640625 0.04140625
0 0.14296875 0.875 0.06171875 0.03828125
0 0.146875 0.89921875 0.06171875 0.0359375
0 0.14765625 0.9234375 0.06328125 0.0296875
0 0.15 0.95078125 0.065625 0.040625
0 0.1546875 0.9734375 0.0625 0.0390625
0 0.09296875 0.97734375 0.0609375 0.03359375
0 0.090625 0.95625 0.0609375 0.04140625
0 0.0890625 0.93203125 0.059375 0.03828125
0 0.08515625 0.90703125 0.05703125 0.0375
0 0.08203125 0.88125 0.05625 0.03125
0 0.078125 0.85859375 0.06015625 0.03671875
0 0.07578125 0.834375 0.06015625 0.0390625
0 0.071875 0.8078125 0.06171875 0.04296875
0 0.06875 0.78125 0.059375 0.03671875
0 0.0671875 0.75625 0.059375 0.03984375
0 0.0609375 0.72734375 0.059375 0.040625
0 0.05703125 0.70234375 0.05859375 0.04140625
0 0.0546875 0.67265625 0.06015625 0.04140625
0 0.04921875 0.64453125 0.06328125 0.0390625
0 0.04609375 0.6171875 0.0640625 0.03828125
0 0.04296875 0.58828125 0.06171875 0.0359375
0 0.0375 0.5609375 0.06171875 0.0359375
0 0.03359375 0.53125 0.0625 0.0390625
0 0.0328125 0.4984375 0.06171875 0.0359375
0 0.03046875 0.4703125 0.059375 0.03671875
0 0.0296875 0.4390625 0.059375 0.0375
0 0.03515625 0.978125 0.05234375 0.040625
0 0.0328125 0.95703125 0.053125 0.03984375
0 0.0328125 0.934375 0.05390625 0.0390625
0 0.0296875 0.9109375 0.05234375 0.03828125
0 0.02890625 0.890625 0.0484375 0.03203125
0 0.025 0.865625 0.0484375 0.0359375
0 0.02265625 0.84140625 0.0453125 0.0359375
0 0.02109375 0.81640625 0.04140625 0.03359375
0 0.0203125 0.7921875 0.03984375 0.03671875
0 0.01640625 0.76796875 0.0328125 0.0296875
0 0.01640625 0.74140625 0.0328125 0.03203125
0 0.01484375 0.715625 0.02890625 0.0296875
0 0.834375 0.1734375 0.1390625 0.08203125
0 0.95 0.171875 0.0984375 0.0765625
0 0.8421875 0.096875 0.13984375 0.0734375
0 0.953125 0.09609375 0.09296875 0.0796875
0 0.95546875 0.0296875 0.0890625 0.05703125
0 0.8453125 0.03203125 0.140625 0.06328125
0 0.58984375 0.0265625 0.11875 0.05234375
0 0.5875 0.090625 0.12109375 0.0765625
0 0.584375 0.16328125 0.121875 0.071875
0 0.471875 0.03125 0.11015625 0.06171875
0 0.47421875 0.09453125 0.10859375 0.06640625
0 0.4734375 0.16796875 0.11328125 0.071875
0 0.365625 0.03125 0.10078125 0.0609375
0 0.3671875 0.09140625 0.10078125 0.06015625
0 0.3671875 0.16015625 0.1 0.06328125
0 0.27265625 0.16015625 0.0921875 0.0671875
0 0.26796875 0.0953125 0.096875 0.06484375
0 0.265625 0.034375 0.090625 0.0671875
0 0.17578125 0.03828125 0.0875 0.06328125
0 0.17890625 0.09921875 0.0921875 0.06484375
0 0.178125 0.15859375 0.09140625 0.06484375
1 0.79453125 0.47421875 0.1390625 0.09375
1 0.796875 0.553125 0.12890625 0.084375
1 0.79375 0.62890625 0.13125 0.0921875
1 0.7875 0.690625 0.1265625 0.09140625