0 0.04609375 0.50859375 0.07109375 0.03828125
0 0.0453125 0.471875 0.07109375 0.034375
0 0.04296875 0.43671875 0.06953125 0.03671875
0 0.04296875 0.40390625 0.06953125 0.03671875
0 0.03984375 0.3671875 0.065625 0.03359375
0 0.0390625 0.3328125 0.06875 0.03671875
0 0.040625 0.296875 0.06640625 0.040625
0 0.040625 0.26484375 0.07109375 0.0390625
0 0.03828125 0.23125 0.07109375 0.040625
0 0.03984375 0.19609375 0.07109375 0.040625
0 0.03984375 0.15625 0.071875 0.040625
0 0.040625 0.121875 0.06953125 0.04296875
0 0.0390625 0.0875 0.06796875 0.03828125
0 0.0390625 0.0515625 0.06953125 0.03828125
0 0.0375 0.01875 0.06953125 0.0359375
0 0.1765625 0.51640625 0.07421875 0.0359375
0 0.17578125 0.4828125 0.06953125 0.0359375
0 0.175 0.44921875 0.075 0.0359375
0 0.1765625 0.41328125 0.0765625 0.03828125
0 0.1765625 0.375 0.0734375 0.0390625
0 0.17578125 0.33984375 0.06953125 0.0359375
0 0.1734375 0.30703125 0.075 0.034375
0 0.17265625 0.26953125 0.0734375 0.03671875
0 0.17109375 0.23359375 0.071875 0.04140625
0 0.17265625 0.196875 0.075 0.04296875
0 0.17109375 0.16015625 0.07578125 0.0453125
0 0.17109375 0.12265625 0.07421875 0.0421875
0 0.17109375 0.084375 0.07734375 0.04765625
0 0.16875 0.04921875 0.078125 0.04921875
0 0.1703125 0.01875 0.0765625 0.0359375
0 0.2515625 0.0359375 0.0828125 0.04453125
0 0.2515625 0.07421875 0.084375 0.04921875
0 0.2515625 0.11171875 0.0828125 0.046875
0 0.2515625 0.15390625 0.08125 0.04765625
0 0.25078125 0.1890625 0.0796875 0.04453125
0 0.25078125 0.2234375 0.08125 0.04296875
0 0.25390625 0.26328125 0.084375 0.040625
0 0.2546875 0.3 0.0828125 0.03671875
0 0.2546875 0.33671875 0.08125 0.03671875
0 0.25625 0.37421875 0.0828125 0.0359375
0 0.2546875 0.4125 0.0859375 0.03671875
0 0.25625 0.44921875 0.0796875 0.0359375
0 0.25625 0.484375 0.0828125 0.0359375
0 0.2546875 0.521875 0.0828125 0.040625
0 0.3453125 0.5234375 0.08828125 0.03828125
0 0.34453125 0.4859375 0.08515625 0.03671875
0 0.34296875 0.446875 0.084375 0.04453125
0 0.34375 0.41171875 0.08671875 0.040625
0 0.34296875 0.37265625 0.08984375 0.04296875
0 0.34296875 0.334375 0.08515625 0.040625
0 0.34375 0.29765625 0.08515625 0.04296875
0 0.3421875 0.25625 0.0875 0.0421875
0 0.3421875 0.21796875 0.0875 0.0453125
0 0.33984375 0.1765625 0.08984375 0.04765625
0 0.33984375 0.13671875 0.0875 0.05
0 0.3421875 0.09921875 0.0875 0.0453125
0 0.340625 0.0578125 0.0890625 0.05
0 0.3390625 0.0234375 0.0890625 0.04453125
0 0.43671875 0.52265625 0.0921875 0.04453125
0 0.4375 0.48359375 0.090625 0.0390625
0 0.4375 0.44609375 0.0890625 0.03671875
0 0.43671875 0.4078125 0.0921875 0.04453125
0 0.4375 0.36796875 0.09140625 0.046875
0 0.4359375 0.328125 0.09296875 0.04453125
0 0.43515625 0.28828125 0.09296875 0.05
0 0.4375 0.246875 0.09453125 0.05
0 0.43828125 0.20703125 0.09296875 0.0453125
0 0.4375 0.16796875 0.09453125 0.05
0 0.43671875 0.12890625 0.0953125 0.05234375
0 0.4359375 0.08671875 0.09453125 0.0515625
0 0.4359375 0.0453125 0.09453125 0.04921875
0 0.540625 0.03046875 0.10234375 0.053125
0 0.540625 0.07578125 0.09921875 0.05390625
0 0.5390625 0.11796875 0.10078125 0.04765625
0 0.5375 0.15859375 0.10078125 0.04453125
0 0.53984375 0.1984375 0.1015625 0.04453125
0 0.53828125 0.24140625 0.1015625 0.04453125
0 0.5375 0.2828125 0.10078125 0.04140625
0 0.5375 0.3234375 0.10078125 0.0453125
0 0.53828125 0.3640625 0.1 0.03671875
0 0.534375 0.40625 0.1 0.04140625
0 0.53671875 0.4484375 0.1 0.04140625
0 0.534375 0.48984375 0.096875 0.04296875
0 0.534375 0.52890625 0.1 0.040625
0 0.146875 0.80625 0.05546875 0.04921875
0 0.14765625 0.84140625 0.0578125 0.046875
0 0.1484375 0.87890625 0.059375 0.0453125
0 0.146875 0.915625 0.05625 0.05234375
0 0.146875 0.95234375 0.05625 0.05234375
0 0.1453125 0.9796875 0.059375 0.040625
0 0.20703125 0.82265625 0.0609375 0.04609375
0 0.20859375 0.85625 0.06328125 0.04609375
0 0.209375 0.89453125 0.06171875 0.0484375
0 0.2078125 0.92890625 0.05859375 0.0484375
0 0.2078125 0.96640625 0.059375 0.05
0 0.2734375 0.82734375 0.07109375 0.04453125
0 0.27421875 0.86796875 0.06640625 0.046875
0 0.27578125 0.90625 0.0671875 0.0484375
0 0.2734375 0.94296875 0.06875 0.0515625
0 0.27421875 0.9765625 0.06640625 0.04609375
0 0.34296875 0.846875 0.06875 0.04453125
0 0.34375 0.878125 0.07109375 0.040625
0 0.3453125 0.91796875 0.06953125 0.0515625
0 0.34609375 0.96015625 0.07265625 0.05390625
0 0.41640625 0.85546875 0.078125 0.053125
0 0.41953125 0.8953125 0.0765625 0.05625
0 0.42109375 0.93515625 0.0765625 0.05625
0 0.4203125 0.97265625 0.07578125 0.0546875
0 0.49765625 0.86953125 0.08046875 0.0515625
0 0.4984375 0.91015625 0.08046875 0.05703125
0 0.5 0.94765625 0.08046875 0.05703125
0 0.4984375 0.98046875 0.0828125 0.0390625
1 0.8140625 0.08671875 0.13125 0.1015625
1 0.9359375 0.07578125 0.115625 0.10625