0 0.18203125 0.63359375 0.08125 0.04140625
0 0.2578125 0.63984375 0.07421875 0.034375
0 0.1578125 0.73125 0.08828125 0.0515625
0 0.16484375 0.77578125 0.08984375 0.040625
0 0.16875 0.821875 0.0890625 0.040625
0 0.175 0.8609375 0.08671875 0.034375
0 0.18203125 0.9015625 0.08515625 0.03671875
0 0.1890625 0.94140625 0.0828125 0.04296875
0 0.19296875 0.98203125 0.084375 0.0359375
0 0.2453125 0.73671875 0.0859375 0.0390625
0 0.25078125 0.778125 0.08515625 0.03828125
0 0.25546875 0.821875 0.08125 0.04296875
0 0.2609375 0.8625 0.084375 0.0421875
0 0.26484375 0.90390625 0.08671875 0.0421875
0 0.27109375 0.940625 0.084375 0.034375
0 0.27421875 0.97890625 0.0828125 0.03359375
0 0.328125 0.69296875 0.08984375 0.04453125
0 0.33359375 0.7375 0.09140625 0.0390625
0 0.3359375 0.7796875 0.0859375 0.0421875
0 0.3390625 0.82265625 0.084375 0.040625
0 0.3453125 0.8625 0.084375 0.0390625
0 0.35 0.9 0.08515625 0.0359375
0 0.353125 0.9359375 0.0828125 0.03359375
0 0.3546875 0.97265625 0.08515625 0.03125
0 0.4140625 0.6828125 0.090625 0.04921875
0 0.41953125 0.7296875 0.0828125 0.0390625
0 0.42109375 0.77109375 0.0828125 0.04453125
0 0.4234375 0.8140625 0.0796875 0.04765625
0 0.42734375 0.85859375 0.084375 0.04453125
0 0.43125 0.8984375 0.0765625 0.0390625
0 0.4328125 0.93828125 0.07734375 0.04296875
0 0.4359375 0.97421875 0.075 0.03359375
0 0.58671875 0.665625 0.09296875 0.0515625
0 0.58515625 0.7171875 0.09296875 0.05234375
0 0.58515625 0.7640625 0.08984375 0.046875
0 0.5859375 0.8109375 0.09140625 0.046875
0 0.58359375 0.85625 0.08984375 0.04921875
0 0.5828125 0.9 0.0890625 0.0421875
0 0.57890625 0.94140625 0.0859375 0.040625
0 0.5765625 0.98203125 0.084375 0.0359375
0 0.6796875 0.6703125 0.09453125 0.0515625
0 0.6765625 0.7171875 0.09296875 0.04765625
0 0.67578125 0.7640625 0.09453125 0.05
0 0.67421875 0.8109375 0.090625 0.04765625
0 0.67265625 0.85625 0.0890625 0.04765625
0 0.6703125 0.90390625 0.08828125 0.04453125
0 0.6671875 0.94765625 0.0859375 0.0421875
0 0.66328125 0.984375 0.08671875 0.03125
0 0.77421875 0.6640625 0.09453125 0.04453125
0 0.7703125 0.7109375 0.09453125 0.0453125
0 0.76796875 0.759375 0.09140625 0.05
0 0.76640625 0.809375 0.08984375 0.04453125
0 0.76328125 0.85625 0.09296875 0.04296875
0 0.7578125 0.9015625 0.0875 0.040625
0 0.75390625 0.94453125 0.08515625 0.04140625
0 0.7515625 0.984375 0.08828125 0.03125
0 0.8671875 0.665625 0.1 0.05546875
0 0.86484375 0.71640625 0.096875 0.0515625
0 0.859375 0.76484375 0.09453125 0.046875
0 0.8578125 0.81015625 0.09453125 0.0453125
0 0.8546875 0.85859375 0.09765625 0.05
0 0.84765625 0.90390625 0.0921875 0.04453125
0 0.84296875 0.94765625 0.09453125 0.04453125
0 0.83984375 0.98359375 0.09140625 0.03203125
0 0.95703125 0.66640625 0.0859375 0.0578125
0 0.953125 0.71875 0.09375 0.053125
0 0.95234375 0.7671875 0.0953125 0.0421875
0 0.9515625 0.81171875 0.096875 0.04765625
0 0.946875 0.8609375 0.0984375 0.0453125
0 0.9375 0.9046875 0.09296875 0.04453125
0 0.93515625 0.9484375 0.096875 0.0453125
0 0.928125 0.98515625 0.08984375 0.0296875
0 0.653125 0.0640625 0.17265625 0.11328125
0 0.83046875 0.0640625 0.18125 0.115625
0 0.95703125 0.06328125 0.08515625 0.10859375
0 0.38125 0.075 0.25078125 0.06484375
0 0.1265625 0.078125 0.24296875 0.07109375
0 0.12265625 0.02109375 0.24453125 0.04140625
0 0.37421875 0.01875 0.25703125 0.03671875