0 0.975 0.10234375 0.05 0.053125
0 0.975 0.15390625 0.05 0.0515625
0 0.9734375 0.20078125 0.053125 0.0484375
0 0.9734375 0.25078125 0.0515625 0.0484375
0 0.975 0.2984375 0.0484375 0.05234375
0 0.975 0.3421875 0.0484375 0.05
0 0.975 0.3890625 0.05 0.05078125
0 0.975 0.4390625 0.05 0.053125
0 0.9734375 0.484375 0.0515625 0.05078125
0 0.9734375 0.53125 0.053125 0.05078125
0 0.97265625 0.575 0.05390625 0.04453125
0 0.97109375 0.6203125 0.05703125 0.0484375
0 0.9109375 0.621875 0.06484375 0.0515625
0 0.91328125 0.5765625 0.06640625 0.04765625
0 0.91328125 0.5296875 0.06875 0.05390625
0 0.9171875 0.48125 0.0703125 0.04765625
0 0.9171875 0.43671875 0.071875 0.04921875
0 0.91796875 0.38828125 0.06640625 0.053125
0 0.91640625 0.3390625 0.06875 0.0484375
0 0.91640625 0.29296875 0.06796875 0.053125
0 0.915625 0.246875 0.07109375 0.0515625
0 0.9125 0.196875 0.0671875 0.05859375
0 0.915625 0.14921875 0.06796875 0.0515625
0 0.915625 0.1 0.06796875 0.059375
0 0.84609375 0.0921875 0.071875 0.0546875
0 0.84765625 0.1484375 0.06796875 0.05078125
0 0.84609375 0.19375 0.0671875 0.05546875
0 0.8484375 0.24453125 0.0671875 0.0515625
0 0.85 0.2921875 0.0734375 0.053125
0 0.8484375 0.3390625 0.07109375 0.05390625
0 0.846875 0.3875 0.07109375 0.0515625
0 0.84765625 0.43515625 0.0671875 0.05078125
0 0.846875 0.48203125 0.0671875 0.05078125
0 0.8453125 0.53125 0.07109375 0.05
0 0.84453125 0.57734375 0.06953125 0.05
0 0.8421875 0.625 0.0671875 0.04765625
0 0.77265625 0.6234375 0.071875 0.05078125
0 0.77421875 0.57890625 0.071875 0.05078125
0 0.7765625 0.53046875 0.071875 0.05703125
0 0.7765625 0.4828125 0.0734375 0.05625
0 0.78046875 0.43125 0.071875 0.05390625
0 0.77890625 0.3859375 0.06953125 0.05390625
0 0.77890625 0.33671875 0.0671875 0.053125
0 0.77890625 0.28515625 0.0734375 0.0609375
0 0.778125 0.234375 0.07421875 0.053125
0 0.7796875 0.18984375 0.07109375 0.05859375
0 0.7796875 0.14140625 0.06875 0.05625
0 0.7796875 0.08828125 0.071875 0.05859375
0 0.6390625 0.16796875 0.08125 0.05703125
0 0.63984375 0.2171875 0.0828125 0.05390625
0 0.64375 0.26640625 0.078125 0.053125
0 0.64453125 0.31875 0.08515625 0.05390625
0 0.64296875 0.36875 0.08125 0.05859375
0 0.64140625 0.421875 0.078125 0.05390625
0 0.64296875 0.475 0.0796875 0.053125
0 0.6453125 0.52734375 0.08125 0.0453125
0 0.6421875 0.5765625 0.0796875 0.053125
0 0.646875 0.62578125 0.08125 0.04765625
0 0.54296875 0.1828125 0.07734375 0.05625
0 0.54375 0.23125 0.07421875 0.0453125
0 0.54296875 0.28203125 0.07734375 0.05078125
0 0.5421875 0.3296875 0.07421875 0.05234375
0 0.54296875 0.37578125 0.0765625 0.0515625
0 0.540625 0.42265625 0.078125 0.05
0 0.5421875 0.475 0.07734375 0.053125
0 0.54375 0.525 0.0765625 0.04765625
0 0.5453125 0.575 0.07421875 0.05078125
0 0.54453125 0.62265625 0.07265625 0.0515625
0 0.4640625 0.178125 0.0765625 0.05703125
0 0.46640625 0.2265625 0.0796875 0.05390625
0 0.465625 0.2765625 0.0765625 0.05703125
0 0.46640625 0.32578125 0.0765625 0.05390625
0 0.46484375 0.375 0.078125 0.05546875
0 0.46640625 0.4265625 0.07109375 0.04609375
0 0.46640625 0.4765625 0.071875 0.053125
0 0.465625 0.52109375 0.071875 0.04765625
0 0.46484375 0.57421875 0.07109375 0.05390625
0 0.465625 0.62578125 0.07109375 0.05078125
0 0.38515625 0.640625 0.09296875 0.05859375
0 0.38671875 0.5875 0.08828125 0.05625
0 0.38671875 0.5296875 0.08671875 0.05625
0 0.384375 0.471875 0.0890625 0.0625
0 0.3890625 0.41484375 0.08515625 0.0640625
0 0.38515625 0.3640625 0.08515625 0.0484375
0 0.3890625 0.3203125 0.08046875 0.05546875
0 0.38671875 0.2734375 0.08046875 0.05390625
0 0.3875 0.2234375 0.0796875 0.0609375
0 0.3890625 0.16953125 0.075 0.0609375
0 0.303125 0.13203125 0.09609375 0.06484375
0 0.3015625 0.1921875 0.096875 0.05625
0 0.2984375 0.24609375 0.0953125 0.0609375
0 0.29765625 0.30390625 0.09453125 0.065625
0 0.29375 0.35546875 0.09375 0.0609375
0 0.29296875 0.41484375 0.0953125 0.05703125
0 0.290625 0.4734375 0.1 0.0578125
0 0.29140625 0.52890625 0.09453125 0.053125
0 0.29296875 0.58515625 0.096875 0.05703125
0 0.290625 0.6453125 0.0984375 0.05625
0 0.0984375 0.65078125 0.10234375 0.040625
0 0.09765625 0.6125 0.10390625 0.040625
0 0.096875 0.57578125 0.1046875 0.0421875
0 0.0953125 0.5390625 0.10625 0.0390625
0 0.0953125 0.49921875 0.10390625 0.03984375
0 0.09375 0.46171875 0.10390625 0.03828125
0 0.0921875 0.425 0.10234375 0.0375
0 0.0921875 0.38515625 0.10390625 0.04609375
0 0.090625 0.34453125 0.10546875 0.0453125
0 0.0890625 0.30625 0.1078125 0.0390625
0 0.08984375 0.26953125 0.1046875 0.04140625
0 0.08828125 0.23515625 0.10625 0.03828125
0 0.08671875 0.19375 0.10625 0.0421875
0 0.084375 0.15546875 0.1015625 0.05078125
0 0.08359375 0.11171875 0.1015625 0.03984375
0 0.08203125 0.0765625 0.10234375 0.04375
0 0.08203125 0.03671875 0.10390625 0.040625