0 0.06953125 0.33125 0.1390625 0.0828125
0 0.07109375 0.415625 0.14140625 0.08515625
0 0.06953125 0.4921875 0.13828125 0.09375
0 0.0765625 0.571875 0.1515625 0.0953125
0 0.07734375 0.64765625 0.153125 0.10625
0 0.07890625 0.7171875 0.15703125 0.11328125
0 0.25546875 0.7953125 0.05 0.0375
0 0.25625 0.76875 0.0484375 0.03984375
0 0.253125 0.73984375 0.05078125 0.0390625
0 0.2515625 0.70859375 0.04921875 0.0421875
0 0.2515625 0.68203125 0.04921875 0.04140625
0 0.2484375 0.65 0.04765625 0.0390625
0 0.2484375 0.62109375 0.05078125 0.040625
0 0.246875 0.58984375 0.04765625 0.040625
0 0.246875 0.55859375 0.0484375 0.040625
0 0.24609375 0.5296875 0.04765625 0.0390625
0 0.24765625 0.503125 0.04765625 0.0390625
0 0.24609375 0.46796875 0.04921875 0.0375
0 0.2453125 0.43671875 0.0484375 0.03359375
0 0.24453125 0.40625 0.04921875 0.040625
0 0.24296875 0.37265625 0.05234375 0.03828125
0 0.24375 0.3421875 0.05234375 0.034375
0 0.2421875 0.3109375 0.05390625 0.0359375
0 0.2421875 0.27734375 0.05390625 0.0390625
0 0.240625 0.2390625 0.05234375 0.03359375
0 0.240625 0.2078125 0.0515625 0.034375
0 0.2390625 0.17265625 0.04921875 0.03359375
0 0.23828125 0.13984375 0.04609375 0.03203125
0 0.2890625 0.1359375 0.0546875 0.040625
0 0.2921875 0.1703125 0.05546875 0.03828125
0 0.29453125 0.20859375 0.05625 0.034375
0 0.29453125 0.24453125 0.053125 0.0328125
0 0.29609375 0.278125 0.05390625 0.03203125
0 0.296875 0.31484375 0.05390625 0.03203125
0 0.29765625 0.34765625 0.0578125 0.03203125
0 0.29765625 0.378125 0.0546875 0.03828125
0 0.29609375 0.409375 0.05390625 0.034375
0 0.296875 0.44375 0.05390625 0.0375
0 0.2984375 0.47890625 0.0515625 0.0375
0 0.29921875 0.50859375 0.053125 0.0390625
0 0.29921875 0.540625 0.05546875 0.03984375
0 0.296875 0.57109375 0.05390625 0.040625
0 0.2984375 0.60078125 0.05546875 0.040625
0 0.29765625 0.63125 0.05390625 0.04140625
0 0.30078125 0.6609375 0.05234375 0.03828125
0 0.30234375 0.68984375 0.05625 0.04296875
0 0.30390625 0.721875 0.053125 0.04453125
0 0.30703125 0.75078125 0.05234375 0.0421875
0 0.309375 0.78125 0.053125 0.0421875
0 0.30859375 0.81015625 0.05390625 0.05234375
0 0.3484375 0.13046875 0.06171875 0.040625
0 0.353125 0.165625 0.059375 0.03671875
0 0.353125 0.20234375 0.05859375 0.03671875
0 0.3546875 0.2390625 0.0609375 0.03359375
0 0.35390625 0.275 0.0578125 0.0359375
0 0.35546875 0.31015625 0.06171875 0.03125
0 0.35546875 0.3453125 0.059375 0.04140625
0 0.3546875 0.378125 0.06171875 0.03828125
0 0.3546875 0.41484375 0.059375 0.04140625
0 0.35546875 0.446875 0.05859375 0.04140625
0 0.3546875 0.48046875 0.05859375 0.0421875
0 0.35546875 0.515625 0.05703125 0.04140625
0 0.3546875 0.546875 0.05546875 0.04140625
0 0.3546875 0.5796875 0.0578125 0.04453125
0 0.35390625 0.6109375 0.0578125 0.03984375
0 0.35703125 0.64140625 0.05703125 0.0484375
0 0.35625 0.67421875 0.05390625 0.04296875
0 0.35859375 0.7046875 0.05390625 0.04296875
0 0.36015625 0.7359375 0.053125 0.04609375
0 0.3625 0.7640625 0.04921875 0.03828125
0 0.365625 0.796875 0.05390625 0.0421875
0 0.36484375 0.82578125 0.05078125 0.04453125
0 0.41640625 0.12421875 0.06484375 0.04453125
0 0.4171875 0.1625 0.0640625 0.0375
0 0.41796875 0.2015625 0.06328125 0.0359375
0 0.41796875 0.2390625 0.065625 0.03359375
0 0.4171875 0.275 0.06328125 0.03671875
0 0.41875 0.3109375 0.0625 0.03203125
0 0.41796875 0.34609375 0.06328125 0.04140625
0 0.41796875 0.38203125 0.06171875 0.03984375
0 0.4171875 0.415625 0.0640625 0.04296875
0 0.41796875 0.453125 0.06171875 0.0421875
0 0.4171875 0.4875 0.0640625 0.04140625
0 0.4171875 0.5203125 0.06328125 0.0375
0 0.415625 0.55546875 0.059375 0.0453125
0 0.415625 0.5890625 0.06171875 0.04140625
0 0.41640625 0.62265625 0.06015625 0.0421875
0 0.41640625 0.6546875 0.06328125 0.04296875
0 0.4171875 0.68671875 0.06171875 0.04453125
0 0.41953125 0.71953125 0.06015625 0.04296875
0 0.4203125 0.74921875 0.059375 0.04296875
0 0.4203125 0.78046875 0.05859375 0.0453125
0 0.421875 0.81171875 0.05625 0.04296875
0 0.42265625 0.84140625 0.05625 0.046875
0 0.48359375 0.11953125 0.0671875 0.04296875
0 0.48515625 0.1625 0.06953125 0.04140625
0 0.4859375 0.2 0.0703125 0.04140625
0 0.484375 0.2390625 0.06953125 0.03984375
0 0.484375 0.2765625 0.06953125 0.0421875
0 0.48359375 0.31484375 0.06640625 0.04453125
0 0.48359375 0.35078125 0.0671875 0.04140625
0 0.484375 0.3859375 0.06796875 0.04296875
0 0.48359375 0.42265625 0.065625 0.0390625
0 0.48359375 0.45859375 0.0640625 0.04296875
0 0.48359375 0.49375 0.065625 0.0421875
0 0.4828125 0.5296875 0.06484375 0.05
0 0.48125 0.565625 0.0671875 0.04140625
0 0.4796875 0.59921875 0.0625 0.046875
0 0.48046875 0.63359375 0.06328125 0.04921875
0 0.48125 0.665625 0.0625 0.0484375
0 0.48046875 0.7 0.06328125 0.046875
0 0.48125 0.73203125 0.06328125 0.0484375
0 0.4828125 0.7625 0.065625 0.04765625
0 0.4828125 0.79375 0.06328125 0.0484375
0 0.48359375 0.82421875 0.06328125 0.04765625
0 0.484375 0.85859375 0.06328125 0.053125
0 0.55703125 0.1109375 0.0765625 0.04609375
0 0.5578125 0.153125 0.07734375 0.04140625
0 0.559375 0.19375 0.075 0.04375
0 0.55625 0.23515625 0.07578125 0.040625
0 0.55703125 0.27578125 0.0734375 0.04140625
0 0.55625 0.3140625 0.075 0.0453125
0 0.5546875 0.35234375 0.07109375 0.04453125
0 0.55546875 0.38828125 0.071875 0.0453125
0 0.5546875 0.4265625 0.07109375 0.040625
0 0.55390625 0.46484375 0.0703125 0.04765625
0 0.55234375 0.5015625 0.07109375 0.05
0 0.5515625 0.53515625 0.06875 0.0453125
0 0.5484375 0.571875 0.0671875 0.046875
0 0.546875 0.60859375 0.0671875 0.0484375
0 0.54765625 0.64140625 0.06875 0.0453125
0 0.54765625 0.678125 0.06953125 0.04765625
0 0.54765625 0.71328125 0.06875 0.05078125
0 0.54921875 0.74921875 0.06796875 0.053125
0 0.5484375 0.7828125 0.065625 0.0453125
0 0.55 0.8125 0.06640625 0.04921875
0 0.55 0.84296875 0.06640625 0.0484375
0 0.5515625 0.87890625 0.0671875 0.05546875
0 0.01796875 0.87421875 0.034375 0.0328125
0 0.0625 0.890625 0.04609375 0.03828125
0 0.0640625 0.91484375 0.0453125 0.0421875
0 0.0640625 0.93515625 0.04296875 0.0421875
0 0.0640625 0.9546875 0.04453125 0.04140625
0 0.06484375 0.9765625 0.0453125 0.04453125
0 0.11171875 0.90625 0.05078125 0.0375
0 0.11171875 0.92734375 0.05 0.04140625
0 0.11171875 0.9515625 0.04609375 0.04296875
0 0.11328125 0.9734375 0.04609375 0.04140625
0 0.11171875 0.98828125 0.0453125 0.02265625
0 0.16875 0.915625 0.05546875 0.0421875
0 0.16875 0.9421875 0.0578125 0.04140625
0 0.16875 0.96484375 0.05546875 0.04296875
0 0.1671875 0.98203125 0.053125 0.03515625
0 0.01953125 0.9 0.0375 0.03671875
0 0.01953125 0.9203125 0.0375 0.034375
0 0.01953125 0.94140625 0.03828125 0.03515625
0 0.0203125 0.965625 0.0390625 0.0359375
0 0.33828125 0.96484375 0.06171875 0.053125
0 0.40234375 0.98125 0.0671875 0.0375
0 0.3375 0.9828125 0.06015625 0.03359375