0 0.0421875 0.03125 0.08359375 0.0375
0 0.0421875 0.06796875 0.084375 0.040625
0 0.04296875 0.10703125 0.08515625 0.03515625
0 0.04296875 0.1453125 0.08515625 0.03828125
0 0.04375 0.18359375 0.08671875 0.0328125
0 0.04296875 0.21796875 0.08515625 0.04140625
0 0.04375 0.25703125 0.08515625 0.03828125
0 0.04453125 0.2890625 0.08671875 0.03828125
0 0.0453125 0.32578125 0.090625 0.03515625
0 0.04609375 0.3640625 0.08984375 0.03671875
0 0.046875 0.396875 0.0890625 0.03515625
0 0.0484375 0.434375 0.08984375 0.034375
0 0.0484375 0.46953125 0.08828125 0.04140625
0 0.1390625 0.471875 0.08984375 0.040625
0 0.13828125 0.4359375 0.08828125 0.0390625
0 0.13671875 0.39609375 0.0921875 0.0390625
0 0.134375 0.3609375 0.08828125 0.04140625
0 0.134375 0.32578125 0.08515625 0.03828125
0 0.13203125 0.28984375 0.0875 0.04140625
0 0.1328125 0.2546875 0.08828125 0.0375
0 0.1328125 0.21796875 0.08828125 0.03515625
0 0.134375 0.18046875 0.08828125 0.0359375
0 0.13203125 0.14296875 0.090625 0.03828125
0 0.13203125 0.1046875 0.08984375 0.0359375
0 0.13125 0.065625 0.090625 0.03828125
0 0.1296875 0.028125 0.0921875 0.0390625
0 0.225 0.02890625 0.09453125 0.03828125
0 0.22421875 0.065625 0.09296875 0.03671875
0 0.225 0.10546875 0.0921875 0.04296875
0 0.225 0.14921875 0.09375 0.0375
0 0.22578125 0.18203125 0.09296875 0.0359375
0 0.2265625 0.21796875 0.09375 0.0328125
0 0.225 0.25390625 0.09453125 0.040625
0 0.2265625 0.290625 0.09375 0.0359375
0 0.228125 0.3265625 0.09375 0.03828125
0 0.228125 0.36015625 0.090625 0.0390625
0 0.2296875 0.39765625 0.090625 0.03828125
0 0.2375 0.43515625 0.09140625 0.0390625
0 0.23671875 0.47265625 0.0890625 0.0328125
0 0.328125 0.46640625 0.0921875 0.0359375
0 0.32890625 0.4296875 0.08828125 0.03515625
0 0.32421875 0.39375 0.09140625 0.03828125
0 0.321875 0.3578125 0.09140625 0.03828125
0 0.321875 0.32109375 0.0921875 0.03984375
0 0.3203125 0.28359375 0.090625 0.04140625
0 0.3203125 0.24609375 0.08828125 0.0359375
0 0.3203125 0.2109375 0.08984375 0.0390625
0 0.3203125 0.17265625 0.0921875 0.03984375
0 0.31953125 0.1328125 0.09453125 0.03984375
0 0.31953125 0.0953125 0.0921875 0.040625
0 0.31875 0.0578125 0.09453125 0.04296875
0 0.31953125 0.0203125 0.09296875 0.03984375
0 0.4171875 0.01953125 0.09296875 0.03515625
0 0.415625 0.05859375 0.09296875 0.040625
0 0.415625 0.09375 0.09375 0.04140625
0 0.41640625 0.13359375 0.09296875 0.04140625
0 0.41640625 0.1703125 0.09140625 0.03984375
0 0.41484375 0.20859375 0.09140625 0.0359375
0 0.415625 0.24453125 0.09296875 0.03515625
0 0.415625 0.28203125 0.09375 0.03671875
0 0.41640625 0.31796875 0.09140625 0.03828125
0 0.41640625 0.35546875 0.09140625 0.03828125
0 0.41875 0.39296875 0.08984375 0.03828125
0 0.4234375 0.42890625 0.09140625 0.034375
0 0.42265625 0.46484375 0.090625 0.03828125
0 0.25390625 0.96015625 0.2953125 0.0796875
0 0.56875 0.47109375 0.08984375 0.040625
0 0.56796875 0.4359375 0.090625 0.0390625
0 0.5671875 0.39921875 0.08984375 0.04140625
0 0.56953125 0.36484375 0.0890625 0.0390625
0 0.56875 0.328125 0.09140625 0.040625
0 0.56875 0.29375 0.09140625 0.0390625
0 0.56953125 0.25625 0.0921875 0.040625
0 0.56875 0.22109375 0.0921875 0.0390625
0 0.5703125 0.18203125 0.09296875 0.0453125
0 0.56875 0.14375 0.09296875 0.040625
0 0.56875 0.1078125 0.090625 0.0421875
0 0.5703125 0.07109375 0.08984375 0.0375
0 0.571875 0.03515625 0.090625 0.040625
0 0.6671875 0.02890625 0.09375 0.0375
0 0.66796875 0.06953125 0.09453125 0.04140625
0 0.66484375 0.10625 0.09296875 0.0375
0 0.6640625 0.14296875 0.0953125 0.03828125
0 0.66484375 0.18203125 0.09296875 0.0359375
0 0.66484375 0.21875 0.09296875 0.0375
0 0.66484375 0.25625 0.0921875 0.03984375
0 0.66484375 0.2921875 0.0921875 0.0359375
0 0.66484375 0.328125 0.09296875 0.0328125
0 0.6640625 0.365625 0.09453125 0.0359375
0 0.6625 0.4 0.09140625 0.03359375
0 0.66171875 0.43203125 0.09140625 0.03828125
0 0.66171875 0.4703125 0.0890625 0.0390625
0 0.75859375 0.4703125 0.0921875 0.0375
0 0.75703125 0.43671875 0.09296875 0.0421875
0 0.75703125 0.4 0.0921875 0.04296875
0 0.7578125 0.3640625 0.09140625 0.03671875
0 0.759375 0.32734375 0.0890625 0.040625
0 0.76015625 0.2890625 0.09296875 0.0390625
0 0.76015625 0.253125 0.0921875 0.0421875
0 0.76171875 0.21640625 0.0921875 0.03671875
0 0.76171875 0.17578125 0.0921875 0.0390625
0 0.7625 0.13984375 0.09296875 0.040625
0 0.76328125 0.10078125 0.09296875 0.040625
0 0.76484375 0.06328125 0.09375 0.04609375
0 0.76484375 0.02578125 0.09765625 0.0375
0 0.86171875 0.02109375 0.09296875 0.0375
0 0.8625 0.0609375 0.096875 0.03828125
0 0.86015625 0.09765625 0.0953125 0.0375
0 0.85859375 0.1390625 0.09296875 0.0390625
0 0.8578125 0.17578125 0.09296875 0.0375
0 0.85625 0.2125 0.0921875 0.03515625
0 0.85703125 0.24921875 0.0921875 0.0375
0 0.85546875 0.2828125 0.0921875 0.040625
0 0.85390625 0.321875 0.09453125 0.03828125
0 0.8546875 0.359375 0.0921875 0.040625
0 0.853125 0.39453125 0.090625 0.0375
0 0.853125 0.42890625 0.0953125 0.03828125
0 0.85390625 0.46484375 0.09375 0.04140625
0 0.95234375 0.46484375 0.09375 0.03359375
0 0.95078125 0.4328125 0.09375 0.0375
0 0.95234375 0.39296875 0.0953125 0.040625
0 0.95234375 0.35546875 0.09375 0.03828125
0 0.95234375 0.31796875 0.09140625 0.03515625
0 0.95234375 0.28359375 0.09375 0.04140625
0 0.953125 0.246875 0.0921875 0.0390625
0 0.953125 0.209375 0.09375 0.0375
0 0.953125 0.1734375 0.09375 0.0375
0 0.95390625 0.13515625 0.0921875 0.0359375
0 0.95390625 0.0984375 0.0921875 0.034375
0 0.95390625 0.06328125 0.0875 0.03671875
0 0.95546875 0.02421875 0.0890625 0.040625
0 0.55625 0.7640625 0.071875 0.040625
0 0.5609375 0.803125 0.07578125 0.0421875
0 0.56015625 0.83984375 0.07265625 0.0421875
0 0.55859375 0.87890625 0.071875 0.04140625
0 0.55703125 0.9125 0.07109375 0.0390625
0 0.55625 0.94765625 0.0765625 0.0421875
0 0.55625 0.98203125 0.07421875 0.03515625
0 0.63203125 0.7703125 0.07734375 0.0375
0 0.6359375 0.80625 0.07421875 0.04296875
0 0.634375 0.846875 0.07265625 0.0453125
0 0.634375 0.88125 0.07421875 0.03828125
0 0.6328125 0.91953125 0.07109375 0.03828125
0 0.63046875 0.95078125 0.0703125 0.0375
0 0.63125 0.9828125 0.07421875 0.03203125
0 0.71015625 0.77265625 0.0765625 0.03515625
0 0.71015625 0.80625 0.07265625 0.0375
0 0.70859375 0.84609375 0.07578125 0.040625
0 0.709375 0.88359375 0.07421875 0.03828125
0 0.70859375 0.91875 0.0765625 0.03671875
0 0.70859375 0.95390625 0.0796875 0.0375
0 0.7109375 0.9859375 0.07734375 0.028125
0 0.7875 0.77421875 0.078125 0.03984375
0 0.7890625 0.81015625 0.0765625 0.03828125
0 0.78515625 0.84609375 0.07578125 0.04296875
0 0.7859375 0.88203125 0.07421875 0.040625
0 0.784375 0.91875 0.071875 0.0421875
0 0.7859375 0.946875 0.06953125 0.03828125
0 0.7859375 0.98125 0.06640625 0.0375
0 0.8640625 0.7734375 0.07734375 0.04375
0 0.865625 0.81171875 0.07890625 0.04140625
0 0.8640625 0.846875 0.078125 0.04453125
0 0.8625 0.884375 0.07578125 0.04453125
0 0.86015625 0.91796875 0.07734375 0.04140625
0 0.859375 0.95625 0.0765625 0.0453125
0 0.9421875 0.77265625 0.0796875 0.04140625
0 0.94375 0.81015625 0.07734375 0.03984375
0 0.94140625 0.84765625 0.0765625 0.034375
0 0.93828125 0.88359375 0.078125 0.03671875
0 0.9375 0.91953125 0.07734375 0.034375
0 0.9359375 0.95625 0.075 0.03984375