0 0.028125 0.39453125 0.05546875 0.053125
0 0.0875 0.39375 0.06484375 0.053125
0 0.15390625 0.3921875 0.06875 0.053125
0 0.2234375 0.3921875 0.071875 0.05546875
0 0.0296875 0.4453125 0.05859375 0.04765625
0 0.02890625 0.49140625 0.05625 0.0484375
0 0.02734375 0.53671875 0.05390625 0.04765625
0 0.0265625 0.58359375 0.05234375 0.04921875
0 0.0265625 0.63046875 0.0515625 0.0453125
0 0.0265625 0.67421875 0.05234375 0.04921875
0 0.02734375 0.71953125 0.05390625 0.0484375
0 0.02890625 0.76640625 0.05625 0.05078125
0 0.0296875 0.815625 0.05859375 0.04765625
0 0.03046875 0.8609375 0.06015625 0.0484375
0 0.03046875 0.90546875 0.06015625 0.05078125
0 0.08984375 0.44453125 0.06328125 0.04921875
0 0.0875 0.49296875 0.06328125 0.0515625
0 0.08671875 0.5390625 0.06484375 0.04375
0 0.0859375 0.5828125 0.065625 0.05
0 0.08671875 0.6296875 0.065625 0.046875
0 0.08515625 0.67734375 0.06328125 0.0484375
0 0.08671875 0.7234375 0.06171875 0.0453125
0 0.0890625 0.7703125 0.06171875 0.04921875
0 0.0890625 0.8171875 0.06171875 0.04765625
0 0.08984375 0.8640625 0.0578125 0.053125
0 0.0890625 0.90859375 0.06171875 0.053125
0 0.15546875 0.91875 0.071875 0.0546875
0 0.1546875 0.86875 0.071875 0.053125
0 0.15390625 0.821875 0.06796875 0.053125
0 0.1546875 0.775 0.06953125 0.053125
0 0.153125 0.7265625 0.06953125 0.053125
0 0.153125 0.68125 0.0703125 0.05625
0 0.153125 0.634375 0.06953125 0.05234375
0 0.15390625 0.5859375 0.06875 0.05078125
0 0.1546875 0.5390625 0.06796875 0.0484375
0 0.15390625 0.49140625 0.0703125 0.0515625
0 0.15390625 0.4453125 0.06953125 0.04921875
0 0.22421875 0.4421875 0.07109375 0.053125
0 0.2234375 0.49140625 0.0703125 0.0484375
0 0.225 0.5375 0.06875 0.0484375
0 0.22421875 0.58515625 0.06875 0.05
0 0.22421875 0.63359375 0.06953125 0.046875
0 0.2234375 0.6828125 0.06953125 0.0484375
0 0.22421875 0.73125 0.06953125 0.0515625
0 0.22421875 0.78125 0.06953125 0.05078125
0 0.225 0.82890625 0.07109375 0.053125
0 0.22578125 0.87734375 0.0703125 0.05234375
0 0.228125 0.92578125 0.0734375 0.053125
0 0.36015625 0.48203125 0.07890625 0.05390625
0 0.36015625 0.53125 0.07734375 0.05390625
0 0.35703125 0.58515625 0.07890625 0.053125
0 0.35625 0.634375 0.0765625 0.0515625
0 0.3578125 0.6859375 0.07734375 0.05625
0 0.3578125 0.73671875 0.07890625 0.053125
0 0.35859375 0.78828125 0.08125 0.05546875
0 0.35546875 0.840625 0.07890625 0.05625
0 0.35625 0.8890625 0.07890625 0.06328125
0 0.353125 0.94140625 0.07890625 0.0640625
0 0.45625 0.484375 0.07578125 0.053125
0 0.45703125 0.53125 0.0734375 0.04921875
0 0.45625 0.58046875 0.07421875 0.053125
0 0.45546875 0.6296875 0.0734375 0.0484375
0 0.45546875 0.67890625 0.071875 0.05234375
0 0.459375 0.725 0.07734375 0.05546875
0 0.459375 0.77578125 0.07578125 0.05234375
0 0.45703125 0.82421875 0.07734375 0.05546875
0 0.45546875 0.8703125 0.075 0.05625
0 0.45546875 0.91796875 0.0765625 0.0578125
0 0.5359375 0.4828125 0.0765625 0.0515625
0 0.53359375 0.5328125 0.07578125 0.05078125
0 0.53359375 0.57890625 0.0765625 0.053125
0 0.5328125 0.62890625 0.0765625 0.05390625
0 0.5359375 0.678125 0.07890625 0.0515625
0 0.53515625 0.728125 0.07578125 0.046875
0 0.5328125 0.77734375 0.07265625 0.05078125
0 0.53203125 0.82578125 0.07734375 0.053125
0 0.53046875 0.8765625 0.075 0.05859375
0 0.53359375 0.9234375 0.075 0.053125
0 0.61171875 0.48125 0.07578125 0.05546875
0 0.61015625 0.53203125 0.0765625 0.0515625
0 0.6109375 0.58203125 0.07890625 0.05390625
0 0.6109375 0.63203125 0.07890625 0.0578125
0 0.61171875 0.684375 0.08203125 0.05859375
0 0.60859375 0.75859375 0.09140625 0.06484375
0 0.61015625 0.81640625 0.08984375 0.06484375
0 0.61015625 0.871875 0.08671875 0.065625
0 0.61328125 0.928125 0.08671875 0.0640625
0 0.61171875 0.97578125 0.0890625 0.0484375
0 0.69609375 0.47890625 0.09375 0.05546875
0 0.696875 0.53515625 0.09140625 0.05546875
0 0.6984375 0.5921875 0.09296875 0.06171875
0 0.7 0.64609375 0.09296875 0.05546875
0 0.7015625 0.70625 0.09453125 0.0609375
0 0.70390625 0.759375 0.0984375 0.059375
0 0.70546875 0.815625 0.0984375 0.06328125
0 0.7046875 0.87421875 0.0984375 0.065625
0 0.7046875 0.92890625 0.09765625 0.06484375
0 0.70546875 0.97578125 0.096875 0.0484375
0 0.9203125 0.24765625 0.1046875 0.04921875
0 0.9203125 0.28828125 0.10234375 0.03984375
0 0.91796875 0.328125 0.1046875 0.0390625
0 0.9171875 0.3640625 0.1046875 0.04140625
0 0.91484375 0.40234375 0.10625 0.0390625
0 0.9125 0.43984375 0.10625 0.03984375
0 0.91015625 0.48046875 0.10625 0.03671875
0 0.90703125 0.51953125 0.103125 0.0390625
0 0.90703125 0.5578125 0.10234375 0.0359375
0 0.90625 0.59375 0.1015625 0.03671875
0 0.9046875 0.6296875 0.103125 0.03671875
0 0.9046875 0.66640625 0.10078125 0.0296875
0 0.90390625 0.7 0.10234375 0.0390625
0 0.90234375 0.7390625 0.103125 0.03984375
0 0.9 0.7796875 0.1 0.0296875
0 0.90234375 0.8140625 0.10078125 0.03359375
0 0.89765625 0.8546875 0.1 0.046875
0 0.8984375 0.890625 0.103125 0.05
0 0.8953125 0.92734375 0.1 0.05546875
0 0.89453125 0.96328125 0.1 0.04609375
0 0.97421875 0.9734375 0.0515625 0.0390625
0 0.97421875 0.9359375 0.0515625 0.0421875
0 0.975 0.89921875 0.04765625 0.04296875
0 0.97578125 0.85859375 0.04765625 0.04140625
0 0.9765625 0.81953125 0.046875 0.04140625
0 0.978125 0.7828125 0.04375 0.0359375
0 0.97890625 0.74375 0.0421875 0.040625
0 0.97890625 0.703125 0.0421875 0.0390625
0 0.98046875 0.66484375 0.0390625 0.03125
0 0.9796875 0.625 0.040625 0.034375
0 0.9796875 0.58984375 0.040625 0.03125
0 0.98046875 0.55390625 0.0390625 0.0390625
0 0.98203125 0.51640625 0.0359375 0.0359375
0 0.9828125 0.4765625 0.03359375 0.03828125
0 0.98359375 0.43828125 0.03203125 0.03671875
0 0.9859375 0.39921875 0.028125 0.0375
0 0.9859375 0.3609375 0.02734375 0.0359375
0 0.98671875 0.32109375 0.02578125 0.0390625
0 0.98671875 0.28203125 0.02578125 0.0390625
0 0.9875 0.2421875 0.025 0.04140625