0 0.01953125 0.34921875 0.0375 0.05234375
0 0.0203125 0.39921875 0.040625 0.0515625
0 0.021875 0.44765625 0.0421875 0.0515625
0 0.02265625 0.49609375 0.0453125 0.04921875
0 0.025 0.54453125 0.0484375 0.05390625
0 0.12578125 0.0390625 0.075 0.0609375
0 0.128125 0.096875 0.07265625 0.0515625
0 0.128125 0.14375 0.07421875 0.05390625
0 0.128125 0.19609375 0.07421875 0.053125
0 0.12890625 0.2453125 0.075 0.05078125
0 0.12890625 0.29609375 0.07578125 0.0515625
0 0.12734375 0.35 0.0765625 0.05
0 0.12890625 0.40078125 0.075 0.05078125
0 0.13046875 0.4515625 0.075 0.04375
0 0.12890625 0.50390625 0.07578125 0.05078125
0 0.12890625 0.54921875 0.07578125 0.04140625
0 0.20546875 0.546875 0.07421875 0.05390625
0 0.20234375 0.496875 0.0703125 0.053125
0 0.20234375 0.44609375 0.0703125 0.05
0 0.20234375 0.396875 0.06875 0.05234375
0 0.20078125 0.34765625 0.06953125 0.05078125
0 0.2 0.29453125 0.06796875 0.05625
0 0.20078125 0.2421875 0.07265625 0.05859375
0 0.2015625 0.190625 0.07109375 0.053125
0 0.20078125 0.14140625 0.06953125 0.0546875
0 0.20078125 0.08515625 0.075 0.06171875
0 0.20078125 0.03046875 0.078125 0.053125
0 0.27734375 0.03359375 0.0828125 0.05234375
0 0.27578125 0.0859375 0.08359375 0.0546875
0 0.275 0.140625 0.08359375 0.053125
0 0.27578125 0.1890625 0.08046875 0.05546875
0 0.275 0.24375 0.08203125 0.05703125
0 0.275 0.29609375 0.08125 0.053125
0 0.275 0.3484375 0.0765625 0.0515625
0 0.27578125 0.4 0.075 0.05078125
0 0.27421875 0.45078125 0.07734375 0.04921875
0 0.27578125 0.5015625 0.07421875 0.0515625
0 0.2796875 0.5515625 0.071875 0.05859375
0 0.359375 0.03125 0.08515625 0.05078125
0 0.3578125 0.08203125 0.08359375 0.053125
0 0.3578125 0.1359375 0.08125 0.053125
0 0.3578125 0.190625 0.084375 0.05
0 0.3578125 0.24140625 0.0828125 0.05546875
0 0.35625 0.29453125 0.08125 0.05234375
0 0.353125 0.3484375 0.08125 0.05078125
0 0.35390625 0.403125 0.0828125 0.05234375
0 0.3546875 0.45390625 0.08203125 0.0515625
0 0.353125 0.50234375 0.07734375 0.04609375
0 0.35546875 0.55234375 0.07734375 0.04609375
0 0.43671875 0.5546875 0.0828125 0.05
0 0.43515625 0.5 0.0828125 0.05390625
0 0.43671875 0.45078125 0.08125 0.046875
0 0.4375 0.39921875 0.0828125 0.05234375
0 0.43828125 0.3453125 0.08359375 0.0484375
0 0.4390625 0.2921875 0.08125 0.0484375
0 0.4421875 0.240625 0.08125 0.05234375
0 0.4453125 0.1890625 0.0828125 0.0484375
0 0.44140625 0.1375 0.08359375 0.05546875
0 0.44296875 0.08125 0.08203125 0.05390625
0 0.4453125 0.028125 0.08671875 0.0515625
0 0.709375 0.403125 0.08828125 0.05625
0 0.70859375 0.45546875 0.0875 0.04921875
0 0.7046875 0.50546875 0.08671875 0.0515625
0 0.796875 0.40625 0.0890625 0.053125
0 0.7953125 0.45703125 0.09140625 0.04921875
0 0.7921875 0.50546875 0.0875 0.05234375
0 0.70546875 0.55546875 0.08515625 0.04921875
0 0.78984375 0.5578125 0.0890625 0.0515625
0 0.8859375 0.353125 0.08671875 0.05625
0 0.884375 0.40625 0.08671875 0.0484375
0 0.88359375 0.45625 0.08984375 0.0515625
0 0.8796875 0.50703125 0.08671875 0.05234375
0 0.8796875 0.56015625 0.08671875 0.05078125
0 0.9640625 0.3546875 0.07109375 0.05859375
0 0.9640625 0.41015625 0.071875 0.04453125
0 0.96015625 0.459375 0.07734375 0.0484375
0 0.9609375 0.5109375 0.07734375 0.04375
0 0.9609375 0.56015625 0.07421875 0.053125
0 0.1859375 0.92109375 0.0734375 0.0484375
0 0.26328125 0.921875 0.07890625 0.0484375
0 0.3390625 0.9265625 0.07421875 0.04921875
0 0.4140625 0.9296875 0.07421875 0.05078125
0 0.4890625 0.9359375 0.075 0.0515625
0 0.1890625 0.9671875 0.071875 0.05
0 0.2640625 0.971875 0.07734375 0.05
0 0.340625 0.975 0.07265625 0.05
0 0.4140625 0.97734375 0.07421875 0.0453125
0 0.48984375 0.98125 0.0796875 0.0375
0 0.69140625 0.35859375 0.07109375 0.0421875
0 0.775 0.3546875 0.0796875 0.04296875
1 0.76875 0.20234375 0.1109375 0.07109375
1 0.76640625 0.26875 0.11015625 0.07109375
1 0.74921875 0.74140625 0.12109375 0.06953125
1 0.615625 0.8046875 0.1359375 0.1
1 0.7484375 0.81875 0.128125 0.09375
1 0.61796875 0.72734375 0.1390625 0.05859375