0 0.76796875 0.8109375 0.0921875 0.07421875
0 0.92578125 0.85546875 0.0921875 0.09296875
0 0.92109375 0.896875 0.09609375 0.08828125
0 0.91796875 0.93515625 0.09609375 0.0828125
0 0.81953125 0.9140625 0.11328125 0.1
0 0.815625 0.95078125 0.11328125 0.0984375
0 0.821875 0.9703125 0.09296875 0.05859375
0 0.68515625 0.5421875 0.1140625 0.10390625
0 0.68203125 0.6234375 0.11328125 0.1015625
0 0.678125 0.70390625 0.10859375 0.11484375
0 0.67421875 0.77734375 0.10625 0.109375
0 0.6734375 0.85078125 0.1046875 0.1109375
0 0.6734375 0.91796875 0.1046875 0.1046875
0 0.66875 0.9640625 0.10234375 0.071875
0 0.5703125 0.48203125 0.13125 0.1109375
0 0.56484375 0.575 0.1234375 0.1046875
0 0.56328125 0.6578125 0.121875 0.11796875
0 0.5640625 0.73828125 0.11796875 0.11953125
0 0.5625 0.81875 0.12265625 0.115625
0 0.56171875 0.8921875 0.1203125 0.1171875
0 0.5625 0.953125 0.11796875 0.09375
0 0.42734375 0.4984375 0.14609375 0.11953125
0 0.428125 0.5984375 0.1421875 0.121875
0 0.428125 0.68984375 0.1390625 0.128125
0 0.4328125 0.77734375 0.1375 0.1328125
0 0.43515625 0.86328125 0.134375 0.12890625
0 0.43515625 0.93984375 0.13203125 0.1203125
0 0.44296875 0.97734375 0.11640625 0.04453125
0 0.23671875 0.74921875 0.1078125 0.084375
0 0.1234375 0.77734375 0.12265625 0.0875
0 0.2421875 0.80625 0.103125 0.0828125
0 0.2453125 0.8578125 0.1046875 0.08203125
0 0.24921875 0.9109375 0.10234375 0.08203125
0 0.253125 0.95625 0.1015625 0.0828125
0 0.26015625 0.98125 0.0890625 0.0375
0 0.12890625 0.8359375 0.115625 0.0890625
0 0.1328125 0.89375 0.11484375 0.084375
0 0.13828125 0.94765625 0.11171875 0.09140625
0 0.14375 0.9765625 0.1140625 0.046875
0 0.03125 0.79296875 0.0609375 0.08046875
0 0.034375 0.85546875 0.06796875 0.0765625
0 0.0375 0.9171875 0.075 0.07578125
0 0.040625 0.96640625 0.08125 0.06640625