0 0.98125 0.34921875 0.0375 0.05234375
0 0.9796875 0.39921875 0.040625 0.0515625
0 0.97890625 0.44765625 0.0421875 0.0515625
0 0.97734375 0.49609375 0.0453125 0.04921875
0 0.97578125 0.54453125 0.0484375 0.05390625
0 0.875 0.0390625 0.075 0.0609375
0 0.87265625 0.096875 0.07265625 0.0515625
0 0.871875 0.14375 0.07421875 0.05390625
0 0.871875 0.19609375 0.07421875 0.053125
0 0.87109375 0.2453125 0.075 0.05078125
0 0.871875 0.29609375 0.07578125 0.0515625
0 0.87265625 0.35 0.0765625 0.05
0 0.87109375 0.40078125 0.075 0.05078125
0 0.86953125 0.4515625 0.075 0.04375
0 0.87109375 0.50390625 0.07578125 0.05078125
0 0.871875 0.54921875 0.07578125 0.04140625
0 0.79453125 0.546875 0.07421875 0.05390625
0 0.79765625 0.496875 0.0703125 0.053125
0 0.79765625 0.44609375 0.0703125 0.05
0 0.7984375 0.396875 0.06875 0.05234375
0 0.79921875 0.34765625 0.06953125 0.05078125
0 0.80078125 0.29453125 0.06796875 0.05625
0 0.8 0.2421875 0.07265625 0.05859375
0 0.79921875 0.190625 0.07109375 0.053125
0 0.79921875 0.14140625 0.06953125 0.0546875
0 0.79921875 0.08515625 0.075 0.06171875
0 0.79921875 0.03046875 0.078125 0.053125
0 0.72265625 0.03359375 0.0828125 0.05234375
0 0.72421875 0.0859375 0.08359375 0.0546875
0 0.725 0.140625 0.08359375 0.053125
0 0.72421875 0.1890625 0.08046875 0.05546875
0 0.725 0.24375 0.08203125 0.05703125
0 0.725 0.29609375 0.08125 0.053125
0 0.72578125 0.3484375 0.0765625 0.0515625
0 0.72421875 0.4 0.075 0.05078125
0 0.72578125 0.45078125 0.07734375 0.04921875
0 0.72421875 0.5015625 0.07421875 0.0515625
0 0.7203125 0.5515625 0.071875 0.05859375
0 0.640625 0.03125 0.08515625 0.05078125
0 0.6421875 0.08203125 0.08359375 0.053125
0 0.6421875 0.1359375 0.08125 0.053125
0 0.6421875 0.190625 0.084375 0.05
0 0.64296875 0.24140625 0.0828125 0.05546875
0 0.64375 0.29453125 0.08125 0.05234375
0 0.646875 0.3484375 0.08125 0.05078125
0 0.646875 0.403125 0.0828125 0.05234375
0 0.6453125 0.45390625 0.08203125 0.0515625
0 0.646875 0.50234375 0.07734375 0.04609375
0 0.64453125 0.55234375 0.07734375 0.04609375
0 0.5640625 0.5546875 0.0828125 0.05
0 0.56484375 0.5 0.0828125 0.05390625
0 0.56328125 0.45078125 0.08125 0.046875
0 0.5625 0.39921875 0.0828125 0.05234375
0 0.5625 0.3453125 0.08359375 0.0484375
0 0.5609375 0.2921875 0.08125 0.0484375
0 0.5578125 0.240625 0.08125 0.05234375
0 0.55546875 0.1890625 0.0828125 0.0484375
0 0.55859375 0.1375 0.08359375 0.05546875
0 0.55703125 0.08125 0.08203125 0.05390625
0 0.5546875 0.028125 0.08671875 0.0515625
0 0.290625 0.403125 0.08828125 0.05625
0 0.2921875 0.45546875 0.0875 0.04921875
0 0.2953125 0.50546875 0.08671875 0.0515625
0 0.20390625 0.40625 0.0890625 0.053125
0 0.20546875 0.45703125 0.09140625 0.04921875
0 0.2078125 0.50546875 0.0875 0.05234375
0 0.29453125 0.55546875 0.08515625 0.04921875
0 0.21015625 0.5578125 0.0890625 0.0515625
0 0.11484375 0.353125 0.08671875 0.05625
0 0.115625 0.40625 0.08671875 0.0484375
0 0.11640625 0.45625 0.08984375 0.0515625
0 0.1203125 0.50703125 0.08671875 0.05234375
0 0.12109375 0.56015625 0.08671875 0.05078125
0 0.0359375 0.3546875 0.07109375 0.05859375
0 0.0359375 0.41015625 0.071875 0.04453125
0 0.03984375 0.459375 0.07734375 0.0484375
0 0.0390625 0.5109375 0.07734375 0.04375
0 0.0390625 0.56015625 0.07421875 0.053125
0 0.81484375 0.92109375 0.0734375 0.0484375
0 0.7375 0.921875 0.07890625 0.0484375
0 0.6609375 0.9265625 0.07421875 0.04921875
0 0.5859375 0.9296875 0.07421875 0.05078125
0 0.5109375 0.9359375 0.075 0.0515625
0 0.8109375 0.9671875 0.071875 0.05
0 0.73671875 0.971875 0.07734375 0.05
0 0.66015625 0.975 0.07265625 0.05
0 0.5859375 0.97734375 0.07421875 0.0453125
0 0.509375 0.98125 0.078125 0.0375
0 0.309375 0.35859375 0.07109375 0.0421875
0 0.225 0.3546875 0.0796875 0.04296875
1 0.23203125 0.20234375 0.1109375 0.07109375
1 0.23359375 0.26875 0.11015625 0.07109375
1 0.25078125 0.74140625 0.12109375 0.06953125
1 0.384375 0.8046875 0.1359375 0.1
1 0.25234375 0.81875 0.128125 0.09375
1 0.3828125 0.72734375 0.1390625 0.05859375