0 0.06171875 0.50859375 0.121875 0.10859375
0 0.06171875 0.596875 0.12265625 0.1046875
0 0.0640625 0.67734375 0.1265625 0.1109375
0 0.065625 0.75859375 0.13125 0.1125
0 0.071875 0.834375 0.13203125 0.12421875
0 0.0828125 0.90859375 0.12578125 0.10234375
0 0.06484375 0.16953125 0.06171875 0.04921875
0 0.0578125 0.1171875 0.06875 0.0625
0 0.05234375 0.06328125 0.06875 0.05546875
0 0.04453125 0.01796875 0.07109375 0.034375
0 0.2140625 0.5921875 0.084375 0.15546875
0 0.225 0.7203125 0.084375 0.14765625
0 0.23359375 0.83515625 0.075 0.1328125
0 0.240625 0.9421875 0.06953125 0.115625
0 0.28828125 0.61171875 0.08125 0.153125
0 0.2984375 0.74375 0.0796875 0.15546875
0 0.30390625 0.86015625 0.078125 0.13515625
0 0.309375 0.953125 0.07421875 0.09296875
0 0.3671875 0.6328125 0.084375 0.1640625
0 0.375 0.76875 0.0828125 0.1546875
0 0.37734375 0.89140625 0.0796875 0.14453125
0 0.3796875 0.9671875 0.075 0.065625
0 0.4515625 0.6578125 0.090625 0.1703125
0 0.4546875 0.8015625 0.0890625 0.1765625
0 0.45546875 0.92578125 0.0828125 0.14765625
0 0.5484375 0.6859375 0.1015625 0.1828125
0 0.5453125 0.83359375 0.09296875 0.17265625
0 0.54453125 0.94375 0.09609375 0.1125
0 0.7796875 0.57265625 0.1125 0.08671875
0 0.77109375 0.63203125 0.11328125 0.084375
0 0.765625 0.68828125 0.10859375 0.08828125
0 0.7609375 0.74453125 0.10625 0.084375
0 0.75625 0.796875 0.1046875 0.0765625
0 0.74921875 0.8515625 0.1046875 0.08203125
0 0.7453125 0.90390625 0.0984375 0.0765625
0 0.74375 0.946875 0.0984375 0.0765625
0 0.7375 0.97734375 0.096875 0.04453125
0 0.89375 0.5984375 0.121875 0.09375
0 0.88359375 0.65546875 0.12109375 0.090625
0 0.8734375 0.71796875 0.11875 0.0875
0 0.8671875 0.77109375 0.11796875 0.0875
0 0.85859375 0.82890625 0.115625 0.090625
0 0.853125 0.88203125 0.11171875 0.0875
0 0.846875 0.93515625 0.11328125 0.084375
0 0.8375 0.97109375 0.1046875 0.0578125
0 0.975 0.61328125 0.05 0.071875
0 0.96953125 0.68671875 0.0609375 0.06484375
0 0.9625 0.7390625 0.075 0.07421875
0 0.959375 0.8 0.08046875 0.084375
0 0.95546875 0.86015625 0.0890625 0.08203125
0 0.9515625 0.9171875 0.096875 0.084375
0 0.94453125 0.96484375 0.1109375 0.06953125
0 0.1796875 0.1734375 0.0796875 0.0625
0 0.175 0.11171875 0.0796875 0.06328125
0 0.1703125 0.0515625 0.08125 0.0625
0 0.246875 0.0515625 0.08125 0.06953125
0 0.25078125 0.11171875 0.0828125 0.06484375
0 0.25625 0.175 0.0828125 0.0609375
0 0.33203125 0.04609375 0.09453125 0.07109375
0 0.33515625 0.11328125 0.09140625 0.06484375
0 0.3375 0.17421875 0.0890625 0.06484375
0 0.42578125 0.0453125 0.09921875 0.06953125
0 0.42734375 0.1125 0.1 0.0671875
0 0.428125 0.18046875 0.09453125 0.06328125
0 0.5296875 0.0390625 0.11328125 0.0765625
0 0.53046875 0.11171875 0.109375 0.07734375
0 0.528125 0.18203125 0.10625 0.0671875
0 0.81328125 0.20859375 0.1796875 0.09140625
0 0.82890625 0.12421875 0.184375 0.090625
0 0.83359375 0.0421875 0.1859375 0.08359375
0 0.42265625 0.43359375 0.078125 0.15
0 0.54140625 0.415625 0.065625 0.10234375
0 0.60390625 0.42734375 0.05625 0.10859375