0 0.35 0.81328125 0.1671875 0.053125
0 0.14375 0.92265625 0.17265625 0.0671875
0 0.14765625 0.96953125 0.1703125 0.0609375
0 0.3234375 0.93984375 0.1796875 0.0625
0 0.3265625 0.978125 0.18046875 0.04296875
0 0.53828125 0.4625 0.146875 0.09765625
0 0.5375 0.55546875 0.1453125 0.09296875
0 0.5359375 0.64453125 0.14140625 0.0828125
0 0.534375 0.72421875 0.14140625 0.08203125
0 0.53203125 0.80546875 0.1390625 0.08046875
0 0.5296875 0.8796875 0.13359375 0.0765625
0 0.53203125 0.95234375 0.13203125 0.07578125
0 0.6921875 0.3796875 0.15234375 0.0984375
0 0.68671875 0.471875 0.15078125 0.0984375
0 0.6828125 0.559375 0.14453125 0.0953125
0 0.678125 0.646875 0.1453125 0.09140625
0 0.67578125 0.72734375 0.1390625 0.08515625
0 0.67109375 0.81015625 0.1421875 0.090625
0 0.6671875 0.8859375 0.1375 0.0796875
0 0.6640625 0.95859375 0.134375 0.0734375
0 0.8453125 0.37265625 0.15546875 0.09375
0 0.8375 0.4703125 0.15 0.09609375
0 0.83125 0.56484375 0.15234375 0.09296875
0 0.8234375 0.646875 0.14921875 0.09140625
0 0.81953125 0.734375 0.146875 0.09296875
0 0.81328125 0.81796875 0.1421875 0.090625
0 0.80859375 0.89140625 0.1375 0.08046875
0 0.8015625 0.96328125 0.1375 0.0734375
0 0.959375 0.978125 0.08046875 0.03671875
0 0.9625 0.9375 0.075 0.040625
0 0.9640625 0.896875 0.071875 0.046875
0 0.96796875 0.85859375 0.06328125 0.04453125
0 0.971875 0.8125 0.05625 0.046875
0 0.97578125 0.77421875 0.04765625 0.053125
0 0.97890625 0.725 0.0421875 0.04921875
0 0.98203125 0.67734375 0.0359375 0.05234375
0 0.98515625 0.62421875 0.0296875 0.05234375
0 0.98828125 0.571875 0.0234375 0.04765625
1 0.2890625 0.62578125 0.07265625 0.06484375
1 0.39765625 0.57578125 0.07109375 0.0578125
1 0.390625 0.646875 0.040625 0.06484375
1 0.43203125 0.6453125 0.040625 0.06484375