0 0.021875 0.890625 0.04375 0.0671875
0 0.02421875 0.9484375 0.04765625 0.06328125
0 0.09765625 0.88203125 0.10859375 0.06953125
0 0.0984375 0.93671875 0.1 0.071875
0 0.10078125 0.9796875 0.1078125 0.040625
0 0.2 0.8640625 0.0984375 0.06640625
0 0.20234375 0.92265625 0.0984375 0.071875
0 0.203125 0.9734375 0.1 0.053125
0 0.303125 0.83203125 0.1015625 0.06328125
0 0.30390625 0.88984375 0.09453125 0.06484375
0 0.3046875 0.94140625 0.09453125 0.0578125
0 0.30859375 0.978125 0.0984375 0.04296875
0 0.06953125 0.72421875 0.08515625 0.0609375
0 0.15625 0.7125 0.0828125 0.05390625
0 0.23984375 0.70390625 0.0765625 0.04140625
0 0.31640625 0.728125 0.084375 0.05625
0 0.7203125 0.61171875 0.2859375 0.13125
0 0.7140625 0.7140625 0.27734375 0.1328125
0 0.7 0.809375 0.275 0.1328125
0 0.70703125 0.89609375 0.26953125 0.13359375
0 0.7015625 0.95859375 0.2625 0.0828125
0 0.509375 0.08203125 0.10078125 0.0421875
0 0.509375 0.03828125 0.096875 0.0453125
0 0.609375 0.08515625 0.09609375 0.040625
0 0.61015625 0.04296875 0.09296875 0.040625
0 0.7125 0.046875 0.09296875 0.046875
0 0.7125 0.08984375 0.08984375 0.0359375
0 0.80625 0.04765625 0.0875 0.040625
0 0.80546875 0.09140625 0.08984375 0.040625
0 0.89453125 0.04921875 0.0828125 0.0390625
0 0.8953125 0.08828125 0.08125 0.034375
0 0.9609375 0.97109375 0.05703125 0.03671875
0 0.96171875 0.9390625 0.0578125 0.03359375
0 0.9625 0.91015625 0.05859375 0.03125
0 0.96484375 0.8796875 0.0578125 0.0296875
0 0.96640625 0.84765625 0.05703125 0.03359375
0 0.96953125 0.8171875 0.05546875 0.03046875
0 0.9734375 0.78671875 0.053125 0.0296875
0 0.97421875 0.75390625 0.0515625 0.034375
0 0.975 0.72421875 0.05 0.03203125
0 0.9765625 0.69453125 0.046875 0.034375
0 0.97734375 0.659375 0.0453125 0.0359375
0 0.97890625 0.62734375 0.0421875 0.03671875
0 0.98046875 0.59296875 0.0390625 0.03125
0 0.9828125 0.55859375 0.034375 0.03203125
0 0.9828125 0.52578125 0.034375 0.0359375
0 0.9828125 0.4921875 0.03359375 0.034375
0 0.984375 0.45703125 0.03046875 0.0359375
0 0.984375 0.42265625 0.03046875 0.040625
0 0.984375 0.38671875 0.03125 0.0359375
1 0.11484375 0.42578125 0.17265625 0.12265625
1 0.2546875 0.37890625 0.1078125 0.0734375
1 0.2796875 0.45703125 0.14609375 0.08515625
1 0.2828125 0.5390625 0.15390625 0.08203125
1 0.1234375 0.53671875 0.1703125 0.10390625