0 0.92890625 0.7234375 0.12578125 0.09375
0 0.921875 0.790625 0.121875 0.08828125
0 0.91640625 0.84921875 0.1234375 0.0890625
0 0.91171875 0.91015625 0.1203125 0.090625
0 0.90703125 0.96015625 0.12109375 0.0796875
0 0.640625 0.16875 0.10859375 0.05546875
0 0.6375 0.11484375 0.103125 0.071875
0 0.640625 0.04765625 0.10859375 0.06015625
0 0.5375 0.05390625 0.09609375 0.0578125
0 0.53515625 0.11171875 0.09921875 0.06015625
0 0.5359375 0.1703125 0.09921875 0.05234375
0 0.44296875 0.0625 0.0875 0.05625
0 0.43984375 0.121875 0.08828125 0.05859375
0 0.44140625 0.17421875 0.08671875 0.04921875
0 0.359375 0.0625 0.08125 0.053125
0 0.36015625 0.12109375 0.07890625 0.05546875
0 0.3609375 0.1734375 0.0765625 0.04921875
0 0.19609375 0.1765625 0.07421875 0.05390625
0 0.196875 0.12421875 0.0796875 0.05625
0 0.190625 0.06953125 0.0796875 0.05625
0 0.1171875 0.07421875 0.07265625 0.05546875
0 0.1234375 0.125 0.07109375 0.05
0 0.12578125 0.175 0.07109375 0.05234375
0 0.05078125 0.07265625 0.0671875 0.05
0 0.05390625 0.125 0.07109375 0.05
0 0.05703125 0.175 0.0671875 0.05234375
0 0.184375 0.01875 0.0765625 0.03671875
0 0.1125 0.0234375 0.07265625 0.04453125
0 0.04609375 0.0234375 0.06953125 0.04453125
0 0.35859375 0.0203125 0.0828125 0.0390625
0 0.44453125 0.01796875 0.08671875 0.034375
0 0.646875 0.8765625 0.09453125 0.078125
0 0.64453125 0.92578125 0.09296875 0.07578125
0 0.6421875 0.9640625 0.090625 0.071875
0 0.55546875 0.86015625 0.08671875 0.06953125
0 0.553125 0.9109375 0.08828125 0.07421875
0 0.5515625 0.95390625 0.084375 0.08046875
0 0.54609375 0.98046875 0.0765625 0.0390625
0 0.471875 0.83046875 0.078125 0.07421875
0 0.47109375 0.8796875 0.0765625 0.0734375
0 0.46953125 0.9265625 0.0796875 0.07578125
0 0.46875 0.96796875 0.075 0.0640625
0 0.39609375 0.809375 0.07109375 0.06640625
0 0.39609375 0.85546875 0.07109375 0.06640625
0 0.39609375 0.9 0.075 0.06484375
0 0.39765625 0.94609375 0.06953125 0.06484375
0 0.39609375 0.97734375 0.0671875 0.0453125
0 0.3328125 0.78203125 0.0578125 0.0671875
0 0.33203125 0.8171875 0.0578125 0.053125
0 0.33046875 0.8671875 0.05625 0.07421875
0 0.3328125 0.91328125 0.05625 0.0796875
0 0.3328125 0.95234375 0.05625 0.06875
0 0.33359375 0.98515625 0.04921875 0.0296875
0 0.2140625 0.60546875 0.065625 0.0625
0 0.215625 0.64921875 0.0625 0.0625
0 0.2171875 0.6953125 0.0640625 0.06328125
0 0.2203125 0.73671875 0.06328125 0.0578125
0 0.221875 0.78203125 0.06484375 0.06015625
0 0.22578125 0.82109375 0.065625 0.06015625
0 0.2265625 0.86328125 0.0640625 0.05859375
0 0.23046875 0.903125 0.06484375 0.06015625
0 0.23359375 0.9484375 0.0609375 0.0578125
0 0.23515625 0.9765625 0.059375 0.046875
0 0.15078125 0.58203125 0.0640625 0.05390625
0 0.1515625 0.6296875 0.06328125 0.05625
0 0.1546875 0.67109375 0.06328125 0.0609375
0 0.1578125 0.71875 0.06171875 0.06015625
0 0.159375 0.76328125 0.0625 0.04921875
0 0.1625 0.79765625 0.0578125 0.05546875
0 0.165625 0.83515625 0.05625 0.06015625
0 0.16953125 0.8765625 0.05546875 0.05625
0 0.171875 0.9140625 0.0578125 0.06015625
0 0.175 0.9515625 0.05625 0.05390625
0 0.1765625 0.98046875 0.053125 0.0390625
0 0.0921875 0.5640625 0.0578125 0.05546875
0 0.09296875 0.6078125 0.05625 0.05625
0 0.09453125 0.6484375 0.05625 0.05625
0 0.096875 0.69140625 0.05625 0.05546875
0 0.1 0.734375 0.0546875 0.04921875
0 0.10390625 0.7703125 0.05625 0.05859375
0 0.10390625 0.8125 0.05625 0.06328125
0 0.10859375 0.8515625 0.0578125 0.0625
0 0.11328125 0.8953125 0.05625 0.06953125
0 0.1171875 0.93828125 0.0578125 0.0609375
0 0.11953125 0.9703125 0.05625 0.05546875
0 0.0375 0.5515625 0.05234375 0.05625
0 0.0390625 0.59296875 0.05390625 0.06015625
0 0.0421875 0.63359375 0.05625 0.06015625
0 0.0453125 0.67109375 0.05078125 0.05625
0 0.046875 0.71015625 0.0515625 0.0578125
0 0.0515625 0.75 0.05 0.0578125
0 0.05234375 0.79453125 0.04921875 0.06328125
0 0.05703125 0.8328125 0.04765625 0.05234375
0 0.05859375 0.86484375 0.0484375 0.05859375
0 0.06171875 0.9015625 0.04765625 0.06015625
0 0.06875 0.946875 0.0453125 0.06015625
0 0.06796875 0.9671875 0.04453125 0.04765625
1 0.696875 0.5015625 0.12890625 0.08203125
1 0.57734375 0.48515625 0.11328125 0.078125
1 0.69140625 0.5796875 0.13359375 0.08671875
1 0.55859375 0.54765625 0.12578125 0.06875