0 0.9765625 0.02734375 0.04609375 0.053125
0 0.97734375 0.07890625 0.0453125 0.0578125
0 0.97734375 0.1359375 0.0453125 0.05625
0 0.978125 0.19453125 0.04375 0.0609375
0 0.9765625 0.25390625 0.04609375 0.05859375
0 0.97578125 0.31171875 0.04765625 0.0609375
0 0.97578125 0.3703125 0.0484375 0.06015625
0 0.97578125 0.42890625 0.04765625 0.05703125
0 0.97578125 0.4828125 0.04765625 0.05859375
0 0.9765625 0.54453125 0.04609375 0.06328125
0 0.97578125 0.6 0.0484375 0.05625
0 0.91328125 0.02578125 0.08203125 0.05
0 0.91484375 0.078125 0.08515625 0.0640625
0 0.915625 0.13359375 0.08203125 0.059375
0 0.9140625 0.19296875 0.07890625 0.0671875
0 0.91484375 0.253125 0.07734375 0.06015625
0 0.9125 0.309375 0.0796875 0.06171875
0 0.91328125 0.3703125 0.0796875 0.06328125
0 0.91171875 0.4265625 0.08046875 0.05546875
0 0.91015625 0.48203125 0.084375 0.05625
0 0.9140625 0.54296875 0.0796875 0.0640625
0 0.91171875 0.603125 0.0828125 0.05625
0 0.76875 0.2375 0.07734375 0.065625
0 0.76953125 0.30078125 0.071875 0.0609375
0 0.76875 0.359375 0.075 0.0640625
0 0.76875 0.41875 0.075 0.06171875
0 0.76875 0.478125 0.07421875 0.0609375
0 0.76875 0.53515625 0.0765625 0.05859375
0 0.7703125 0.59765625 0.07890625 0.059375
0 0.68359375 0.22265625 0.0921875 0.0765625
0 0.6859375 0.29140625 0.09140625 0.0640625
0 0.6859375 0.35390625 0.0890625 0.065625
0 0.6859375 0.4171875 0.08828125 0.06171875
0 0.6859375 0.4765625 0.08828125 0.06171875
0 0.68515625 0.540625 0.0890625 0.05546875
0 0.68515625 0.6046875 0.0890625 0.06953125
0 0.5859375 0.21640625 0.1 0.07109375
0 0.5875 0.28125 0.0984375 0.071875
0 0.58984375 0.35078125 0.1 0.06953125
0 0.5875 0.4125 0.103125 0.06484375
0 0.59140625 0.47734375 0.0953125 0.06796875
0 0.58671875 0.54296875 0.10078125 0.06796875
0 0.57578125 0.6109375 0.1 0.0640625
0 0.484375 0.20390625 0.10234375 0.078125
0 0.484375 0.2734375 0.103125 0.07734375
0 0.48515625 0.340625 0.1046875 0.06796875
0 0.4828125 0.40625 0.1078125 0.071875
0 0.484375 0.47578125 0.103125 0.0703125
0 0.478125 0.540625 0.10625 0.065625
0 0.471875 0.6109375 0.1046875 0.07265625
0 0.3703125 0.20390625 0.11015625 0.07734375
0 0.371875 0.27578125 0.1078125 0.08671875
0 0.37109375 0.33984375 0.109375 0.0671875
0 0.36640625 0.403125 0.1109375 0.0734375
0 0.3625 0.471875 0.1109375 0.0703125
0 0.3609375 0.54140625 0.11484375 0.06953125
0 0.359375 0.60546875 0.1125 0.06953125