0 0.9296875 0.05390625 0.09609375 0.06640625
0 0.8359375 0.0546875 0.09609375 0.0671875
0 0.7421875 0.06171875 0.096875 0.06953125
0 0.65 0.0625 0.0921875 0.0671875
0 0.56171875 0.06875 0.0890625 0.06484375
0 0.93125 0.115625 0.1 0.05625
0 0.83828125 0.115625 0.09453125 0.05546875
0 0.74375 0.12109375 0.09453125 0.05625
0 0.65078125 0.1234375 0.09296875 0.0578125
0 0.5609375 0.12734375 0.08828125 0.05859375
0 0.93125 0.16953125 0.09453125 0.0609375
0 0.83828125 0.171875 0.09296875 0.05859375
0 0.74375 0.178125 0.0921875 0.05859375
0 0.65078125 0.18046875 0.09296875 0.05859375
0 0.5609375 0.1859375 0.08828125 0.06015625
0 0.9328125 0.23125 0.09296875 0.0578125
0 0.83828125 0.23125 0.09296875 0.0578125
0 0.74375 0.23671875 0.09453125 0.05546875
0 0.65078125 0.2390625 0.08984375 0.05625
0 0.56328125 0.2421875 0.0921875 0.053125
0 0.9328125 0.290625 0.09453125 0.06015625
0 0.8390625 0.29140625 0.0953125 0.0609375
0 0.74375 0.29375 0.09453125 0.05625
0 0.65234375 0.2953125 0.09296875 0.05390625
0 0.56328125 0.29765625 0.090625 0.0609375
0 0.93359375 0.3484375 0.096875 0.05625
0 0.83828125 0.35 0.09453125 0.06015625
0 0.74375 0.353125 0.09453125 0.0609375
0 0.65078125 0.35234375 0.09140625 0.05859375
0 0.56171875 0.3546875 0.0875 0.0578125
0 0.93125 0.40859375 0.09296875 0.05625
0 0.83671875 0.40703125 0.096875 0.05546875
0 0.74375 0.40859375 0.096875 0.05546875
0 0.65 0.4109375 0.09453125 0.05390625
0 0.56015625 0.41171875 0.090625 0.05625
0 0.928125 0.46640625 0.09296875 0.05625
0 0.83515625 0.46171875 0.096875 0.05546875
0 0.74140625 0.46484375 0.09609375 0.05390625
0 0.6484375 0.46796875 0.09453125 0.05625
0 0.55859375 0.46796875 0.08828125 0.05625
0 0.928125 0.52265625 0.0921875 0.05546875
0 0.83359375 0.521875 0.096875 0.06640625
0 0.740625 0.5234375 0.096875 0.06484375
0 0.646875 0.5265625 0.09453125 0.06015625
0 0.5578125 0.528125 0.090625 0.0609375
0 0.925 0.58203125 0.09453125 0.06328125
0 0.83203125 0.58203125 0.096875 0.0625
0 0.7375 0.58515625 0.0921875 0.05859375
0 0.64609375 0.58515625 0.09296875 0.05546875
0 0.55625 0.58671875 0.0890625 0.0578125
0 0.92421875 0.64453125 0.0953125 0.06328125
0 0.83046875 0.6453125 0.096875 0.05625
0 0.73671875 0.64296875 0.09765625 0.06015625
0 0.64609375 0.64140625 0.09140625 0.05546875
0 0.55625 0.6421875 0.09296875 0.05390625
0 0.39609375 0.1234375 0.090625 0.06328125
0 0.39296875 0.18125 0.08984375 0.05859375
0 0.39296875 0.23359375 0.08984375 0.05859375
0 0.39453125 0.28984375 0.09140625 0.06015625
0 0.39140625 0.346875 0.0921875 0.06015625
0 0.39140625 0.40234375 0.0921875 0.05859375
0 0.3921875 0.4609375 0.09140625 0.05625
0 0.3953125 0.51796875 0.0953125 0.05546875
0 0.39453125 0.5765625 0.09453125 0.05546875
0 0.39453125 0.6296875 0.09296875 0.0625
0 0.31484375 0.1578125 0.07109375 0.05546875
0 0.240625 0.1578125 0.08125 0.053125
0 0.16015625 0.15859375 0.07890625 0.0515625
0 0.31484375 0.2109375 0.06796875 0.04921875
0 0.23984375 0.2109375 0.0796875 0.04921875
0 0.16015625 0.21171875 0.07734375 0.04921875
0 0.31328125 0.259375 0.06953125 0.04921875
0 0.240625 0.26015625 0.07890625 0.04765625
0 0.16171875 0.2609375 0.0796875 0.04921875
0 0.31328125 0.31015625 0.06953125 0.053125
0 0.23984375 0.309375 0.0796875 0.05
0 0.1609375 0.3109375 0.07890625 0.05234375
0 0.31328125 0.36328125 0.0671875 0.0578125
0 0.23828125 0.3609375 0.0828125 0.05546875
0 0.15859375 0.35859375 0.0796875 0.0515625
0 0.3109375 0.4140625 0.07109375 0.0515625
0 0.2359375 0.41171875 0.0828125 0.05234375
0 0.31171875 0.4640625 0.07109375 0.05390625
0 0.2359375 0.465625 0.0828125 0.0515625
0 0.31171875 0.5171875 0.06953125 0.05546875
0 0.31328125 0.571875 0.06953125 0.05234375
0 0.3140625 0.621875 0.071875 0.05
0 0.23515625 0.515625 0.08125 0.05390625
0 0.2359375 0.56953125 0.0796875 0.05390625
0 0.2359375 0.6203125 0.078125 0.0515625
0 0.1125 0.39921875 0.08984375 0.0578125
0 0.10859375 0.45859375 0.08828125 0.05390625
0 0.11015625 0.515625 0.0890625 0.05390625
0 0.1109375 0.571875 0.08828125 0.05234375
0 0.10859375 0.6296875 0.09140625 0.06484375
0 0.04453125 0.1296875 0.08828125 0.06015625
0 0.04453125 0.184375 0.0875 0.0515625
0 0.0421875 0.2390625 0.084375 0.05546875
0 0.03984375 0.29375 0.0796875 0.0609375
0 0.03828125 0.35234375 0.07578125 0.053125
0 0.034375 0.4046875 0.06875 0.0578125
0 0.0328125 0.46015625 0.065625 0.05546875
0 0.03359375 0.51484375 0.0671875 0.06015625
0 0.034375 0.5703125 0.06796875 0.05546875
0 0.03203125 0.625 0.06328125 0.06015625