0 0.2890625 0.346875 0.31171875 0.1171875
0 0.29140625 0.45546875 0.3078125 0.121875
0 0.28046875 0.56015625 0.30625 0.11484375
0 0.30234375 0.65390625 0.29609375 0.1046875
0 0.296875 0.7484375 0.28984375 0.10390625
0 0.29921875 0.83828125 0.2859375 0.10234375
0 0.60625 0.11875 0.075 0.04140625
0 0.60859375 0.15859375 0.0734375 0.04140625
0 0.609375 0.1984375 0.075 0.0359375
0 0.60703125 0.23671875 0.07265625 0.040625
0 0.60703125 0.275 0.0734375 0.040625
0 0.6046875 0.31171875 0.0734375 0.04140625
0 0.6046875 0.34765625 0.07109375 0.03984375
0 0.603125 0.38671875 0.071875 0.0390625
0 0.6015625 0.4234375 0.071875 0.0359375
0 0.6 0.4578125 0.07109375 0.03828125
0 0.6 0.4953125 0.07109375 0.03828125
0 0.5984375 0.52890625 0.071875 0.034375
0 0.5953125 0.5625 0.06953125 0.0328125
0 0.5953125 0.5984375 0.071875 0.034375
0 0.59296875 0.63046875 0.07109375 0.03359375
0 0.5921875 0.66484375 0.06953125 0.034375
0 0.5921875 0.69921875 0.06875 0.03125
0 0.59140625 0.73125 0.06953125 0.03515625
0 0.59296875 0.7640625 0.0671875 0.03359375
0 0.59296875 0.79765625 0.06875 0.0328125
0 0.59375 0.83125 0.0640625 0.03125
0 0.59375 0.8609375 0.06484375 0.028125
0 0.659375 0.85390625 0.06640625 0.03125
0 0.6609375 0.821875 0.0703125 0.03359375
0 0.66171875 0.79140625 0.06796875 0.034375
0 0.6609375 0.76015625 0.0671875 0.03359375
0 0.66015625 0.72734375 0.06796875 0.03515625
0 0.6609375 0.69453125 0.06796875 0.03203125
0 0.66171875 0.6640625 0.06953125 0.034375
0 0.6625 0.63046875 0.0703125 0.034375
0 0.66484375 0.5953125 0.06953125 0.03359375
0 0.6671875 0.56171875 0.06953125 0.03359375
0 0.66953125 0.52890625 0.06953125 0.03828125
0 0.67109375 0.49375 0.0703125 0.0359375
0 0.67109375 0.459375 0.06953125 0.0359375
0 0.6734375 0.4234375 0.07109375 0.0359375
0 0.6765625 0.3859375 0.071875 0.0375
0 0.67578125 0.3515625 0.071875 0.034375
0 0.678125 0.31171875 0.071875 0.0421875
0 0.68046875 0.2734375 0.07265625 0.04140625
0 0.68125 0.2359375 0.075 0.0390625
0 0.68203125 0.19765625 0.0765625 0.03671875
0 0.684375 0.159375 0.0734375 0.04140625
0 0.68359375 0.1203125 0.0765625 0.040625
0 0.75859375 0.1203125 0.0734375 0.0390625
0 0.759375 0.159375 0.07578125 0.040625
0 0.7578125 0.19921875 0.0734375 0.0390625
0 0.7546875 0.23671875 0.071875 0.03828125
0 0.75390625 0.27421875 0.07265625 0.03828125
0 0.75 0.3109375 0.07109375 0.03359375
0 0.75 0.346875 0.06875 0.04296875
0 0.74765625 0.38515625 0.0671875 0.0359375
0 0.746875 0.4203125 0.06484375 0.0359375
0 0.74296875 0.45625 0.0671875 0.03515625
0 0.74140625 0.49140625 0.06875 0.0328125
0 0.740625 0.52734375 0.0703125 0.0359375
0 0.73671875 0.56328125 0.06875 0.034375
0 0.734375 0.59453125 0.06953125 0.0359375
0 0.73125 0.62890625 0.06953125 0.034375
0 0.73125 0.6609375 0.06953125 0.03203125
0 0.7296875 0.6921875 0.06953125 0.0359375
0 0.728125 0.72578125 0.06875 0.03515625
0 0.728125 0.75859375 0.0671875 0.03359375
0 0.72890625 0.790625 0.06796875 0.0328125
0 0.7265625 0.821875 0.06484375 0.03359375
0 0.72734375 0.8515625 0.06484375 0.03125
0 0.83359375 0.121875 0.07265625 0.04140625
0 0.83125 0.159375 0.071875 0.03515625
0 0.8296875 0.2 0.06875 0.040625
0 0.82734375 0.23828125 0.06953125 0.0390625
0 0.8265625 0.27421875 0.06796875 0.04296875
0 0.821875 0.309375 0.0703125 0.03671875
0 0.81875 0.34765625 0.06953125 0.0359375
0 0.81640625 0.38203125 0.065625 0.03671875
0 0.81328125 0.41796875 0.0671875 0.03515625
0 0.8109375 0.4546875 0.06640625 0.0359375
0 0.8109375 0.4890625 0.06640625 0.03515625
0 0.80859375 0.52578125 0.06328125 0.034375
0 0.80546875 0.56015625 0.0671875 0.034375
0 0.803125 0.59296875 0.0671875 0.03515625
0 0.8 0.62578125 0.0640625 0.0359375
0 0.79921875 0.659375 0.065625 0.03125
0 0.796875 0.690625 0.06484375 0.034375
0 0.7953125 0.7234375 0.06328125 0.03203125
0 0.79375 0.75390625 0.0625 0.03125
0 0.79375 0.784375 0.06171875 0.03203125
0 0.79140625 0.8171875 0.0625 0.03203125
0 0.7921875 0.84453125 0.06328125 0.03203125
0 0.90546875 0.1234375 0.0734375 0.04375
0 0.90390625 0.1625 0.071875 0.04296875
0 0.9 0.196875 0.071875 0.04140625
0 0.89765625 0.2375 0.071875 0.04140625
0 0.89609375 0.2734375 0.06953125 0.040625
0 0.8921875 0.31171875 0.0703125 0.040625
0 0.8890625 0.34765625 0.0703125 0.0421875
0 0.88515625 0.38125 0.06875 0.03828125
0 0.88203125 0.41875 0.0671875 0.03828125
0 0.88125 0.453125 0.06953125 0.034375
0 0.87890625 0.48828125 0.065625 0.03671875
0 0.8765625 0.521875 0.06953125 0.03671875
0 0.87265625 0.55703125 0.06796875 0.03203125
0 0.86953125 0.58828125 0.0671875 0.034375
0 0.86640625 0.6234375 0.06484375 0.03125
0 0.86640625 0.65546875 0.0640625 0.034375
0 0.86328125 0.68828125 0.065625 0.03359375
0 0.86171875 0.7203125 0.0671875 0.03359375
0 0.859375 0.7484375 0.06484375 0.03515625
0 0.85859375 0.78046875 0.0640625 0.03359375
0 0.85625 0.81328125 0.06328125 0.034375
0 0.85703125 0.84140625 0.0625 0.03203125
0 0.91875 0.83984375 0.0640625 0.03359375
0 0.921875 0.80625 0.06875 0.03203125
0 0.92265625 0.77578125 0.06328125 0.03515625
0 0.92421875 0.74375 0.0671875 0.03125
0 0.925 0.715625 0.06171875 0.03125
0 0.928125 0.68515625 0.0640625 0.03671875
0 0.93203125 0.65 0.06796875 0.0375
0 0.9328125 0.6171875 0.0671875 0.03828125
0 0.9359375 0.58515625 0.06953125 0.034375
0 0.93984375 0.553125 0.06953125 0.0390625
0 0.9421875 0.51796875 0.0671875 0.0375
0 0.94609375 0.48359375 0.06953125 0.0359375
0 0.94921875 0.45078125 0.06875 0.0359375
0 0.9515625 0.415625 0.06953125 0.040625
0 0.9546875 0.37734375 0.0703125 0.0390625
0 0.959375 0.3421875 0.06796875 0.03515625
0 0.9625 0.30859375 0.065625 0.0390625
0 0.96484375 0.27109375 0.0703125 0.03984375
0 0.9671875 0.23359375 0.06484375 0.03984375
0 0.96875 0.1953125 0.0625 0.0421875
0 0.9703125 0.15859375 0.059375 0.04296875
0 0.97109375 0.121875 0.0578125 0.0359375
0 0.86640625 0.98515625 0.06640625 0.0296875
0 0.79609375 0.9890625 0.071875 0.02109375