0 0.021875 0.678125 0.04296875 0.06953125
0 0.02734375 0.74140625 0.053125 0.07421875
0 0.03125 0.80078125 0.06171875 0.0765625
0 0.03515625 0.86015625 0.06953125 0.078125
0 0.03828125 0.91171875 0.0765625 0.078125
0 0.040625 0.9609375 0.08125 0.078125
0 0.0984375 0.65859375 0.125 0.09609375
0 0.10859375 0.71484375 0.12109375 0.09609375
0 0.115625 0.77109375 0.11953125 0.09609375
0 0.1234375 0.8265625 0.115625 0.1015625
0 0.1296875 0.878125 0.11640625 0.09765625
0 0.134375 0.928125 0.115625 0.0953125
0 0.1453125 0.9640625 0.11328125 0.071875
0 0.2171875 0.62734375 0.109375 0.084375
0 0.221875 0.6828125 0.1078125 0.090625
0 0.22578125 0.73828125 0.1046875 0.090625
0 0.23203125 0.790625 0.103125 0.08828125
0 0.2359375 0.83984375 0.103125 0.090625
0 0.24140625 0.8875 0.103125 0.0890625
0 0.246875 0.93828125 0.0984375 0.090625
0 0.25234375 0.96640625 0.09765625 0.06640625
0 0.31875 0.60078125 0.1 0.08046875
0 0.32265625 0.65703125 0.096875 0.084375
0 0.32578125 0.7078125 0.09765625 0.08515625
0 0.32890625 0.75625 0.09453125 0.0796875
0 0.3328125 0.80390625 0.0921875 0.08203125
0 0.33671875 0.85 0.09296875 0.08046875
0 0.34140625 0.89375 0.08671875 0.0875
0 0.34296875 0.9359375 0.08515625 0.08203125
0 0.34453125 0.96796875 0.0859375 0.0640625
0 0.0609375 0.10546875 0.1203125 0.08046875
0 0.0578125 0.03515625 0.11484375 0.06796875
0 0.17734375 0.0359375 0.13125 0.0703125
0 0.1828125 0.10234375 0.1296875 0.06875
0 0.30625 0.1015625 0.11953125 0.071875
0 0.29921875 0.0375 0.11640625 0.06953125
0 0.61640625 0.07890625 0.284375 0.128125
0 0.521875 0.64609375 0.07890625 0.06328125
0 0.5140625 0.6984375 0.08125 0.06640625
0 0.515625 0.7453125 0.07890625 0.0671875
0 0.515625 0.79296875 0.0765625 0.06875
0 0.5140625 0.83671875 0.07578125 0.0671875
0 0.51484375 0.87890625 0.07734375 0.06875
0 0.5140625 0.9265625 0.07578125 0.0671875
0 0.5125 0.96328125 0.07109375 0.06640625
0 0.58359375 0.96640625 0.06640625 0.05859375
0 0.584375 0.928125 0.06953125 0.0671875
0 0.58515625 0.88984375 0.06953125 0.06875
0 0.58671875 0.84765625 0.0671875 0.071875
0 0.5875 0.809375 0.06953125 0.06640625
0 0.58984375 0.76328125 0.06953125 0.0671875
0 0.59140625 0.72109375 0.07109375 0.06484375
0 0.5921875 0.67734375 0.06953125 0.0625
0 0.5609375 0.5921875 0.06171875 0.0609375
0 0.62734375 0.578125 0.065625 0.06484375
0 0.6875 0.553125 0.0578125 0.06484375
0 0.66171875 0.65078125 0.06953125 0.06484375
0 0.6609375 0.69375 0.06875 0.06484375
0 0.659375 0.7359375 0.07109375 0.07109375
0 0.6578125 0.77890625 0.06796875 0.06484375
0 0.65703125 0.8203125 0.06953125 0.06640625
0 0.6546875 0.859375 0.06796875 0.06640625
0 0.6515625 0.89765625 0.065625 0.06953125
0 0.65078125 0.93515625 0.06484375 0.0671875
0 0.65 0.9671875 0.0609375 0.06484375
0 0.71015625 0.93828125 0.05546875 0.06484375
0 0.71328125 0.8984375 0.05625 0.0609375
0 0.71484375 0.8625 0.0578125 0.06484375
0 0.7171875 0.82734375 0.05625 0.06328125
0 0.7203125 0.78984375 0.0578125 0.05859375
0 0.721875 0.753125 0.0609375 0.06640625
0 0.725 0.7109375 0.059375 0.0609375
0 0.72578125 0.6703125 0.0609375 0.06484375
0 0.728125 0.6296875 0.059375 0.0609375
0 0.78828125 0.56796875 0.06328125 0.06484375
0 0.7875 0.61171875 0.0609375 0.0609375
0 0.784375 0.64921875 0.059375 0.0625
0 0.7828125 0.690625 0.05625 0.0578125
0 0.77890625 0.73046875 0.05546875 0.0609375
0 0.775 0.76640625 0.05390625 0.06015625
0 0.77265625 0.80546875 0.053125 0.05625
0 0.77109375 0.8390625 0.0546875 0.05390625
0 0.76953125 0.87109375 0.053125 0.0578125
0 0.76796875 0.9046875 0.0546875 0.05625
0 0.86953125 0.06640625 0.07578125 0.12421875
0 0.934375 0.0671875 0.06953125 0.11328125
0 0.98125 0.06875 0.0375 0.11171875