0 0.96875 0.390625 0.05234375 0.03671875
0 0.96953125 0.43515625 0.0515625 0.034375
0 0.96953125 0.4765625 0.05390625 0.04140625
0 0.96640625 0.51796875 0.0515625 0.046875
0 0.9640625 0.5609375 0.04921875 0.046875
0 0.96328125 0.60078125 0.0546875 0.04921875
0 0.96171875 0.64140625 0.05 0.046875
0 0.959375 0.67890625 0.04921875 0.04140625
0 0.96015625 0.7171875 0.0484375 0.04296875
0 0.95625 0.7578125 0.04765625 0.04453125
0 0.9515625 0.79296875 0.04609375 0.04296875
0 0.95 0.83046875 0.04609375 0.046875
0 0.91328125 0.3890625 0.0578125 0.034375
0 0.915625 0.43125 0.053125 0.04296875
0 0.91328125 0.4765625 0.05390625 0.0453125
0 0.9125 0.5203125 0.05625 0.046875
0 0.9109375 0.5625 0.0578125 0.0453125
0 0.909375 0.60625 0.05546875 0.05
0 0.90625 0.646875 0.05546875 0.05
0 0.90625 0.6921875 0.05390625 0.04921875
0 0.90703125 0.7296875 0.05078125 0.05546875
0 0.90546875 0.76875 0.04765625 0.0515625
0 0.9015625 0.80859375 0.05 0.046875
0 0.89921875 0.8453125 0.0484375 0.04921875
0 0.8578125 0.38515625 0.05390625 0.0390625
0 0.85703125 0.43046875 0.0578125 0.04296875
0 0.85703125 0.4765625 0.059375 0.0453125
0 0.85390625 0.52265625 0.05625 0.04453125
0 0.85234375 0.5703125 0.0578125 0.04921875
0 0.85234375 0.6125 0.05625 0.0515625
0 0.85078125 0.65859375 0.0546875 0.04921875
0 0.84921875 0.70078125 0.05546875 0.04921875
0 0.8484375 0.7421875 0.0546875 0.04921875
0 0.84765625 0.7859375 0.04921875 0.0515625
0 0.8453125 0.82578125 0.053125 0.0578125
0 0.84375 0.8671875 0.05234375 0.05625
0 0.7953125 0.39140625 0.06796875 0.05
0 0.79453125 0.4375 0.06796875 0.053125
0 0.79609375 0.4859375 0.0640625 0.0453125
0 0.79453125 0.53359375 0.0609375 0.05234375
0 0.7921875 0.58125 0.06328125 0.0515625
0 0.7921875 0.6265625 0.0609375 0.04765625
0 0.79453125 0.67109375 0.059375 0.05
0 0.79140625 0.71328125 0.06171875 0.05546875
0 0.78984375 0.7625 0.05625 0.06015625
0 0.78828125 0.803125 0.0546875 0.05
0 0.790625 0.84375 0.05234375 0.06015625
0 0.7875 0.88671875 0.0546875 0.0515625
0 0.6984375 0.20703125 0.065625 0.0625
0 0.696875 0.26171875 0.0671875 0.0578125
0 0.69296875 0.31796875 0.0671875 0.05625
0 0.69296875 0.3734375 0.06953125 0.04765625
0 0.69140625 0.42421875 0.07109375 0.05234375
0 0.6890625 0.478125 0.06875 0.04921875
0 0.68828125 0.5296875 0.06953125 0.05625
0 0.68828125 0.58203125 0.06640625 0.05859375
0 0.6875 0.6359375 0.065625 0.05625
0 0.68828125 0.68671875 0.0640625 0.06328125
0 0.68671875 0.7359375 0.06953125 0.06328125
0 0.684375 0.78828125 0.06953125 0.0671875
0 0.68359375 0.83671875 0.06640625 0.06328125
0 0.684375 0.8859375 0.06484375 0.06875
0 0.68359375 0.9328125 0.0640625 0.06640625
0 0.62734375 0.1984375 0.07890625 0.06640625
0 0.62265625 0.25859375 0.0765625 0.06328125
0 0.62109375 0.315625 0.0765625 0.0609375
0 0.61953125 0.3703125 0.07421875 0.05859375
0 0.61875 0.42890625 0.0734375 0.05390625
0 0.61796875 0.48203125 0.0734375 0.05546875
0 0.61796875 0.53515625 0.0765625 0.05859375
0 0.61640625 0.5921875 0.07421875 0.0609375
0 0.61796875 0.6453125 0.0765625 0.06484375
0 0.6171875 0.69921875 0.075 0.06328125
0 0.6171875 0.75078125 0.07421875 0.06484375
0 0.61484375 0.80390625 0.0734375 0.0734375
0 0.615625 0.8578125 0.0671875 0.0671875
0 0.6171875 0.90390625 0.07109375 0.06875
0 0.61640625 0.95703125 0.06875 0.06875
0 0.5453125 0.1875 0.084375 0.071875
0 0.54140625 0.25234375 0.0828125 0.06484375
0 0.53984375 0.3109375 0.084375 0.06328125
0 0.53984375 0.3703125 0.0828125 0.06484375
0 0.53828125 0.4296875 0.08671875 0.06015625
0 0.53984375 0.48671875 0.08125 0.0578125
0 0.5390625 0.53984375 0.07734375 0.06328125
0 0.53828125 0.6 0.0796875 0.0609375
0 0.5390625 0.65625 0.0796875 0.06640625
0 0.5390625 0.71015625 0.0796875 0.06875
0 0.53984375 0.76640625 0.078125 0.06640625
0 0.540625 0.8171875 0.0796875 0.06953125
0 0.53984375 0.87421875 0.07734375 0.071875
0 0.540625 0.928125 0.07734375 0.0734375
0 0.54140625 0.97109375 0.0796875 0.0578125
0 0.4546875 0.18203125 0.09453125 0.071875
0 0.4546875 0.24296875 0.0921875 0.06875
0 0.453125 0.3078125 0.09296875 0.06484375
0 0.453125 0.36796875 0.090625 0.0625
0 0.45234375 0.43046875 0.09296875 0.05546875
0 0.45234375 0.490625 0.0921875 0.05625
0 0.45390625 0.54921875 0.09453125 0.06328125
0 0.4546875 0.60859375 0.08984375 0.06640625
0 0.45390625 0.665625 0.08984375 0.0671875
0 0.4546875 0.725 0.08828125 0.0734375
0 0.45703125 0.7828125 0.0859375 0.07578125
0 0.45625 0.83984375 0.08828125 0.08203125
0 0.45859375 0.89609375 0.08671875 0.08046875
0 0.459375 0.9484375 0.08515625 0.08046875
0 0.46015625 0.98203125 0.084375 0.0359375
0 0.353125 0.1703125 0.103125 0.0765625
0 0.353125 0.23515625 0.103125 0.0734375
0 0.35390625 0.29921875 0.1046875 0.0734375
0 0.353125 0.3640625 0.103125 0.0671875
0 0.353125 0.43046875 0.103125 0.06484375
0 0.353125 0.49296875 0.10078125 0.06484375
0 0.35546875 0.55390625 0.09921875 0.06484375
0 0.35546875 0.6171875 0.10078125 0.06484375
0 0.35625 0.67734375 0.0984375 0.06953125
0 0.35859375 0.73828125 0.1 0.07578125
0 0.35859375 0.79765625 0.09921875 0.07734375
0 0.36015625 0.85703125 0.1 0.0734375
0 0.3640625 0.9125 0.103125 0.08046875
0 0.36328125 0.96484375 0.09921875 0.06953125
0 0.07578125 0.178125 0.15078125 0.0890625
0 0.07734375 0.25703125 0.1546875 0.0875
0 0.0796875 0.3375 0.15859375 0.078125
0 0.08125 0.415625 0.16171875 0.0875
0 0.08203125 0.490625 0.1625 0.09140625
0 0.0828125 0.56328125 0.16484375 0.0890625
0 0.0828125 0.6375 0.16484375 0.09609375
0 0.08203125 0.71328125 0.1625 0.10390625
0 0.084375 0.784375 0.1671875 0.1046875
0 0.08828125 0.85390625 0.1640625 0.1109375
0 0.08828125 0.928125 0.1640625 0.11171875
0 0.0875 0.9671875 0.1625 0.065625