0 0.9296875 0.5421875 0.13984375 0.09375
0 0.928125 0.61640625 0.14296875 0.09609375
0 0.9296875 0.68984375 0.13984375 0.1015625
0 0.92265625 0.7609375 0.1546875 0.11171875
0 0.92109375 0.828125 0.15625 0.11484375
0 0.9203125 0.89375 0.15859375 0.1234375
0 0.93125 0.1390625 0.07734375 0.04140625
0 0.9359375 0.1078125 0.07734375 0.040625
0 0.93828125 0.0796875 0.08125 0.0453125
0 0.94375 0.0515625 0.08125 0.046875
0 0.94453125 0.02109375 0.08125 0.04140625
0 0.8703125 0.034375 0.059375 0.0390625
0 0.86875 0.06484375 0.059375 0.0421875
0 0.865625 0.0984375 0.0609375 0.040625
0 0.8640625 0.12890625 0.05625 0.0390625
0 0.74921875 0.12734375 0.06640625 0.03828125
0 0.75078125 0.096875 0.0640625 0.03828125
0 0.75078125 0.06484375 0.06328125 0.0390625
0 0.753125 0.03125 0.06328125 0.0390625
0 0.6828125 0.0203125 0.07109375 0.0390625
0 0.68203125 0.053125 0.0734375 0.04140625
0 0.68125 0.08671875 0.07109375 0.03671875
0 0.68125 0.12265625 0.07109375 0.0421875
0 0.60390625 0.11640625 0.0765625 0.040625
0 0.60546875 0.08203125 0.07578125 0.040625
0 0.60703125 0.04453125 0.0765625 0.0515625
0 0.52265625 0.03125 0.0828125 0.0515625
0 0.52109375 0.06796875 0.0828125 0.0453125
0 0.5203125 0.1078125 0.08125 0.0421875
0 0.43125 0.09765625 0.0921875 0.0453125
0 0.4296875 0.0578125 0.09453125 0.046875
0 0.4296875 0.02109375 0.09296875 0.0421875
0 0.765625 0.38359375 0.04609375 0.03359375
0 0.7640625 0.415625 0.04375 0.034375
0 0.76328125 0.44921875 0.0453125 0.03046875
0 0.76171875 0.48046875 0.04765625 0.034375
0 0.76171875 0.51015625 0.04609375 0.0375
0 0.76015625 0.53984375 0.0453125 0.03671875
0 0.759375 0.56953125 0.04609375 0.0375
0 0.759375 0.5984375 0.04765625 0.03984375
0 0.759375 0.62890625 0.04609375 0.03984375
0 0.75859375 0.65859375 0.04375 0.0375
0 0.75859375 0.684375 0.040625 0.03359375
0 0.75625 0.71484375 0.0421875 0.0421875
0 0.75703125 0.74296875 0.04375 0.03984375
0 0.75625 0.76953125 0.0453125 0.0421875
0 0.7546875 0.8 0.04609375 0.0453125
0 0.7546875 0.82578125 0.04765625 0.0421875
0 0.753125 0.853125 0.04375 0.04296875
0 0.75234375 0.8796875 0.0453125 0.04453125
0 0.75078125 0.9078125 0.04375 0.04296875
0 0.7484375 0.9375 0.046875 0.04140625
0 0.746875 0.96484375 0.0453125 0.04609375
0 0.746875 0.9828125 0.0453125 0.03359375
0 0.71640625 0.38984375 0.05390625 0.03359375
0 0.7125 0.41953125 0.05234375 0.03828125
0 0.7125 0.45546875 0.053125 0.0375
0 0.7109375 0.48515625 0.05390625 0.03359375
0 0.7109375 0.51484375 0.04921875 0.03828125
0 0.71015625 0.5484375 0.05234375 0.03828125
0 0.71015625 0.57890625 0.0515625 0.040625
0 0.709375 0.609375 0.05078125 0.03984375
0 0.709375 0.63984375 0.05 0.0390625
0 0.709375 0.6703125 0.05 0.0375
0 0.7078125 0.7 0.05 0.0390625
0 0.70859375 0.72890625 0.0515625 0.0390625
0 0.7078125 0.75859375 0.0484375 0.03828125
0 0.70625 0.7859375 0.0484375 0.04140625
0 0.70625 0.81484375 0.0484375 0.0421875
0 0.70546875 0.8421875 0.04921875 0.0453125
0 0.7046875 0.871875 0.0484375 0.04140625
0 0.70390625 0.89921875 0.05078125 0.04296875
0 0.7015625 0.925 0.05078125 0.0421875
0 0.7 0.9515625 0.0484375 0.040625
0 0.70078125 0.97734375 0.046875 0.04140625
0 0.646875 0.975 0.0515625 0.0484375
0 0.659375 0.39140625 0.0578125 0.0375
0 0.65703125 0.425 0.05625 0.03671875
0 0.65703125 0.45859375 0.05546875 0.0390625
0 0.65546875 0.490625 0.05546875 0.04140625
0 0.65625 0.5234375 0.05625 0.04140625
0 0.65546875 0.55390625 0.05234375 0.0359375
0 0.6546875 0.58828125 0.05546875 0.04296875
0 0.65390625 0.61796875 0.05625 0.0453125
0 0.65390625 0.6515625 0.05390625 0.04140625
0 0.653125 0.678125 0.0546875 0.0421875
0 0.653125 0.71171875 0.05546875 0.04765625
0 0.65390625 0.740625 0.05390625 0.0421875
0 0.653125 0.7703125 0.05546875 0.04140625
0 0.653125 0.7921875 0.0546875 0.04296875
0 0.653125 0.83046875 0.053125 0.04765625
0 0.6515625 0.8609375 0.053125 0.04765625
0 0.65 0.88828125 0.05 0.04296875
0 0.65078125 0.915625 0.04609375 0.046875
0 0.64921875 0.94375 0.05 0.04765625
0 0.5984375 0.39921875 0.0625 0.034375
0 0.59765625 0.4296875 0.06171875 0.03828125
0 0.59765625 0.465625 0.0625 0.0421875
0 0.59609375 0.496875 0.059375 0.03984375
0 0.59609375 0.5328125 0.059375 0.040625
0 0.59609375 0.56484375 0.06015625 0.0390625
0 0.59609375 0.5953125 0.059375 0.0453125
0 0.5953125 0.6296875 0.05859375 0.0421875
0 0.59453125 0.659375 0.0578125 0.04453125
0 0.59375 0.6921875 0.05546875 0.04296875
0 0.59375 0.7234375 0.05703125 0.0453125
0 0.59375 0.75390625 0.0609375 0.04296875
0 0.59453125 0.78359375 0.05625 0.04140625
0 0.59453125 0.815625 0.05546875 0.04453125
0 0.5953125 0.846875 0.05546875 0.04453125
0 0.59609375 0.87890625 0.05546875 0.04453125
0 0.59375 0.90625 0.05390625 0.04140625
0 0.5953125 0.93515625 0.0578125 0.0453125
0 0.59375 0.9625 0.0609375 0.05
0 0.59296875 0.9828125 0.05859375 0.03359375
0 0.534375 0.40234375 0.0640625 0.03671875
0 0.5328125 0.43671875 0.06328125 0.04296875
0 0.5328125 0.47265625 0.0640625 0.0421875
0 0.53359375 0.50625 0.0640625 0.0453125
0 0.53359375 0.5390625 0.0640625 0.04296875
0 0.53515625 0.57421875 0.06328125 0.04296875
0 0.5328125 0.60859375 0.0625 0.04609375
0 0.53125 0.64296875 0.06328125 0.0453125
0 0.5328125 0.675 0.06328125 0.0421875
0 0.534375 0.70625 0.0609375 0.04765625
0 0.53359375 0.7375 0.06015625 0.04921875
0 0.53359375 0.7703125 0.06171875 0.04765625
0 0.534375 0.80078125 0.059375 0.04921875
0 0.53359375 0.83203125 0.0578125 0.04921875
0 0.53515625 0.8640625 0.06015625 0.04765625
0 0.534375 0.89296875 0.0578125 0.0515625
0 0.53359375 0.925 0.059375 0.0484375
0 0.5328125 0.9515625 0.05625 0.04921875
0 0.5328125 0.978125 0.0578125 0.04296875
0 0.46640625 0.40234375 0.06953125 0.0421875
0 0.465625 0.43828125 0.071875 0.04609375
0 0.4640625 0.4765625 0.06953125 0.046875
0 0.46484375 0.51171875 0.07265625 0.0453125
0 0.465625 0.54609375 0.071875 0.04453125
0 0.4671875 0.5828125 0.07109375 0.04921875
0 0.46640625 0.61640625 0.0703125 0.05234375
0 0.46640625 0.65078125 0.06640625 0.04921875
0 0.46640625 0.68359375 0.0640625 0.04296875
0 0.46796875 0.7171875 0.0640625 0.04921875
0 0.46875 0.75234375 0.06875 0.04765625
0 0.46796875 0.78359375 0.0671875 0.0484375
0 0.4703125 0.81484375 0.06875 0.05234375
0 0.471875 0.8484375 0.0625 0.05234375
0 0.471875 0.8796875 0.06328125 0.04375
0 0.471875 0.91171875 0.06171875 0.053125
0 0.471875 0.94375 0.06328125 0.05625
0 0.471875 0.96953125 0.0640625 0.05390625