0 0.11484375 0.49296875 0.071875 0.0390625
0 0.11328125 0.534375 0.071875 0.04765625
0 0.11484375 0.5703125 0.0734375 0.04296875
0 0.11875 0.6078125 0.06953125 0.04296875
0 0.12109375 0.64375 0.07421875 0.04453125
0 0.12421875 0.67734375 0.071875 0.05
0 0.12578125 0.71328125 0.075 0.04296875
0 0.12890625 0.7453125 0.07265625 0.0421875
0 0.12890625 0.77734375 0.06796875 0.0421875
0 0.134375 0.8078125 0.0625 0.0421875
0 0.13828125 0.83984375 0.06640625 0.04921875
0 0.13984375 0.8703125 0.06328125 0.04453125
0 0.1421875 0.9 0.06875 0.04921875
0 0.14609375 0.93203125 0.07265625 0.0578125
0 0.1484375 0.96328125 0.06796875 0.05546875
0 0.190625 0.50625 0.08125 0.046875
0 0.19140625 0.546875 0.0828125 0.05234375
0 0.19375 0.584375 0.084375 0.04921875
0 0.1953125 0.62109375 0.084375 0.053125
0 0.2015625 0.65703125 0.08125 0.0515625
0 0.2015625 0.69375 0.07890625 0.053125
0 0.20625 0.7296875 0.0796875 0.04921875
0 0.2078125 0.7640625 0.08125 0.0515625
0 0.20859375 0.7953125 0.07890625 0.0515625
0 0.21171875 0.83359375 0.0796875 0.053125
0 0.2140625 0.86484375 0.07578125 0.05
0 0.21640625 0.8984375 0.071875 0.05390625
0 0.2171875 0.93046875 0.071875 0.05234375
0 0.2203125 0.96015625 0.07265625 0.05234375
0 0.2171875 0.98203125 0.06796875 0.0359375
0 0.278125 0.5171875 0.09296875 0.046875
0 0.28125 0.55859375 0.09140625 0.04765625
0 0.28203125 0.6015625 0.0890625 0.0515625
0 0.28671875 0.63671875 0.0875 0.0515625
0 0.2875 0.67578125 0.0890625 0.05234375
0 0.2890625 0.7140625 0.084375 0.04921875
0 0.29140625 0.7515625 0.084375 0.0578125
0 0.290625 0.78359375 0.084375 0.05
0 0.29375 0.81953125 0.084375 0.053125
0 0.2953125 0.85859375 0.084375 0.053125
0 0.296875 0.8890625 0.084375 0.05625
0 0.296875 0.9234375 0.0828125 0.06015625
0 0.29921875 0.95859375 0.0828125 0.05234375
0 0.3 0.9828125 0.08125 0.034375
0 0.378125 0.525 0.103125 0.05234375
0 0.37734375 0.56875 0.09921875 0.0515625
0 0.3796875 0.61171875 0.0984375 0.05234375
0 0.3796875 0.64921875 0.09765625 0.05
0 0.3828125 0.68828125 0.09609375 0.05546875
0 0.38359375 0.73203125 0.09609375 0.05859375
0 0.3828125 0.76953125 0.09453125 0.0578125
0 0.384375 0.80625 0.09296875 0.06015625
0 0.3875 0.84296875 0.09296875 0.06015625
0 0.38671875 0.8796875 0.09296875 0.0578125
0 0.3890625 0.91171875 0.090625 0.05390625
0 0.390625 0.94921875 0.084375 0.05234375
0 0.3890625 0.97265625 0.0890625 0.05390625
0 0.48828125 0.58046875 0.10625 0.0609375
0 0.4859375 0.62265625 0.103125 0.05859375
0 0.4859375 0.665625 0.103125 0.06015625
0 0.4859375 0.70625 0.1015625 0.05859375
0 0.4875 0.7484375 0.1015625 0.06015625
0 0.4875 0.78828125 0.10234375 0.06015625
0 0.48671875 0.8265625 0.1 0.06015625
0 0.48671875 0.86640625 0.0984375 0.05859375
0 0.48828125 0.90390625 0.1 0.06328125
0 0.4875 0.93984375 0.0953125 0.0671875
0 0.4875 0.97109375 0.09296875 0.0578125
0 0.17578125 0.17734375 0.0734375 0.04921875
0 0.17265625 0.12578125 0.07734375 0.04921875
0 0.17109375 0.078125 0.0796875 0.04921875
0 0.16796875 0.03046875 0.0796875 0.04921875
0 0.246875 0.02578125 0.084375 0.0421875
0 0.25078125 0.07578125 0.0796875 0.04453125
0 0.25 0.1234375 0.08125 0.046875
0 0.2515625 0.1703125 0.078125 0.0390625
0 0.3328125 0.16875 0.084375 0.04921875
0 0.33359375 0.11953125 0.084375 0.04296875
0 0.3328125 0.06796875 0.08671875 0.05390625
0 0.33125 0.025 0.0859375 0.0453125
0 0.42421875 0.01875 0.0984375 0.0375
0 0.4234375 0.0625 0.09453125 0.0625
0 0.421875 0.1140625 0.096875 0.05859375
0 0.42265625 0.16484375 0.08984375 0.05625
0 0.01015625 0.47578125 0.01953125 0.03828125
0 0.01171875 0.509375 0.021875 0.03671875
0 0.0140625 0.5453125 0.0265625 0.0390625
0 0.01328125 0.57890625 0.025 0.0390625
0 0.01640625 0.615625 0.03125 0.0390625
0 0.0171875 0.64921875 0.034375 0.040625
0 0.01875 0.68046875 0.03671875 0.034375
0 0.0203125 0.71171875 0.040625 0.0421875
0 0.0234375 0.7453125 0.0453125 0.04296875
0 0.0234375 0.7765625 0.046875 0.04765625
0 0.025 0.80625 0.0484375 0.04296875
0 0.02578125 0.83515625 0.0515625 0.040625
0 0.02890625 0.86484375 0.05625 0.04921875
0 0.0296875 0.8953125 0.059375 0.04453125
0 0.03046875 0.92109375 0.0609375 0.0484375
0 0.03359375 0.94765625 0.065625 0.04765625
0 0.034375 0.97578125 0.065625 0.04765625