0 0.02578125 0.05078125 0.05078125 0.0671875
0 0.0265625 0.11484375 0.05234375 0.06328125
0 0.0265625 0.1796875 0.053125 0.0609375
0 0.0265625 0.24765625 0.053125 0.071875
0 0.0265625 0.30859375 0.05234375 0.06015625
0 0.02734375 0.36796875 0.05390625 0.06328125
0 0.0265625 0.42890625 0.053125 0.0609375
0 0.0265625 0.49296875 0.053125 0.0703125
0 0.1015625 0.05 0.1 0.0703125
0 0.103125 0.11484375 0.09921875 0.0671875
0 0.10390625 0.18046875 0.1 0.06328125
0 0.1046875 0.240625 0.10234375 0.06484375
0 0.10390625 0.30546875 0.103125 0.065625
0 0.10390625 0.3703125 0.1015625 0.06171875
0 0.10546875 0.43125 0.103125 0.06015625
0 0.10546875 0.49453125 0.1046875 0.071875
0 0.2015625 0.0515625 0.10234375 0.0703125
0 0.203125 0.115625 0.103125 0.065625
0 0.203125 0.18203125 0.1 0.06484375
0 0.20703125 0.24140625 0.0984375 0.06171875
0 0.20625 0.3046875 0.1 0.0671875
0 0.20703125 0.36953125 0.1015625 0.06484375
0 0.20703125 0.4328125 0.10234375 0.06171875
0 0.20859375 0.49609375 0.10078125 0.0640625
0 0.303125 0.05234375 0.1 0.0671875
0 0.3046875 0.11953125 0.10234375 0.06328125
0 0.3046875 0.18203125 0.10078125 0.06484375
0 0.30703125 0.24296875 0.1 0.06171875
0 0.3078125 0.30546875 0.1 0.065625
0 0.30859375 0.36796875 0.1 0.06328125
0 0.3078125 0.43046875 0.1 0.06171875
0 0.30859375 0.49765625 0.1 0.06484375
0 0.40234375 0.0578125 0.09609375 0.0640625
0 0.40546875 0.11953125 0.09765625 0.06171875
0 0.4078125 0.18203125 0.1 0.0609375
0 0.40703125 0.24609375 0.1 0.0640625
0 0.4078125 0.3078125 0.09609375 0.0609375
0 0.40859375 0.36875 0.0984375 0.06171875
0 0.40703125 0.4296875 0.0984375 0.06328125
0 0.40859375 0.49453125 0.09921875 0.05859375
0 0.565625 0.12265625 0.1 0.0609375
0 0.565625 0.18359375 0.1015625 0.06171875
0 0.56484375 0.24609375 0.1 0.06484375
0 0.56484375 0.30703125 0.09921875 0.05859375
0 0.5671875 0.36640625 0.096875 0.05703125
0 0.56640625 0.42578125 0.09609375 0.0578125
0 0.5640625 0.48828125 0.09765625 0.06171875
0 0.66640625 0.11484375 0.10078125 0.06484375
0 0.6671875 0.178125 0.1 0.065625
0 0.66640625 0.24140625 0.10078125 0.07265625
0 0.665625 0.3 0.10078125 0.06796875
0 0.6671875 0.36015625 0.10078125 0.06171875
0 0.66796875 0.42265625 0.10078125 0.05859375
0 0.671875 0.48828125 0.10078125 0.06171875
0 0.76640625 0.1125 0.1 0.0671875
0 0.76640625 0.17578125 0.09609375 0.06328125
0 0.76640625 0.2421875 0.096875 0.06484375
0 0.7671875 0.3 0.096875 0.0609375
0 0.76640625 0.3609375 0.0984375 0.06171875
0 0.77578125 0.425 0.10078125 0.06484375
0 0.7875 0.4875 0.1015625 0.0609375
0 0.865625 0.11015625 0.096875 0.06171875
0 0.86484375 0.171875 0.09296875 0.065625
0 0.8640625 0.2359375 0.096875 0.05859375
0 0.86640625 0.29765625 0.10078125 0.05625
0 0.86875 0.35625 0.09765625 0.06171875
0 0.87421875 0.4203125 0.0921875 0.06328125
0 0.884375 0.4875 0.0890625 0.06328125
0 0.9546875 0.12265625 0.08203125 0.06328125
0 0.95390625 0.1859375 0.08125 0.0578125
0 0.95703125 0.24453125 0.08515625 0.053125
0 0.95859375 0.30234375 0.0828125 0.0609375
0 0.959375 0.3640625 0.08125 0.0578125
0 0.96015625 0.421875 0.0796875 0.0625
0 0.965625 0.48515625 0.06875 0.06328125
0 0.02421875 0.95078125 0.04765625 0.0609375
0 0.1 0.946875 0.10234375 0.0703125
0 0.19921875 0.9453125 0.1 0.06484375
0 0.2984375 0.94140625 0.09765625 0.06796875
0 0.3953125 0.93671875 0.096875 0.0640625
0 0.65546875 0.98125 0.0890625 0.0375
0 0.74375 0.97890625 0.084375 0.0421875
0 0.8296875 0.97890625 0.08828125 0.0421875
1 0.528125 0.7578125 0.103125 0.11484375
1 0.3015625 0.69765625 0.0609375 0.04296875