0 0.015625 0.775 0.0296875 0.0453125
0 0.015625 0.73359375 0.03046875 0.046875
0 0.015625 0.69140625 0.0296875 0.04921875
0 0.01484375 0.64765625 0.02890625 0.0484375
0 0.01484375 0.6078125 0.028125 0.04609375
0 0.0140625 0.56328125 0.0265625 0.05
0 0.0140625 0.5203125 0.0265625 0.04296875
0 0.0125 0.47421875 0.025 0.04296875
0 0.0109375 0.43515625 0.02109375 0.0390625
0 0.05234375 0.434375 0.06015625 0.0421875
0 0.05546875 0.48046875 0.0546875 0.0421875
0 0.05546875 0.521875 0.05390625 0.04765625
0 0.05546875 0.5671875 0.05625 0.046875
0 0.0578125 0.61171875 0.053125 0.04765625
0 0.05859375 0.65703125 0.05546875 0.05078125
0 0.059375 0.69921875 0.05546875 0.05234375
0 0.0609375 0.74140625 0.05546875 0.0515625
0 0.06171875 0.78359375 0.05546875 0.05390625
0 0.11875 0.79609375 0.059375 0.05234375
0 0.11953125 0.75234375 0.059375 0.053125
0 0.11640625 0.71015625 0.059375 0.05390625
0 0.11484375 0.665625 0.0578125 0.04921875
0 0.1140625 0.61953125 0.0578125 0.0484375
0 0.1125 0.57578125 0.05859375 0.05078125
0 0.1125 0.5296875 0.0578125 0.04921875
0 0.11171875 0.48125 0.05625 0.0484375
0 0.1109375 0.43515625 0.05625 0.0515625
0 0.10625 0.38671875 0.05625 0.05390625
0 0.03671875 0.39375 0.04296875 0.03515625
0 0.07734375 0.38828125 0.0375 0.040625
0 0.30546875 0.5515625 0.059375 0.04296875
0 0.30546875 0.58515625 0.05859375 0.03984375
0 0.30625 0.61796875 0.05625 0.04140625
0 0.30625 0.6515625 0.05625 0.04453125
0 0.30625 0.684375 0.05625 0.04609375
0 0.3078125 0.71796875 0.05625 0.04453125
0 0.3078125 0.7515625 0.05546875 0.04296875
0 0.3078125 0.78359375 0.05625 0.04765625
0 0.3078125 0.815625 0.05390625 0.04453125
0 0.3078125 0.846875 0.05390625 0.04453125
0 0.36796875 0.5578125 0.06328125 0.0375
0 0.3671875 0.59140625 0.06328125 0.040625
0 0.36640625 0.6265625 0.06171875 0.04296875
0 0.365625 0.66171875 0.06015625 0.04140625
0 0.365625 0.69609375 0.06015625 0.04453125
0 0.365625 0.73046875 0.06328125 0.0421875
0 0.36640625 0.76484375 0.059375 0.04375
0 0.3671875 0.7984375 0.06015625 0.04453125
0 0.365625 0.83046875 0.059375 0.046875
0 0.365625 0.86328125 0.05703125 0.0421875
0 0.4328125 0.5625 0.065625 0.0390625
0 0.4328125 0.59453125 0.0640625 0.04140625
0 0.43125 0.63203125 0.06484375 0.04609375
0 0.4296875 0.66875 0.06484375 0.04296875
0 0.42890625 0.7046875 0.06328125 0.04453125
0 0.4296875 0.73984375 0.06328125 0.04140625
0 0.42890625 0.775 0.0640625 0.04453125
0 0.42890625 0.8109375 0.06328125 0.04765625
0 0.428125 0.8421875 0.0625 0.0421875
0 0.42734375 0.87578125 0.0640625 0.0453125
0 0.50234375 0.56328125 0.071875 0.0421875
0 0.5015625 0.6 0.07109375 0.04453125
0 0.49921875 0.63671875 0.0671875 0.04296875
0 0.4984375 0.675 0.06953125 0.046875
0 0.496875 0.71171875 0.06953125 0.0453125
0 0.49765625 0.7484375 0.07109375 0.04453125
0 0.496875 0.78515625 0.06953125 0.046875
0 0.49609375 0.821875 0.06875 0.04765625
0 0.4953125 0.85859375 0.06796875 0.04921875
0 0.4953125 0.8921875 0.065625 0.04453125
1 0.8234375 0.59375 0.1734375 0.0984375
1 0.821875 0.69453125 0.1765625 0.11328125
1 0.953125 0.7015625 0.09375 0.10625