0 0.0546875 0.096875 0.09296875 0.040625
0 0.05 0.05703125 0.08984375 0.04140625
0 0.04921875 0.0171875 0.09453125 0.03203125
0 0.14453125 0.01875 0.09453125 0.0359375
0 0.1484375 0.05859375 0.09140625 0.03828125
0 0.15078125 0.09609375 0.09453125 0.0359375
0 0.2453125 0.01875 0.0921875 0.0359375
0 0.25 0.05625 0.09140625 0.040625
0 0.25546875 0.09453125 0.08828125 0.0390625
0 0.340625 0.0171875 0.09453125 0.03203125
0 0.346875 0.053125 0.09296875 0.04140625
0 0.3484375 0.09296875 0.0953125 0.0390625
0 0.4390625 0.015625 0.09296875 0.0296875
0 0.44375 0.04765625 0.090625 0.040625
0 0.4453125 0.0875 0.090625 0.040625
0 0.58828125 0.09453125 0.0875 0.0359375
0 0.5890625 0.05859375 0.08984375 0.040625
0 0.5890625 0.0234375 0.0921875 0.040625
0 0.684375 0.0203125 0.090625 0.03671875
0 0.6828125 0.059375 0.09296875 0.034375
0 0.6828125 0.09453125 0.09453125 0.034375
0 0.77734375 0.0203125 0.090625 0.0390625
0 0.778125 0.0578125 0.08671875 0.03828125
0 0.77734375 0.09453125 0.08828125 0.0390625
0 0.8703125 0.021875 0.09140625 0.0359375
0 0.86796875 0.05546875 0.08828125 0.04140625
0 0.86796875 0.0921875 0.0890625 0.03671875
0 0.959375 0.01796875 0.08046875 0.03359375
0 0.95703125 0.05625 0.08515625 0.034375
0 0.9578125 0.09296875 0.084375 0.0421875
0 0.28125 0.59921875 0.2890625 0.1046875
0 0.28515625 0.690625 0.284375 0.10234375
0 0.2765625 0.7859375 0.278125 0.1
0 0.29453125 0.86953125 0.27734375 0.09296875
0 0.2921875 0.95546875 0.26953125 0.08828125
0 0.5796875 0.3859375 0.07109375 0.03828125
0 0.58125 0.42109375 0.07109375 0.03515625
0 0.58203125 0.4578125 0.06953125 0.03671875
0 0.58125 0.49375 0.06953125 0.0375
0 0.5796875 0.52734375 0.07109375 0.03515625
0 0.57890625 0.56328125 0.0734375 0.0296875
0 0.57890625 0.59609375 0.0671875 0.034375
0 0.57734375 0.6296875 0.0703125 0.0359375
0 0.57734375 0.66484375 0.07109375 0.0296875
0 0.575 0.69609375 0.0671875 0.034375
0 0.575 0.72890625 0.06953125 0.03515625
0 0.5734375 0.76171875 0.06875 0.034375
0 0.571875 0.7921875 0.065625 0.0328125
0 0.5703125 0.82578125 0.065625 0.0359375
0 0.56875 0.8546875 0.065625 0.03203125
0 0.56875 0.88515625 0.0640625 0.03125
0 0.56796875 0.9171875 0.065625 0.0296875
0 0.5671875 0.94765625 0.065625 0.03359375
0 0.56953125 0.97734375 0.06640625 0.0296875
0 0.6515625 0.38828125 0.0734375 0.034375
0 0.65390625 0.42265625 0.07265625 0.03359375
0 0.653125 0.45859375 0.06953125 0.0359375
0 0.65234375 0.49453125 0.06953125 0.03359375
0 0.65 0.528125 0.07109375 0.034375
0 0.64921875 0.56171875 0.06796875 0.03203125
0 0.6484375 0.59609375 0.06953125 0.03515625
0 0.646875 0.63046875 0.07109375 0.03359375
0 0.64609375 0.6625 0.0671875 0.03203125
0 0.6453125 0.69765625 0.0671875 0.03515625
0 0.64453125 0.73046875 0.06796875 0.0359375
0 0.640625 0.7609375 0.07109375 0.03203125
0 0.6390625 0.79296875 0.0671875 0.03203125
0 0.63671875 0.82421875 0.0671875 0.02890625
0 0.6359375 0.85546875 0.06953125 0.0296875
0 0.634375 0.8859375 0.06875 0.03125
0 0.63515625 0.91640625 0.06796875 0.0296875
0 0.63515625 0.94609375 0.06953125 0.0328125
0 0.63515625 0.975 0.06484375 0.0296875
0 0.72578125 0.38828125 0.075 0.0359375
0 0.725 0.42109375 0.07265625 0.03359375
0 0.72421875 0.45703125 0.0734375 0.0359375
0 0.7234375 0.49140625 0.07265625 0.03671875
0 0.72109375 0.52578125 0.07109375 0.03359375
0 0.71796875 0.56171875 0.071875 0.03359375
0 0.71796875 0.5953125 0.06953125 0.034375
0 0.71640625 0.628125 0.065625 0.03125
0 0.715625 0.6609375 0.06328125 0.0296875
0 0.71328125 0.6953125 0.0640625 0.03046875
0 0.7125 0.72734375 0.06484375 0.03046875
0 0.71015625 0.76015625 0.06875 0.0296875
0 0.7078125 0.7921875 0.06640625 0.03125
0 0.7046875 0.82265625 0.065625 0.03359375
0 0.7046875 0.85390625 0.06328125 0.03125
0 0.7046875 0.88359375 0.0640625 0.0296875
0 0.7015625 0.915625 0.06484375 0.03046875
0 0.70234375 0.9453125 0.0625 0.0296875
0 0.7015625 0.97421875 0.0640625 0.03046875
0 0.7984375 0.38671875 0.07109375 0.03359375
0 0.796875 0.4203125 0.07109375 0.03203125
0 0.79609375 0.4546875 0.0703125 0.03828125
0 0.79453125 0.49140625 0.06796875 0.0328125
0 0.7921875 0.52578125 0.07109375 0.03203125
0 0.78828125 0.559375 0.0703125 0.03359375
0 0.7875 0.59453125 0.0671875 0.03359375
0 0.784375 0.62890625 0.06640625 0.03671875
0 0.7828125 0.6640625 0.06640625 0.03203125
0 0.78125 0.6921875 0.0671875 0.03203125
0 0.78046875 0.725 0.0671875 0.03125
0 0.778125 0.75859375 0.065625 0.03203125
0 0.775 0.7921875 0.0640625 0.03125
0 0.771875 0.82109375 0.065625 0.03125
0 0.77109375 0.85234375 0.06796875 0.03125
0 0.77109375 0.88203125 0.06484375 0.0296875
0 0.76796875 0.9140625 0.0640625 0.0296875
0 0.76796875 0.94375 0.0640625 0.0296875
0 0.76640625 0.9734375 0.06640625 0.0296875
0 0.86953125 0.38671875 0.0734375 0.03671875
0 0.86875 0.421875 0.071875 0.03203125
0 0.8671875 0.45546875 0.06875 0.03984375
0 0.86484375 0.49140625 0.0703125 0.03828125
0 0.8625 0.5234375 0.06875 0.03359375
0 0.859375 0.559375 0.06875 0.0359375
0 0.85703125 0.5953125 0.07109375 0.034375
0 0.853125 0.6296875 0.07109375 0.03671875
0 0.85078125 0.6640625 0.06640625 0.03203125
0 0.85 0.69609375 0.065625 0.03125
0 0.84921875 0.725 0.06484375 0.0296875
0 0.8453125 0.75625 0.065625 0.0296875
0 0.8421875 0.78828125 0.0671875 0.02578125
0 0.83984375 0.81796875 0.0640625 0.03203125
0 0.83671875 0.84765625 0.06328125 0.0296875
0 0.83515625 0.87890625 0.06484375 0.03359375
0 0.83359375 0.9125 0.0640625 0.03203125
0 0.8328125 0.93984375 0.0609375 0.03203125
0 0.83125 0.97109375 0.06171875 0.02890625
0 0.9421875 0.384375 0.0734375 0.03359375
0 0.940625 0.41796875 0.075 0.03046875
0 0.93828125 0.45234375 0.0734375 0.034375
0 0.93515625 0.4890625 0.0703125 0.03515625
0 0.93046875 0.521875 0.0703125 0.03125
0 0.9296875 0.55390625 0.07109375 0.03828125
0 0.92578125 0.5890625 0.06796875 0.0296875
0 0.921875 0.62734375 0.0703125 0.03203125
0 0.91796875 0.659375 0.06875 0.03671875
0 0.91640625 0.6921875 0.065625 0.02578125
0 0.91328125 0.7234375 0.06875 0.03203125
0 0.9125 0.753125 0.06640625 0.03125
0 0.90859375 0.784375 0.06953125 0.03046875
0 0.90546875 0.8140625 0.071875 0.0328125
0 0.9015625 0.846875 0.06953125 0.0296875
0 0.9015625 0.87734375 0.06875 0.034375
0 0.9 0.90859375 0.06484375 0.0234375
0 0.89609375 0.93828125 0.0640625 0.034375
0 0.8953125 0.96953125 0.06640625 0.0296875