0 0.88515625 0.49296875 0.071875 0.0390625
0 0.88671875 0.534375 0.071875 0.04765625
0 0.88515625 0.5703125 0.0734375 0.04296875
0 0.88125 0.6078125 0.06953125 0.04296875
0 0.87890625 0.64375 0.07421875 0.04453125
0 0.87578125 0.67734375 0.071875 0.05
0 0.87421875 0.71328125 0.075 0.04296875
0 0.87109375 0.7453125 0.07265625 0.0421875
0 0.871875 0.77734375 0.06796875 0.0421875
0 0.865625 0.8078125 0.0625 0.0421875
0 0.86171875 0.83984375 0.06640625 0.04921875
0 0.86015625 0.8703125 0.06328125 0.04453125
0 0.8578125 0.9 0.06875 0.04921875
0 0.85390625 0.93203125 0.07265625 0.0578125
0 0.8515625 0.96328125 0.06796875 0.05546875
0 0.81015625 0.50625 0.08125 0.046875
0 0.80859375 0.546875 0.0828125 0.05234375
0 0.80625 0.584375 0.084375 0.04921875
0 0.80546875 0.62109375 0.084375 0.053125
0 0.7984375 0.65703125 0.08125 0.0515625
0 0.79921875 0.69375 0.07890625 0.053125
0 0.79453125 0.7296875 0.0796875 0.04921875
0 0.7921875 0.7640625 0.08125 0.0515625
0 0.79140625 0.7953125 0.07890625 0.0515625
0 0.78828125 0.83359375 0.0796875 0.053125
0 0.78671875 0.86484375 0.07578125 0.05
0 0.78359375 0.8984375 0.071875 0.05390625
0 0.7828125 0.93046875 0.071875 0.05234375
0 0.7796875 0.96015625 0.07265625 0.05234375
0 0.7828125 0.98203125 0.06796875 0.0359375
0 0.721875 0.5171875 0.09296875 0.046875
0 0.71953125 0.55859375 0.09140625 0.04765625
0 0.71796875 0.6015625 0.0890625 0.0515625
0 0.7140625 0.63671875 0.0875 0.0515625
0 0.7125 0.67578125 0.0890625 0.05234375
0 0.71171875 0.7140625 0.084375 0.04921875
0 0.70859375 0.7515625 0.084375 0.0578125
0 0.709375 0.78359375 0.084375 0.05
0 0.70703125 0.81953125 0.084375 0.053125
0 0.7046875 0.85859375 0.084375 0.053125
0 0.70390625 0.8890625 0.084375 0.05625
0 0.703125 0.9234375 0.0828125 0.06015625
0 0.7015625 0.95859375 0.0828125 0.05234375
0 0.7 0.9828125 0.08125 0.034375
0 0.62265625 0.525 0.103125 0.05234375
0 0.62265625 0.56875 0.09921875 0.0515625
0 0.6203125 0.61171875 0.0984375 0.05234375
0 0.6203125 0.64921875 0.09765625 0.05
0 0.6171875 0.68828125 0.09609375 0.05546875
0 0.6171875 0.73203125 0.09609375 0.05859375
0 0.6171875 0.76953125 0.09453125 0.0578125
0 0.615625 0.80625 0.09296875 0.06015625
0 0.61328125 0.84296875 0.09296875 0.06015625
0 0.61328125 0.8796875 0.09296875 0.0578125
0 0.61171875 0.91171875 0.090625 0.05390625
0 0.609375 0.94921875 0.084375 0.05234375
0 0.6109375 0.97265625 0.0890625 0.05390625
0 0.51171875 0.58046875 0.10625 0.0609375
0 0.5140625 0.62265625 0.103125 0.05859375
0 0.5140625 0.665625 0.103125 0.06015625
0 0.5140625 0.70625 0.1015625 0.05859375
0 0.5125 0.7484375 0.1015625 0.06015625
0 0.51328125 0.78828125 0.10234375 0.06015625
0 0.5140625 0.8265625 0.1 0.06015625
0 0.51328125 0.86640625 0.0984375 0.05859375
0 0.51171875 0.90390625 0.1 0.06328125
0 0.5125 0.93984375 0.0953125 0.0671875
0 0.5125 0.97109375 0.09296875 0.0578125
0 0.825 0.17734375 0.0734375 0.04921875
0 0.82734375 0.12578125 0.07734375 0.04921875
0 0.82890625 0.078125 0.0796875 0.04921875
0 0.83203125 0.03046875 0.0796875 0.04921875
0 0.75390625 0.02578125 0.084375 0.0421875
0 0.74921875 0.07578125 0.0796875 0.04453125
0 0.75 0.1234375 0.08125 0.046875
0 0.7484375 0.1703125 0.078125 0.0390625
0 0.6671875 0.16875 0.084375 0.04921875
0 0.66640625 0.11953125 0.084375 0.04296875
0 0.6671875 0.06796875 0.08671875 0.05390625
0 0.66875 0.025 0.0859375 0.0453125
0 0.57421875 0.01875 0.0984375 0.0375
0 0.5765625 0.0625 0.09453125 0.0625
0 0.578125 0.1140625 0.096875 0.05859375
0 0.57734375 0.16484375 0.08984375 0.05625
0 0.98984375 0.47578125 0.01953125 0.03828125
0 0.9890625 0.509375 0.021875 0.03671875
0 0.9859375 0.5453125 0.0265625 0.0390625
0 0.98671875 0.57890625 0.025 0.0390625
0 0.98359375 0.615625 0.03125 0.0390625
0 0.9828125 0.64921875 0.034375 0.040625
0 0.98125 0.6796875 0.0375 0.034375
0 0.9796875 0.71171875 0.040625 0.0421875
0 0.97734375 0.7453125 0.0453125 0.04296875
0 0.9765625 0.7765625 0.046875 0.04765625
0 0.97578125 0.80625 0.0484375 0.04296875
0 0.97421875 0.83515625 0.0515625 0.040625
0 0.971875 0.86484375 0.05625 0.04921875
0 0.9703125 0.8953125 0.059375 0.04453125
0 0.96875 0.92109375 0.0625 0.0484375
0 0.9671875 0.94765625 0.065625 0.04765625
0 0.965625 0.97578125 0.065625 0.04765625