0 0.025 0.02890625 0.0484375 0.05703125
0 0.02578125 0.08828125 0.05078125 0.0703125
0 0.028125 0.15703125 0.05546875 0.071875
0 0.0296875 0.21796875 0.0578125 0.071875
0 0.0296875 0.28515625 0.059375 0.06640625
0 0.0296875 0.34609375 0.059375 0.065625
0 0.028125 0.40625 0.05546875 0.065625
0 0.02890625 0.47265625 0.05703125 0.059375
0 0.03046875 0.53046875 0.06015625 0.065625
0 0.11796875 0.5296875 0.11640625 0.06640625
0 0.11640625 0.471875 0.11640625 0.065625
0 0.1171875 0.4078125 0.11953125 0.0640625
0 0.11640625 0.3453125 0.11796875 0.05390625
0 0.11875 0.28828125 0.11796875 0.06484375
0 0.115625 0.22265625 0.1203125 0.0609375
0 0.115625 0.15859375 0.11875 0.05859375
0 0.1109375 0.0890625 0.11796875 0.0703125
0 0.10859375 0.03515625 0.12109375 0.06953125
0 0.225 0.04453125 0.11015625 0.07890625
0 0.2265625 0.10859375 0.1078125 0.07265625
0 0.22734375 0.16875 0.10625 0.071875
0 0.23046875 0.23203125 0.11015625 0.06875
0 0.2296875 0.29140625 0.10546875 0.06953125
0 0.2296875 0.3515625 0.10625 0.059375
0 0.2296875 0.40625 0.10390625 0.05625
0 0.2296875 0.46484375 0.10390625 0.05390625
0 0.2296875 0.52421875 0.10234375 0.05859375
0 0.328125 0.06171875 0.09765625 0.07265625
0 0.3296875 0.1234375 0.0984375 0.06484375
0 0.33125 0.18359375 0.09765625 0.059375
0 0.33203125 0.2390625 0.09765625 0.0546875
0 0.33125 0.29609375 0.0984375 0.05625
0 0.33125 0.35390625 0.09765625 0.059375
0 0.33125 0.40859375 0.096875 0.05390625
0 0.33046875 0.46171875 0.096875 0.05390625
0 0.33125 0.51796875 0.096875 0.05625
0 0.32890625 0.9578125 0.08984375 0.075
0 0.234375 0.9734375 0.1 0.053125
0 0.603125 0.4796875 0.246875 0.11171875
0 0.603125 0.37890625 0.24765625 0.0984375
0 0.60078125 0.26875 0.24921875 0.1109375
0 0.603125 0.1703125 0.25 0.1296875
0 0.60234375 0.06953125 0.24609375 0.13671875
0 0.55546875 0.93359375 0.06328125 0.05546875
0 0.61953125 0.92109375 0.0640625 0.06484375
0 0.67734375 0.896875 0.05859375 0.05078125
0 0.77734375 0.915625 0.05703125 0.059375
0 0.7765625 0.95234375 0.05625 0.05859375
0 0.71796875 0.9734375 0.06171875 0.05078125
0 0.828125 0.43984375 0.06015625 0.1234375
0 0.83125 0.31484375 0.065625 0.13046875
0 0.83671875 0.1828125 0.0625 0.13515625
0 0.8390625 0.0625 0.0640625 0.1234375
0 0.8875 0.4390625 0.05859375 0.12265625
0 0.88984375 0.31484375 0.059375 0.11953125
0 0.89375 0.18828125 0.05703125 0.1375
0 0.8984375 0.06640625 0.06171875 0.13125
0 0.953125 0.07265625 0.05546875 0.14453125
0 0.946875 0.19765625 0.0546875 0.12734375
0 0.9421875 0.31875 0.05625 0.11953125
0 0.940625 0.43671875 0.05703125 0.125
0 0.9828125 0.42890625 0.03359375 0.109375
0 0.9859375 0.31953125 0.028125 0.12421875
0 0.9875 0.19921875 0.025 0.1171875
0 0.98828125 0.08125 0.0234375 0.134375