0 0.071875 0.7234375 0.12578125 0.09375
0 0.078125 0.790625 0.121875 0.08828125
0 0.084375 0.84921875 0.1234375 0.0890625
0 0.08828125 0.91015625 0.1203125 0.090625
0 0.09296875 0.96015625 0.12109375 0.0796875
0 0.36015625 0.16875 0.10859375 0.05546875
0 0.36328125 0.11484375 0.103125 0.071875
0 0.36015625 0.04765625 0.10859375 0.06015625
0 0.46328125 0.05390625 0.09609375 0.0578125
0 0.465625 0.11171875 0.09921875 0.06015625
0 0.46484375 0.1703125 0.09921875 0.05234375
0 0.5578125 0.0625 0.0875 0.05625
0 0.56015625 0.121875 0.08828125 0.05859375
0 0.55859375 0.17421875 0.08671875 0.04921875
0 0.640625 0.0625 0.08125 0.053125
0 0.640625 0.12109375 0.07890625 0.05546875
0 0.63984375 0.1734375 0.0765625 0.04921875
0 0.80390625 0.1765625 0.07421875 0.05390625
0 0.803125 0.12421875 0.0796875 0.05625
0 0.809375 0.06953125 0.0796875 0.05625
0 0.88359375 0.07421875 0.07265625 0.05546875
0 0.87734375 0.125 0.07109375 0.05
0 0.875 0.175 0.07109375 0.05234375
0 0.95 0.07265625 0.0671875 0.05
0 0.94609375 0.125 0.07109375 0.05
0 0.94375 0.175 0.0671875 0.05234375
0 0.81640625 0.01875 0.0765625 0.03671875
0 0.88828125 0.0234375 0.07265625 0.04453125
0 0.9546875 0.0234375 0.06953125 0.04453125
0 0.6421875 0.0203125 0.0828125 0.0390625
0 0.55546875 0.01796875 0.08671875 0.034375
0 0.353125 0.8765625 0.09453125 0.078125
0 0.35546875 0.92578125 0.09296875 0.07578125
0 0.35625 0.9640625 0.090625 0.071875
0 0.44453125 0.86015625 0.08671875 0.06953125
0 0.446875 0.9109375 0.08828125 0.07421875
0 0.4484375 0.95390625 0.084375 0.08046875
0 0.45390625 0.98046875 0.0765625 0.0390625
0 0.528125 0.83046875 0.078125 0.07421875
0 0.5296875 0.8796875 0.0765625 0.0734375
0 0.53125 0.9265625 0.0796875 0.07578125
0 0.5296875 0.96796875 0.075 0.0640625
0 0.60390625 0.809375 0.07109375 0.06640625
0 0.60390625 0.85546875 0.07109375 0.06640625
0 0.60390625 0.9 0.075 0.06484375
0 0.603125 0.94609375 0.06953125 0.06484375
0 0.60390625 0.97734375 0.0671875 0.0453125
0 0.6671875 0.78203125 0.0578125 0.0671875
0 0.66796875 0.8171875 0.0578125 0.053125
0 0.66953125 0.8671875 0.05625 0.07421875
0 0.6671875 0.91328125 0.05625 0.0796875
0 0.6671875 0.95234375 0.05625 0.06875
0 0.6671875 0.98515625 0.04921875 0.0296875
0 0.7859375 0.60546875 0.065625 0.0625
0 0.784375 0.64921875 0.0625 0.0625
0 0.78359375 0.6953125 0.0640625 0.06328125
0 0.7796875 0.73671875 0.06328125 0.0578125
0 0.77890625 0.78203125 0.06484375 0.06015625
0 0.77421875 0.82109375 0.065625 0.06015625
0 0.77421875 0.86328125 0.0640625 0.05859375
0 0.76953125 0.903125 0.06484375 0.06015625
0 0.7671875 0.9484375 0.0609375 0.0578125
0 0.765625 0.9765625 0.059375 0.046875
0 0.85 0.58203125 0.0640625 0.05390625
0 0.8484375 0.6296875 0.06328125 0.05625
0 0.8453125 0.67109375 0.06328125 0.0609375
0 0.84296875 0.71875 0.06171875 0.06015625
0 0.840625 0.76328125 0.0625 0.04921875
0 0.83828125 0.79765625 0.0578125 0.05546875
0 0.83515625 0.83515625 0.05625 0.06015625
0 0.83046875 0.8765625 0.05546875 0.05625
0 0.82890625 0.9140625 0.0578125 0.06015625
0 0.82578125 0.9515625 0.05625 0.05390625
0 0.82265625 0.98046875 0.0515625 0.0390625
0 0.90859375 0.5640625 0.0578125 0.05546875
0 0.9078125 0.6078125 0.05625 0.05625
0 0.90625 0.6484375 0.05625 0.05625
0 0.903125 0.69140625 0.05625 0.05546875
0 0.9 0.734375 0.0546875 0.04921875
0 0.89609375 0.7703125 0.05625 0.05859375
0 0.89609375 0.8125 0.05625 0.06328125
0 0.89140625 0.8515625 0.0578125 0.0625
0 0.8875 0.8953125 0.05625 0.06953125
0 0.8828125 0.93828125 0.0578125 0.0609375
0 0.88125 0.9703125 0.05625 0.05546875
0 0.9625 0.5515625 0.05234375 0.05625
0 0.9609375 0.59296875 0.05390625 0.06015625
0 0.9578125 0.63359375 0.05625 0.06015625
0 0.9546875 0.67109375 0.05078125 0.05625
0 0.953125 0.71015625 0.0515625 0.0578125
0 0.94921875 0.75 0.05 0.0578125
0 0.9484375 0.79453125 0.04921875 0.06328125
0 0.94296875 0.8328125 0.04765625 0.05234375
0 0.94140625 0.86484375 0.0484375 0.05859375
0 0.9390625 0.9015625 0.04765625 0.06015625
0 0.93125 0.946875 0.0453125 0.06015625
0 0.93203125 0.9671875 0.04453125 0.04765625
1 0.303125 0.5015625 0.12890625 0.08203125
1 0.42265625 0.48515625 0.11328125 0.078125
1 0.309375 0.5796875 0.13359375 0.08671875
1 0.4421875 0.54765625 0.12578125 0.06875