0 0.23203125 0.8109375 0.0921875 0.07421875
0 0.07421875 0.85546875 0.0921875 0.09296875
0 0.0796875 0.896875 0.09609375 0.08828125
0 0.08203125 0.93515625 0.09609375 0.0828125
0 0.18046875 0.9140625 0.11328125 0.1
0 0.184375 0.95078125 0.11328125 0.0984375
0 0.178125 0.9703125 0.09296875 0.05859375
0 0.315625 0.5421875 0.1140625 0.10390625
0 0.31796875 0.6234375 0.11328125 0.1015625
0 0.32265625 0.70390625 0.10859375 0.11484375
0 0.32578125 0.77734375 0.10625 0.109375
0 0.3265625 0.85078125 0.1046875 0.1109375
0 0.32734375 0.91796875 0.1046875 0.1046875
0 0.33203125 0.9640625 0.10234375 0.071875
0 0.43046875 0.48203125 0.13125 0.1109375
0 0.4359375 0.575 0.1234375 0.1046875
0 0.43671875 0.6578125 0.121875 0.11796875
0 0.43671875 0.73828125 0.11796875 0.11953125
0 0.43828125 0.81875 0.12265625 0.115625
0 0.4390625 0.8921875 0.1203125 0.1171875
0 0.4375 0.953125 0.11796875 0.09375
0 0.5734375 0.4984375 0.14609375 0.11953125
0 0.57265625 0.5984375 0.1421875 0.121875
0 0.571875 0.68984375 0.1390625 0.128125
0 0.56796875 0.77734375 0.1375 0.1328125
0 0.565625 0.86328125 0.134375 0.12890625
0 0.56484375 0.93984375 0.13203125 0.1203125
0 0.55703125 0.97734375 0.11640625 0.04453125
0 0.76328125 0.74921875 0.1078125 0.084375
0 0.87734375 0.77734375 0.12265625 0.0875
0 0.7578125 0.80625 0.103125 0.0828125
0 0.7546875 0.8578125 0.1046875 0.08203125
0 0.7515625 0.9109375 0.10234375 0.08203125
0 0.746875 0.95625 0.1015625 0.0828125
0 0.73828125 0.98125 0.0890625 0.0375
0 0.87109375 0.8359375 0.115625 0.0890625
0 0.8671875 0.89375 0.11484375 0.084375
0 0.86171875 0.94765625 0.11171875 0.09140625
0 0.85703125 0.9765625 0.1140625 0.046875
0 0.96953125 0.79296875 0.0609375 0.08046875
0 0.965625 0.85546875 0.06875 0.0765625
0 0.9625 0.9171875 0.075 0.07578125
0 0.959375 0.96640625 0.08125 0.06640625