0 0.94609375 0.15390625 0.10625 0.03671875
0 0.9453125 0.19375 0.1078125 0.040625
0 0.946875 0.23203125 0.10234375 0.03359375
0 0.94609375 0.27734375 0.1046875 0.040625
0 0.940625 0.31640625 0.1046875 0.0421875
0 0.94140625 0.35703125 0.1046875 0.0421875
0 0.94140625 0.39765625 0.1046875 0.0421875
0 0.9375 0.43828125 0.1046875 0.0421875
0 0.9375 0.475 0.1046875 0.0421875
0 0.9375 0.51484375 0.1046875 0.0421875
0 0.9359375 0.5515625 0.1046875 0.0421875
0 0.934375 0.5921875 0.10078125 0.04453125
0 0.934375 0.63203125 0.10078125 0.04453125
0 0.9328125 0.66875 0.10078125 0.04453125
0 0.93359375 0.70859375 0.0953125 0.03671875
0 0.93125 0.74765625 0.09453125 0.0390625
0 0.934375 0.784375 0.09609375 0.03828125
0 0.928125 0.8203125 0.0953125 0.040625
0 0.9265625 0.8578125 0.0953125 0.04140625
0 0.928125 0.89296875 0.08984375 0.03671875
0 0.92734375 0.93125 0.09140625 0.04140625
0 0.92578125 0.96484375 0.09140625 0.0390625
0 0.828125 0.96953125 0.0984375 0.03828125
0 0.828125 0.93515625 0.09609375 0.034375
0 0.83125 0.89609375 0.09453125 0.03671875
0 0.83046875 0.86015625 0.09453125 0.040625
0 0.83203125 0.8234375 0.09296875 0.03671875
0 0.83046875 0.784375 0.09296875 0.0390625
0 0.83359375 0.7453125 0.0953125 0.03359375
0 0.83359375 0.70625 0.09140625 0.034375
0 0.83515625 0.67109375 0.09453125 0.034375
0 0.83671875 0.634375 0.09453125 0.0390625
0 0.8359375 0.5921875 0.0921875 0.03828125
0 0.834375 0.55546875 0.09296875 0.03828125
0 0.83671875 0.51640625 0.0953125 0.04296875
0 0.8359375 0.47578125 0.0921875 0.03828125
0 0.8375 0.43671875 0.09296875 0.03671875
0 0.84140625 0.3984375 0.09453125 0.03828125
0 0.8375 0.35625 0.10078125 0.040625
0 0.8390625 0.315625 0.09453125 0.04140625
0 0.8421875 0.2734375 0.09765625 0.0390625
0 0.84375 0.2328125 0.09609375 0.03828125
0 0.8390625 0.1953125 0.0984375 0.034375
0 0.8421875 0.1515625 0.096875 0.040625
0 0.7375 0.15078125 0.103125 0.034375
0 0.73828125 0.19296875 0.096875 0.04140625
0 0.73671875 0.234375 0.1015625 0.03671875
0 0.73515625 0.27421875 0.10234375 0.03828125
0 0.73515625 0.31796875 0.0984375 0.0453125
0 0.73515625 0.359375 0.1015625 0.040625
0 0.7359375 0.3953125 0.09921875 0.04140625
0 0.73671875 0.4375 0.096875 0.04140625
0 0.73515625 0.4765625 0.1015625 0.040625
0 0.73515625 0.51640625 0.0984375 0.04140625
0 0.73671875 0.55390625 0.1046875 0.0390625
0 0.73515625 0.590625 0.0984375 0.0359375
0 0.734375 0.63046875 0.096875 0.040625
0 0.7328125 0.67109375 0.09453125 0.03671875
0 0.73203125 0.70703125 0.09296875 0.0359375
0 0.73203125 0.74765625 0.09453125 0.04140625
0 0.73203125 0.78359375 0.09765625 0.04296875
0 0.7296875 0.821875 0.09453125 0.0390625
0 0.73125 0.86015625 0.0953125 0.040625
0 0.72890625 0.89453125 0.09609375 0.03828125
0 0.7234375 0.9328125 0.09140625 0.03671875
0 0.7203125 0.96796875 0.0921875 0.040625
0 0.6234375 0.9671875 0.09453125 0.0453125
0 0.6234375 0.93046875 0.09296875 0.03828125
0 0.6296875 0.89375 0.09296875 0.04453125
0 0.63203125 0.85546875 0.0953125 0.03671875
0 0.6328125 0.81796875 0.09765625 0.03671875
0 0.634375 0.77890625 0.09453125 0.04140625
0 0.6328125 0.740625 0.1 0.0359375
0 0.6328125 0.70390625 0.09609375 0.0390625
0 0.6328125 0.6640625 0.09921875 0.0453125
0 0.634375 0.62578125 0.1015625 0.03828125
0 0.6328125 0.5859375 0.096875 0.0421875
0 0.6328125 0.546875 0.09921875 0.0421875
0 0.6328125 0.5078125 0.09765625 0.04140625
0 0.63203125 0.4703125 0.0984375 0.04140625
0 0.63203125 0.43125 0.10078125 0.040625
0 0.63203125 0.39140625 0.0984375 0.0390625
0 0.63359375 0.35 0.10234375 0.04140625
0 0.634375 0.31171875 0.10078125 0.0390625
0 0.6328125 0.27109375 0.10078125 0.0390625
0 0.6328125 0.23125 0.1 0.040625
0 0.63203125 0.190625 0.1046875 0.040625
0 0.6328125 0.14765625 0.103125 0.03671875
0 0.5296875 0.15078125 0.09921875 0.04765625
0 0.53046875 0.190625 0.09609375 0.04453125
0 0.53125 0.23125 0.096875 0.04140625
0 0.53046875 0.2703125 0.09765625 0.040625
0 0.53125 0.3078125 0.0953125 0.0421875
0 0.53125 0.34921875 0.096875 0.0421875
0 0.53046875 0.3890625 0.09296875 0.04140625
0 0.53125 0.42734375 0.09296875 0.0359375
0 0.53046875 0.4671875 0.09765625 0.04140625
0 0.5328125 0.50625 0.096875 0.03828125
0 0.53125 0.5453125 0.0953125 0.04140625
0 0.53125 0.58203125 0.0953125 0.0359375
0 0.53203125 0.62265625 0.09453125 0.0390625
0 0.53125 0.659375 0.0984375 0.040625
0 0.5328125 0.6984375 0.0953125 0.0421875
0 0.53359375 0.7328125 0.09140625 0.0390625
0 0.5328125 0.7703125 0.09609375 0.0390625
0 0.53125 0.8125 0.09609375 0.0421875
0 0.5296875 0.85078125 0.096875 0.040625
0 0.52890625 0.88671875 0.09296875 0.0390625
0 0.525 0.92421875 0.09453125 0.0390625
0 0.52578125 0.9640625 0.096875 0.04140625
0 0.36875 0.16640625 0.096875 0.0421875
0 0.3671875 0.2078125 0.1 0.0390625
0 0.36796875 0.24140625 0.0984375 0.040625
0 0.36875 0.284375 0.09921875 0.040625
0 0.36875 0.3234375 0.10078125 0.04140625
0 0.36953125 0.3609375 0.09609375 0.0421875
0 0.37109375 0.40078125 0.09453125 0.040625
0 0.371875 0.4390625 0.09453125 0.0390625
0 0.371875 0.47890625 0.09296875 0.03671875
0 0.37265625 0.5171875 0.090625 0.03828125
0 0.371875 0.5546875 0.09296875 0.03828125
0 0.37578125 0.59140625 0.09453125 0.04296875
0 0.37578125 0.62734375 0.09296875 0.034375
0 0.37578125 0.66484375 0.0953125 0.0421875
0 0.375 0.703125 0.09296875 0.03671875
0 0.37578125 0.7390625 0.09296875 0.0359375
0 0.3765625 0.7734375 0.09453125 0.03359375
0 0.375 0.81015625 0.09296875 0.04140625
0 0.37578125 0.84921875 0.09453125 0.03671875
0 0.3765625 0.88671875 0.09296875 0.03671875
0 0.37578125 0.91953125 0.09296875 0.0390625
0 0.37734375 0.95390625 0.090625 0.03125
0 0.27890625 0.95859375 0.09296875 0.0359375
0 0.2796875 0.92421875 0.09453125 0.034375
0 0.2796875 0.88671875 0.090625 0.0390625
0 0.27734375 0.846875 0.09296875 0.040625
0 0.278125 0.81328125 0.0953125 0.03828125
0 0.2765625 0.778125 0.0953125 0.03828125
0 0.27578125 0.73828125 0.09453125 0.040625
0 0.27578125 0.70234375 0.09296875 0.0421875
0 0.275 0.6640625 0.09609375 0.03828125
0 0.275 0.6296875 0.0953125 0.03671875
0 0.275 0.5921875 0.09453125 0.0359375
0 0.27265625 0.55078125 0.0921875 0.0421875
0 0.27265625 0.51328125 0.09296875 0.04140625
0 0.27265625 0.47890625 0.09453125 0.03671875
0 0.27109375 0.4375 0.0953125 0.0421875
0 0.2703125 0.3984375 0.09453125 0.03828125
0 0.26875 0.3625 0.0984375 0.03828125
0 0.26953125 0.3234375 0.09609375 0.040625
0 0.26953125 0.2828125 0.09453125 0.0390625
0 0.26953125 0.2453125 0.09609375 0.04140625
0 0.2671875 0.2046875 0.09453125 0.040625
0 0.26484375 0.1640625 0.096875 0.04296875
0 0.1640625 0.16328125 0.09453125 0.0359375
0 0.165625 0.2 0.09609375 0.0359375
0 0.165625 0.23984375 0.09453125 0.0421875
0 0.16796875 0.2828125 0.09453125 0.04140625
0 0.16796875 0.321875 0.09453125 0.0359375
0 0.16796875 0.35859375 0.09296875 0.040625
0 0.16796875 0.3984375 0.09453125 0.040625
0 0.171875 0.43515625 0.09296875 0.03671875
0 0.1734375 0.47421875 0.09296875 0.0421875
0 0.17265625 0.5125 0.09453125 0.03828125
0 0.17421875 0.55078125 0.09296875 0.04140625
0 0.1765625 0.5875 0.09140625 0.03671875
0 0.17578125 0.62734375 0.09453125 0.03671875
0 0.178125 0.665625 0.09453125 0.040625
0 0.178125 0.69921875 0.09296875 0.034375
0 0.178125 0.7328125 0.09140625 0.03671875
0 0.1796875 0.76875 0.0890625 0.04140625
0 0.1796875 0.80625 0.09453125 0.03359375
0 0.18046875 0.84296875 0.0859375 0.04140625
0 0.18125 0.88203125 0.09140625 0.0359375
0 0.18125 0.91953125 0.090625 0.03671875
0 0.18203125 0.95390625 0.09296875 0.034375
0 0.0875 0.95 0.08828125 0.0359375
0 0.08671875 0.91328125 0.09140625 0.040625
0 0.0875 0.87734375 0.09296875 0.04140625
0 0.0875 0.84296875 0.09453125 0.03828125
0 0.0859375 0.80703125 0.0921875 0.04140625
0 0.084375 0.7703125 0.09453125 0.03671875
0 0.084375 0.73203125 0.09453125 0.0421875
0 0.0828125 0.69453125 0.09453125 0.040625
0 0.08203125 0.659375 0.09140625 0.0390625
0 0.08125 0.62109375 0.0890625 0.03828125
0 0.078125 0.58125 0.09140625 0.0421875
0 0.0765625 0.54453125 0.09453125 0.040625
0 0.07890625 0.509375 0.09453125 0.03828125
0 0.07578125 0.47109375 0.09140625 0.03828125
0 0.07421875 0.43046875 0.09453125 0.03828125
0 0.07265625 0.39140625 0.09453125 0.04140625
0 0.0703125 0.3546875 0.09453125 0.040625
0 0.07109375 0.31796875 0.0921875 0.0390625
0 0.06875 0.28046875 0.09453125 0.0390625
0 0.06796875 0.23984375 0.09609375 0.03828125
0 0.0671875 0.19921875 0.09453125 0.03671875
0 0.0671875 0.1625 0.0953125 0.03828125