0 0.76953125 0.434375 0.28984375 0.109375
0 0.76875 0.33515625 0.28671875 0.10390625
0 0.7640625 0.2375 0.28359375 0.12265625
0 0.778125 0.128125 0.28984375 0.125
0 0.76484375 0.046875 0.284375 0.09140625
0 0.93125 0.746875 0.08125 0.03203125
0 0.9328125 0.7796875 0.08515625 0.03515625
0 0.934375 0.8140625 0.08671875 0.0375
0 0.93671875 0.85234375 0.08671875 0.03515625
0 0.9359375 0.88671875 0.08515625 0.0296875
0 0.93671875 0.9203125 0.08046875 0.03203125
0 0.93671875 0.953125 0.0796875 0.040625
0 0.93515625 0.9859375 0.0796875 0.028125
0 0.84296875 0.74296875 0.0875 0.03828125
0 0.84609375 0.78046875 0.08671875 0.03984375
0 0.846875 0.81484375 0.08125 0.03984375
0 0.8484375 0.85078125 0.084375 0.0375
0 0.85 0.88203125 0.0796875 0.0375
0 0.853125 0.9140625 0.08359375 0.0359375
0 0.85390625 0.95 0.08046875 0.040625
0 0.853125 0.98203125 0.08203125 0.03515625
0 0.75625 0.74140625 0.08671875 0.04140625
0 0.7578125 0.77734375 0.08515625 0.0375
0 0.75859375 0.8140625 0.08671875 0.03828125
0 0.759375 0.846875 0.0859375 0.03515625
0 0.7609375 0.88203125 0.0859375 0.034375
0 0.7640625 0.91953125 0.08515625 0.04296875
0 0.765625 0.953125 0.084375 0.0359375
0 0.765625 0.984375 0.0828125 0.03125
0 0.66640625 0.740625 0.084375 0.040625
0 0.66796875 0.7734375 0.084375 0.03828125
0 0.6703125 0.81171875 0.0828125 0.0359375
0 0.671875 0.84375 0.0828125 0.03515625
0 0.67265625 0.8796875 0.0828125 0.0390625
0 0.675 0.915625 0.0828125 0.0390625
0 0.675 0.9484375 0.08125 0.03984375
0 0.67578125 0.98359375 0.08515625 0.03203125
0 0.39140625 0.70546875 0.08828125 0.04296875
0 0.3921875 0.746875 0.09140625 0.04453125
0 0.39296875 0.78125 0.0890625 0.0375
0 0.3953125 0.81484375 0.0875 0.03984375
0 0.39609375 0.85 0.0859375 0.04453125
0 0.39765625 0.88828125 0.08515625 0.0421875
0 0.39765625 0.925 0.0890625 0.0375
0 0.39765625 0.9578125 0.08984375 0.0359375
0 0.3984375 0.9859375 0.0921875 0.028125
0 0.2984375 0.71484375 0.0875 0.0390625
0 0.3 0.753125 0.08671875 0.03828125
0 0.3 0.7828125 0.08671875 0.0421875
0 0.30234375 0.81875 0.0875 0.03828125
0 0.30390625 0.85546875 0.0875 0.0359375
0 0.303125 0.890625 0.08671875 0.0375
0 0.30546875 0.925 0.08671875 0.040625
0 0.3046875 0.96171875 0.08671875 0.04453125
0 0.20703125 0.71171875 0.08515625 0.0359375
0 0.209375 0.746875 0.08671875 0.03984375
0 0.209375 0.78203125 0.08671875 0.040625
0 0.2109375 0.81796875 0.08828125 0.034375
0 0.2109375 0.85234375 0.08984375 0.03984375
0 0.2125 0.88828125 0.0875 0.03671875
0 0.2125 0.92734375 0.0875 0.034375
0 0.21328125 0.95859375 0.08515625 0.03515625
0 0.11875 0.7078125 0.0828125 0.03828125
0 0.1171875 0.74453125 0.08671875 0.03671875
0 0.11875 0.77890625 0.0828125 0.03671875
0 0.11953125 0.81484375 0.08125 0.0375
0 0.12109375 0.84765625 0.084375 0.034375
0 0.1203125 0.884375 0.08671875 0.0421875
0 0.12265625 0.921875 0.084375 0.0359375
0 0.121875 0.9609375 0.0859375 0.03515625
0 0.2140625 0.9890625 0.08671875 0.02109375
0 0.12265625 0.990625 0.08515625 0.01875
0 0.4625 0.46640625 0.07421875 0.040625
0 0.4625 0.43125 0.075 0.03515625
0 0.46484375 0.396875 0.07578125 0.03828125
0 0.46640625 0.3578125 0.07734375 0.03671875
0 0.4671875 0.31953125 0.078125 0.040625
0 0.46796875 0.28359375 0.078125 0.03515625
0 0.4671875 0.24765625 0.0765625 0.040625
0 0.4671875 0.2125 0.0765625 0.04140625
0 0.46796875 0.17421875 0.0765625 0.03828125
0 0.46640625 0.13359375 0.075 0.04140625
0 0.46328125 0.1 0.07265625 0.0359375
0 0.46328125 0.06328125 0.07265625 0.040625
0 0.46328125 0.02734375 0.07421875 0.03828125
0 0.3875 0.0265625 0.0765625 0.03828125
0 0.3875 0.06484375 0.075 0.034375
0 0.3890625 0.1 0.075 0.03515625
0 0.390625 0.1375 0.07578125 0.0359375
0 0.3921875 0.175 0.0765625 0.040625
0 0.38984375 0.2109375 0.075 0.04296875
0 0.39140625 0.2515625 0.0765625 0.0375
0 0.390625 0.284375 0.07421875 0.0359375
0 0.390625 0.3234375 0.07578125 0.034375
0 0.3890625 0.35625 0.075 0.040625
0 0.3875 0.39609375 0.07890625 0.03984375
0 0.38671875 0.43359375 0.0765625 0.03515625
0 0.3859375 0.47109375 0.0765625 0.04609375
0 0.309375 0.471875 0.07578125 0.0421875
0 0.30859375 0.4328125 0.0765625 0.0375
0 0.3109375 0.39609375 0.078125 0.0375
0 0.31328125 0.35859375 0.07890625 0.040625
0 0.315625 0.31875 0.0765625 0.04609375
0 0.315625 0.28203125 0.07734375 0.03671875
0 0.31640625 0.2453125 0.0765625 0.040625
0 0.31640625 0.20625 0.0765625 0.04140625
0 0.3140625 0.16875 0.0765625 0.040625
0 0.3140625 0.13203125 0.075 0.0359375
0 0.3140625 0.09921875 0.075 0.034375
0 0.3140625 0.06328125 0.075 0.04296875
0 0.3125 0.028125 0.07265625 0.03515625
0 0.23828125 0.0265625 0.08046875 0.0359375
0 0.234375 0.06328125 0.078125 0.04296875
0 0.23671875 0.1 0.07734375 0.0375
0 0.23671875 0.1328125 0.07734375 0.0375
0 0.2359375 0.16953125 0.078125 0.03828125
0 0.2375 0.209375 0.078125 0.0375
0 0.23828125 0.2453125 0.07734375 0.0421875
0 0.2375 0.28203125 0.078125 0.0375
0 0.2359375 0.32109375 0.07734375 0.040625
0 0.2359375 0.36015625 0.07734375 0.0375
0 0.2328125 0.39921875 0.07421875 0.0359375
0 0.23359375 0.43671875 0.078125 0.0375
0 0.23125 0.47421875 0.0765625 0.03671875
0 0.15703125 0.4703125 0.075 0.040625
0 0.15703125 0.43125 0.0765625 0.04296875
0 0.1578125 0.3921875 0.075 0.03671875
0 0.15859375 0.35625 0.07578125 0.040625
0 0.15859375 0.31796875 0.0765625 0.04296875
0 0.159375 0.2796875 0.0765625 0.04140625
0 0.16015625 0.24140625 0.0734375 0.03828125
0 0.16015625 0.20390625 0.071875 0.0421875
0 0.16171875 0.1671875 0.0734375 0.04140625
0 0.159375 0.13046875 0.0765625 0.04296875
0 0.15859375 0.09296875 0.07265625 0.03828125
0 0.15703125 0.06015625 0.071875 0.0484375
0 0.1578125 0.02421875 0.0765625 0.03828125
0 0.0828125 0.01875 0.07734375 0.03671875
0 0.08125 0.05546875 0.07734375 0.053125
0 0.08125 0.0890625 0.08125 0.04296875
0 0.0796875 0.12578125 0.078125 0.03984375
0 0.08359375 0.1671875 0.08046875 0.0453125
0 0.08203125 0.2 0.078125 0.03984375
0 0.0828125 0.2375 0.07890625 0.03828125
0 0.08203125 0.27734375 0.0765625 0.04140625
0 0.08125 0.3203125 0.07578125 0.03515625
0 0.08203125 0.359375 0.0765625 0.0375
0 0.07890625 0.3953125 0.0765625 0.03515625
0 0.07890625 0.43203125 0.07734375 0.03828125
0 0.0796875 0.47109375 0.0765625 0.0359375