0 0.0234375 0.15859375 0.046875 0.046875
0 0.02265625 0.11328125 0.04453125 0.0515625
0 0.02109375 0.0671875 0.04140625 0.04921875
0 0.065625 0.02421875 0.07109375 0.04765625
0 0.07578125 0.06875 0.06953125 0.0609375
0 0.0796875 0.1171875 0.06484375 0.05625
0 0.08203125 0.159375 0.0671875 0.0515625
0 0.14140625 0.0515625 0.0734375 0.05390625
0 0.1484375 0.10546875 0.0734375 0.05390625
0 0.14921875 0.15703125 0.0625 0.0453125
0 0.2328125 0.03828125 0.0796875 0.06640625
0 0.23359375 0.096875 0.078125 0.0578125
0 0.23828125 0.15546875 0.07890625 0.0578125
0 0.31640625 0.0359375 0.08984375 0.06484375
0 0.31640625 0.0953125 0.08671875 0.06484375
0 0.31875 0.153125 0.08125 0.05546875
0 0.41171875 0.028125 0.0984375 0.0546875
0 0.41015625 0.08828125 0.09921875 0.071875
0 0.40859375 0.15078125 0.096875 0.06484375
0 0.51484375 0.02578125 0.10859375 0.05078125
0 0.51328125 0.07890625 0.1078125 0.0765625
0 0.5140625 0.15 0.1046875 0.0609375
0 0.628125 0.02265625 0.11796875 0.04296875
0 0.62734375 0.0734375 0.11953125 0.0828125
0 0.6265625 0.1453125 0.11796875 0.07734375
0 0.01875 0.69453125 0.03671875 0.0453125
0 0.0203125 0.73515625 0.03984375 0.05234375
0 0.021875 0.77578125 0.04375 0.0515625
0 0.02578125 0.81484375 0.04765625 0.046875
0 0.03046875 0.85078125 0.04609375 0.04921875
0 0.034375 0.890625 0.0484375 0.04921875
0 0.0390625 0.92421875 0.04765625 0.05
0 0.04140625 0.959375 0.04609375 0.0578125
0 0.0625 0.70546875 0.05234375 0.05859375
0 0.06796875 0.75 0.05 0.05390625
0 0.071875 0.78984375 0.0515625 0.05625
0 0.0765625 0.834375 0.04609375 0.046875
0 0.0796875 0.871875 0.0453125 0.04296875
0 0.08359375 0.9046875 0.0484375 0.04453125
0 0.0890625 0.94765625 0.05390625 0.04453125
0 0.1171875 0.72421875 0.05546875 0.05234375
0 0.1203125 0.765625 0.05546875 0.04765625
0 0.1234375 0.80703125 0.05078125 0.05
0 0.12578125 0.8515625 0.05234375 0.05390625
0 0.1296875 0.88671875 0.053125 0.053125
0 0.134375 0.92578125 0.05625 0.053125
0 0.1390625 0.96171875 0.05078125 0.053125
0 0.2484375 0.609375 0.07734375 0.06484375
0 0.25 0.65859375 0.078125 0.0609375
0 0.25390625 0.7078125 0.07734375 0.06328125
0 0.2578125 0.75390625 0.071875 0.06015625
0 0.259375 0.8015625 0.0734375 0.06484375
0 0.2625 0.84453125 0.075 0.06484375
0 0.2671875 0.88828125 0.07578125 0.06484375
0 0.27109375 0.93125 0.07109375 0.06328125
0 0.27109375 0.96953125 0.06953125 0.0609375
0 0.328125 0.6234375 0.0828125 0.06640625
0 0.33046875 0.6734375 0.0796875 0.06328125
0 0.3328125 0.72578125 0.07734375 0.06484375
0 0.33359375 0.771875 0.0765625 0.06328125
0 0.3359375 0.82109375 0.0796875 0.05859375
0 0.3390625 0.86796875 0.07734375 0.06484375
0 0.34140625 0.9125 0.0765625 0.06640625
0 0.34296875 0.95234375 0.0734375 0.06484375
0 0.34375 0.98046875 0.07265625 0.0390625
0 0.41328125 0.6375 0.08984375 0.06484375
0 0.41640625 0.690625 0.0890625 0.06640625
0 0.415625 0.7421875 0.08515625 0.0734375
0 0.4171875 0.79296875 0.08671875 0.071875
0 0.41953125 0.84296875 0.0890625 0.0734375
0 0.41953125 0.89296875 0.08671875 0.06875
0 0.4234375 0.94140625 0.084375 0.07421875
0 0.4234375 0.975 0.08125 0.05
0 0.5046875 0.65546875 0.0953125 0.06953125
0 0.50703125 0.7125 0.09296875 0.07421875
0 0.5078125 0.76484375 0.09296875 0.07578125
0 0.5078125 0.81875 0.0921875 0.0765625
0 0.50859375 0.8671875 0.09296875 0.07421875
0 0.51015625 0.91875 0.08984375 0.07578125
0 0.5125 0.96484375 0.09140625 0.0671875
0 0.60625 0.67734375 0.10625 0.078125
0 0.6078125 0.73203125 0.10234375 0.07578125
0 0.60546875 0.79140625 0.103125 0.07578125
0 0.60625 0.84453125 0.1 0.07734375
0 0.60703125 0.89765625 0.1 0.07734375
0 0.60546875 0.94765625 0.09609375 0.06875
0 0.60546875 0.98046875 0.0953125 0.0390625
0 0.8546875 0.853125 0.12734375 0.0953125
0 0.95234375 0.81484375 0.0953125 0.0796875
0 0.8375 0.91640625 0.1296875 0.1
0 0.94921875 0.94921875 0.10078125 0.08515625
0 0.834375 0.96484375 0.12734375 0.06953125
0 0.92734375 0.103125 0.1453125 0.18125
1 0.309375 0.44609375 0.08203125 0.07734375