0 0.0734375 0.12265625 0.1453125 0.1390625
0 0.07421875 0.2546875 0.146875 0.1328125
0 0.075 0.3765625 0.14921875 0.11953125
0 0.075 0.4953125 0.14921875 0.1171875
0 0.0765625 0.61484375 0.153125 0.12578125
0 0.0765625 0.73125 0.1515625 0.1328125
0 0.07890625 0.846875 0.15625 0.146875
0 0.08046875 0.93984375 0.1609375 0.1203125
0 0.24140625 0.140625 0.190625 0.14140625
0 0.24140625 0.25703125 0.18828125 0.128125
0 0.240625 0.371875 0.1859375 0.115625
0 0.2421875 0.49140625 0.1828125 0.11953125
0 0.24296875 0.60078125 0.1828125 0.1265625
0 0.24375 0.71015625 0.18125 0.13125
0 0.24765625 0.815625 0.18046875 0.13515625
0 0.246875 0.9171875 0.17265625 0.13671875
0 0.24921875 0.9734375 0.1734375 0.053125
0 0.45625 0.378125 0.09453125 0.0625
0 0.45625 0.4375 0.08984375 0.0625
0 0.4546875 0.50234375 0.0953125 0.0625
0 0.45234375 0.5578125 0.09296875 0.0609375
0 0.45234375 0.61484375 0.09296875 0.0625
0 0.45 0.66796875 0.09296875 0.05859375
0 0.446875 0.721875 0.09296875 0.06484375
0 0.4453125 0.77734375 0.090625 0.06015625
0 0.44296875 0.828125 0.08828125 0.06484375
0 0.440625 0.87734375 0.0921875 0.0671875
0 0.44375 0.9296875 0.0890625 0.06953125
0 0.44375 0.9734375 0.0859375 0.053125
0 0.528125 0.95625 0.08125 0.06875
0 0.53125 0.9078125 0.08125 0.06484375
0 0.52890625 0.859375 0.084375 0.06640625
0 0.5296875 0.81171875 0.0828125 0.06484375
0 0.534375 0.7625 0.084375 0.06484375
0 0.5359375 0.7125 0.084375 0.0609375
0 0.53984375 0.6609375 0.08515625 0.06640625
0 0.54140625 0.60625 0.0828125 0.0578125
0 0.5421875 0.5515625 0.084375 0.05859375
0 0.54453125 0.4984375 0.08515625 0.05859375
0 0.54453125 0.4421875 0.08828125 0.0625
0 0.5453125 0.384375 0.0859375 0.06015625
0 0.62890625 0.38125 0.0796875 0.053125
0 0.62890625 0.43671875 0.0796875 0.05859375
0 0.62734375 0.490625 0.0796875 0.05546875
0 0.62578125 0.5421875 0.07734375 0.05625
0 0.625 0.59375 0.075 0.05859375
0 0.6203125 0.6453125 0.07734375 0.06015625
0 0.61796875 0.69453125 0.07734375 0.06015625
0 0.61796875 0.74609375 0.0796875 0.05625
0 0.615625 0.79375 0.08125 0.0578125
0 0.61328125 0.84140625 0.08125 0.06484375
0 0.6109375 0.8890625 0.07734375 0.0578125
0 0.61015625 0.934375 0.08125 0.06484375
0 0.703125 0.38203125 0.07109375 0.05390625
0 0.70234375 0.4375 0.07109375 0.05625
0 0.7015625 0.4875 0.06953125 0.053125
0 0.7 0.5375 0.071875 0.05
0 0.696875 0.58671875 0.07109375 0.05390625
0 0.6953125 0.6359375 0.07265625 0.0578125
0 0.69296875 0.6796875 0.071875 0.0578125
0 0.69140625 0.73203125 0.07109375 0.05859375
0 0.6890625 0.7765625 0.071875 0.0578125
0 0.6859375 0.82265625 0.06796875 0.05859375
0 0.6859375 0.86640625 0.06875 0.06484375
0 0.6828125 0.915625 0.071875 0.0609375
0 0.775 0.3890625 0.06875 0.04765625
0 0.77265625 0.43671875 0.06875 0.05
0 0.76875 0.4875 0.0671875 0.05234375
0 0.7671875 0.53359375 0.0640625 0.0515625
0 0.765625 0.5796875 0.06484375 0.053125
0 0.7640625 0.62734375 0.065625 0.05859375
0 0.7640625 0.67265625 0.06484375 0.05390625
0 0.7640625 0.7171875 0.0671875 0.05859375
0 0.759375 0.76328125 0.06796875 0.05390625
0 0.75625 0.80703125 0.0640625 0.05859375
0 0.75625 0.8515625 0.06328125 0.0578125
0 0.7515625 0.89453125 0.065625 0.0578125
0 0.89765625 0.221875 0.05546875 0.05625
0 0.89453125 0.2734375 0.05 0.05390625
0 0.89296875 0.321875 0.0484375 0.05234375
0 0.8921875 0.36640625 0.05 0.05
0 0.88984375 0.4140625 0.05078125 0.046875
0 0.8890625 0.46171875 0.05 0.046875
0 0.88828125 0.5109375 0.0546875 0.04921875
0 0.88671875 0.55859375 0.05546875 0.05
0 0.884375 0.60546875 0.0578125 0.05390625
0 0.88125 0.6515625 0.0546875 0.0515625
0 0.8796875 0.6921875 0.0546875 0.0515625
0 0.87734375 0.74140625 0.05234375 0.04921875
0 0.87578125 0.784375 0.053125 0.0578125
0 0.875 0.82578125 0.053125 0.06015625
0 0.871875 0.86875 0.0515625 0.0578125
0 0.953125 0.228125 0.053125 0.0515625
0 0.94921875 0.2765625 0.05234375 0.0515625
0 0.94609375 0.3265625 0.04765625 0.04765625
0 0.9421875 0.37109375 0.04609375 0.04765625
0 0.94140625 0.415625 0.04765625 0.04453125
0 0.9390625 0.46171875 0.05 0.04453125
0 0.9375 0.50703125 0.04921875 0.0421875
0 0.93828125 0.553125 0.0484375 0.04296875
0 0.9359375 0.5984375 0.05390625 0.05546875
0 0.93203125 0.64765625 0.05 0.04453125
0 0.92890625 0.69140625 0.05078125 0.04765625
0 0.928125 0.73125 0.053125 0.053125
0 0.925 0.77109375 0.05078125 0.05234375
0 0.925 0.815625 0.05078125 0.06015625
0 0.925 0.853125 0.0515625 0.0515625
0 0.9703125 0.8375 0.04609375 0.053125
0 0.97109375 0.8 0.04921875 0.04765625
0 0.97265625 0.76015625 0.0453125 0.053125
0 0.9734375 0.71875 0.04296875 0.05234375
0 0.978125 0.67578125 0.04375 0.05234375
0 0.978125 0.63828125 0.04296875 0.0515625
0 0.9796875 0.590625 0.03984375 0.053125
0 0.98046875 0.5484375 0.0390625 0.05390625
0 0.9796875 0.50546875 0.0359375 0.05
0 0.98203125 0.46171875 0.0359375 0.04921875
0 0.98359375 0.415625 0.0328125 0.04921875
0 0.98359375 0.371875 0.0328125 0.046875
0 0.9828125 0.3328125 0.03359375 0.0515625
0 0.98828125 0.28125 0.0234375 0.046875
0 0.98828125 0.2359375 0.02265625 0.04765625