0 0.075 0.27578125 0.12578125 0.08046875
0 0.06875 0.20546875 0.12578125 0.06484375
0 0.059375 0.1359375 0.11640625 0.07109375
0 0.05859375 0.06640625 0.11640625 0.0671875
0 0.171875 0.0203125 0.11796875 0.03671875
0 0.05625 0.01875 0.1125 0.0375
0 0.18046875 0.07734375 0.11796875 0.06484375
0 0.1875 0.1421875 0.11640625 0.06875
0 0.19296875 0.2078125 0.11484375 0.06484375
0 0.19453125 0.275 0.11328125 0.07578125
0 0.0421875 0.8015625 0.08359375 0.0671875
0 0.0421875 0.859375 0.084375 0.071875
0 0.0453125 0.9140625 0.0890625 0.07421875
0 0.046875 0.96015625 0.0921875 0.0609375
0 0.13046875 0.790625 0.09296875 0.07109375
0 0.1296875 0.8421875 0.0828125 0.06640625
0 0.13359375 0.89296875 0.084375 0.06875
0 0.134375 0.94453125 0.084375 0.06953125
0 0.21796875 0.81875 0.103125 0.0671875
0 0.2234375 0.87421875 0.09765625 0.06953125
0 0.2234375 0.92734375 0.09453125 0.07421875
0 0.22734375 0.971875 0.09765625 0.05546875
0 0.6109375 0.25 0.27734375 0.10390625
0 0.61328125 0.1390625 0.2796875 0.10703125
0 0.61953125 0.04765625 0.28046875 0.09453125
0 0.42734375 0.57421875 0.08828125 0.0515625
0 0.4265625 0.6125 0.08671875 0.046875
0 0.42578125 0.646875 0.084375 0.04140625
0 0.42421875 0.68046875 0.084375 0.0421875
0 0.42265625 0.7140625 0.0828125 0.04453125
0 0.421875 0.746875 0.08671875 0.046875
0 0.41953125 0.7796875 0.08828125 0.0390625
0 0.41875 0.809375 0.084375 0.0453125
0 0.41875 0.84140625 0.0859375 0.0484375
0 0.41796875 0.875 0.08515625 0.0421875
0 0.41796875 0.90390625 0.08515625 0.04609375
0 0.41796875 0.934375 0.08515625 0.04765625
0 0.4171875 0.96328125 0.084375 0.0421875
0 0.41640625 0.98515625 0.0828125 0.0296875
0 0.5125 0.56171875 0.08125 0.04453125
0 0.5109375 0.59375 0.084375 0.0421875
0 0.51015625 0.63046875 0.08125 0.04453125
0 0.51015625 0.66328125 0.08125 0.03984375
0 0.50859375 0.69609375 0.0828125 0.04765625
0 0.50703125 0.7328125 0.07890625 0.0453125
0 0.50546875 0.7640625 0.07890625 0.04140625
0 0.5046875 0.79453125 0.08125 0.04921875
0 0.50234375 0.82578125 0.07890625 0.04453125
0 0.5015625 0.85859375 0.07890625 0.04140625
0 0.50078125 0.91640625 0.0796875 0.04453125
0 0.50078125 0.9453125 0.07890625 0.04296875
0 0.50078125 0.971875 0.0765625 0.03984375
0 0.5921875 0.553125 0.07578125 0.0390625
0 0.59140625 0.584375 0.075 0.03984375
0 0.58984375 0.61796875 0.0734375 0.03984375
0 0.5890625 0.64765625 0.075 0.03984375
0 0.5875 0.68203125 0.075 0.0421875
0 0.5859375 0.71328125 0.075 0.04140625
0 0.584375 0.74375 0.075 0.03984375
0 0.5828125 0.775 0.07109375 0.04453125
0 0.58203125 0.8046875 0.0765625 0.04453125
0 0.58203125 0.83515625 0.0734375 0.04296875
0 0.5796875 0.8671875 0.0765625 0.0390625
0 0.5796875 0.89609375 0.07265625 0.0421875
0 0.578125 0.9234375 0.0734375 0.04375
0 0.5765625 0.95546875 0.071875 0.04765625
0 0.5765625 0.97890625 0.071875 0.0421875
0 0.66328125 0.54140625 0.065625 0.034375
0 0.66171875 0.5703125 0.065625 0.0359375
0 0.6625 0.6046875 0.06640625 0.0390625
0 0.66015625 0.63359375 0.06875 0.04140625
0 0.659375 0.66640625 0.0671875 0.040625
0 0.65703125 0.696875 0.0703125 0.0421875
0 0.65703125 0.7265625 0.06796875 0.0390625
0 0.65546875 0.75546875 0.06875 0.040625
0 0.6546875 0.78515625 0.0671875 0.04140625
0 0.6546875 0.815625 0.06796875 0.04453125
0 0.65390625 0.84609375 0.06875 0.04453125
0 0.65234375 0.875 0.06796875 0.04453125
0 0.65078125 0.90078125 0.0671875 0.0421875
0 0.64921875 0.93203125 0.0671875 0.04140625
0 0.646875 0.96015625 0.0703125 0.04765625
0 0.64609375 0.97890625 0.0671875 0.0421875
0 0.88515625 0.48515625 0.0609375 0.0375
0 0.8828125 0.51640625 0.059375 0.02890625
0 0.88125 0.546875 0.0609375 0.03203125
0 0.87890625 0.57421875 0.0609375 0.034375
0 0.8765625 0.60390625 0.059375 0.034375
0 0.875 0.63125 0.059375 0.03515625
0 0.87265625 0.659375 0.06015625 0.03203125
0 0.8703125 0.6890625 0.0578125 0.03125
0 0.86875 0.71796875 0.0609375 0.03125
0 0.865625 0.74140625 0.05859375 0.034375
0 0.86328125 0.7703125 0.06015625 0.03671875
0 0.8609375 0.7984375 0.0578125 0.0375
0 0.86015625 0.82578125 0.06171875 0.0390625
0 0.8578125 0.84921875 0.05625 0.03671875
0 0.85703125 0.875 0.0578125 0.0328125
0 0.8546875 0.90390625 0.0578125 0.03984375
0 0.85390625 0.93125 0.05625 0.0375
0 0.853125 0.95546875 0.05859375 0.03671875
0 0.85078125 0.98203125 0.05546875 0.03515625
0 0.91015625 0.98515625 0.0546875 0.0296875
0 0.9109375 0.9640625 0.053125 0.03359375
0 0.9125 0.94296875 0.053125 0.040625
0 0.9125 0.91640625 0.05390625 0.0390625
0 0.91484375 0.890625 0.05546875 0.0390625
0 0.9171875 0.86484375 0.053125 0.0390625
0 0.91796875 0.8375 0.05546875 0.0390625
0 0.91875 0.8109375 0.05625 0.03671875
0 0.91953125 0.78671875 0.05546875 0.0375
0 0.921875 0.76015625 0.05546875 0.03203125
0 0.92421875 0.73515625 0.05546875 0.034375
0 0.9265625 0.709375 0.05625 0.034375
0 0.92734375 0.6828125 0.05546875 0.02890625
0 0.93203125 0.653125 0.05546875 0.03671875
0 0.934375 0.6265625 0.05546875 0.0359375
0 0.9359375 0.59609375 0.053125 0.034375
0 0.9375 0.56875 0.05390625 0.03359375
0 0.9390625 0.54140625 0.05390625 0.0296875
0 0.94296875 0.51640625 0.05546875 0.02734375
0 0.94375 0.4859375 0.053125 0.03359375
0 0.9859375 0.48046875 0.028125 0.0328125
0 0.98515625 0.51640625 0.0296875 0.0296875
0 0.98359375 0.540625 0.0328125 0.02890625
0 0.9828125 0.5625 0.034375 0.02890625
0 0.98125 0.5875 0.0375 0.03125
0 0.98046875 0.615625 0.03828125 0.03515625
0 0.98046875 0.64296875 0.0390625 0.0296875
0 0.9796875 0.6703125 0.03984375 0.02890625
0 0.97734375 0.69609375 0.0453125 0.03203125
0 0.9765625 0.7203125 0.046875 0.03125
0 0.97578125 0.74609375 0.0484375 0.0296875
0 0.97578125 0.7703125 0.04765625 0.03125
0 0.975 0.79609375 0.05 0.03515625
0 0.9734375 0.82265625 0.05 0.03125
0 0.9703125 0.8484375 0.05078125 0.0375
0 0.96953125 0.871875 0.04765625 0.03359375
0 0.96796875 0.89765625 0.05078125 0.034375
0 0.965625 0.9234375 0.0484375 0.03203125
0 0.965625 0.95 0.05 0.03359375
0 0.9640625 0.97265625 0.04921875 0.04453125
0 0.96328125 0.98671875 0.0484375 0.0265625
0 0.8796875 0.2828125 0.05625 0.03359375
0 0.88046875 0.24921875 0.05546875 0.03828125
0 0.8796875 0.215625 0.05390625 0.034375
0 0.88125 0.178125 0.059375 0.0390625
0 0.88125 0.146875 0.06171875 0.03203125
0 0.88203125 0.1109375 0.05859375 0.03515625
0 0.8828125 0.078125 0.05703125 0.0359375
0 0.884375 0.04140625 0.06015625 0.04140625
0 0.8828125 0.01328125 0.06171875 0.025
0 0.93359375 0.2828125 0.05078125 0.03671875
0 0.934375 0.2484375 0.0515625 0.034375
0 0.93515625 0.21484375 0.0515625 0.03203125
0 0.9359375 0.18125 0.05234375 0.034375
0 0.9375 0.14765625 0.04921875 0.0359375
0 0.93828125 0.1140625 0.05 0.03359375
0 0.9390625 0.08203125 0.05 0.0390625
0 0.94140625 0.04765625 0.0515625 0.0390625
0 0.9421875 0.015625 0.05234375 0.0296875
0 0.98125 0.28203125 0.0375 0.0328125
0 0.98046875 0.24921875 0.03828125 0.0328125
0 0.98125 0.21640625 0.0375 0.0359375
0 0.98125 0.1828125 0.0375 0.040625
0 0.98203125 0.1484375 0.0359375 0.0359375
0 0.9828125 0.11484375 0.034375 0.03359375
0 0.9828125 0.084375 0.03359375 0.0296875
0 0.984375 0.05234375 0.03046875 0.03984375
0 0.9828125 0.01796875 0.034375 0.03359375