0 0.92578125 0.27578125 0.12578125 0.08046875
0 0.93203125 0.20546875 0.12578125 0.06484375
0 0.94140625 0.1359375 0.11640625 0.07109375
0 0.94140625 0.06640625 0.11640625 0.0671875
0 0.828125 0.0203125 0.11796875 0.03671875
0 0.94375 0.01875 0.1125 0.0375
0 0.81953125 0.07734375 0.11796875 0.06484375
0 0.81328125 0.1421875 0.11640625 0.06875
0 0.80703125 0.2078125 0.11484375 0.06484375
0 0.80546875 0.275 0.11328125 0.07578125
0 0.9578125 0.80078125 0.084375 0.0671875
0 0.95703125 0.859375 0.0859375 0.071875
0 0.95546875 0.9140625 0.0890625 0.07421875
0 0.95390625 0.96015625 0.0921875 0.0609375
0 0.8703125 0.790625 0.09296875 0.07109375
0 0.8703125 0.8421875 0.0828125 0.06640625
0 0.8671875 0.89296875 0.084375 0.06875
0 0.865625 0.94453125 0.084375 0.06953125
0 0.7828125 0.81875 0.103125 0.0671875
0 0.7765625 0.87421875 0.09765625 0.06953125
0 0.7765625 0.92734375 0.09453125 0.07421875
0 0.77265625 0.971875 0.09765625 0.05546875
0 0.3890625 0.25 0.27734375 0.10390625
0 0.3875 0.1390625 0.2796875 0.10703125
0 0.38046875 0.04765625 0.28046875 0.09453125
0 0.5734375 0.57421875 0.08828125 0.0515625
0 0.5734375 0.6125 0.08671875 0.046875
0 0.57421875 0.646875 0.084375 0.04140625
0 0.57578125 0.68046875 0.084375 0.0421875
0 0.57734375 0.7140625 0.0828125 0.04453125
0 0.578125 0.746875 0.08671875 0.046875
0 0.58046875 0.7796875 0.08828125 0.0390625
0 0.58125 0.809375 0.084375 0.0453125
0 0.58125 0.84140625 0.0859375 0.0484375
0 0.5828125 0.875 0.08515625 0.0421875
0 0.5828125 0.90390625 0.08515625 0.04609375
0 0.5828125 0.934375 0.08515625 0.04765625
0 0.58359375 0.96328125 0.084375 0.0421875
0 0.58359375 0.98515625 0.0828125 0.0296875
0 0.4875 0.56171875 0.08125 0.04453125
0 0.4890625 0.59375 0.084375 0.0421875
0 0.48984375 0.63046875 0.08125 0.04453125
0 0.490625 0.66328125 0.08125 0.03984375
0 0.49140625 0.69609375 0.0828125 0.04765625
0 0.49375 0.7328125 0.07890625 0.0453125
0 0.49453125 0.7640625 0.07890625 0.04140625
0 0.4953125 0.79453125 0.08125 0.04921875
0 0.49765625 0.82578125 0.07890625 0.04453125
0 0.49921875 0.85859375 0.07890625 0.04140625
0 0.49921875 0.91640625 0.0796875 0.04453125
0 0.5 0.9453125 0.07890625 0.04296875
0 0.49921875 0.971875 0.0765625 0.03984375
0 0.4078125 0.553125 0.07578125 0.0390625
0 0.40859375 0.584375 0.075 0.03984375
0 0.4109375 0.61796875 0.0734375 0.03984375
0 0.4109375 0.64765625 0.075 0.03984375
0 0.41328125 0.68203125 0.075 0.0421875
0 0.4140625 0.71328125 0.075 0.04140625
0 0.415625 0.74375 0.075 0.03984375
0 0.4171875 0.775 0.07109375 0.04453125
0 0.41796875 0.8046875 0.0765625 0.04453125
0 0.41796875 0.83515625 0.0734375 0.04296875
0 0.42109375 0.8671875 0.0765625 0.0390625
0 0.4203125 0.89609375 0.07265625 0.0421875
0 0.421875 0.9234375 0.0734375 0.04375
0 0.42421875 0.95546875 0.071875 0.04765625
0 0.4234375 0.97890625 0.071875 0.0421875
0 0.33671875 0.54140625 0.065625 0.034375
0 0.33828125 0.5703125 0.065625 0.0359375
0 0.3375 0.6046875 0.06640625 0.0390625
0 0.33984375 0.63359375 0.06875 0.04140625
0 0.340625 0.66640625 0.0671875 0.040625
0 0.34296875 0.696875 0.0703125 0.0421875
0 0.34375 0.7265625 0.06796875 0.0390625
0 0.3453125 0.75546875 0.06875 0.040625
0 0.3453125 0.78515625 0.0671875 0.04140625
0 0.34609375 0.815625 0.06796875 0.04453125
0 0.346875 0.84609375 0.06875 0.04453125
0 0.3484375 0.875 0.06796875 0.04453125
0 0.34921875 0.90078125 0.0671875 0.0421875
0 0.35078125 0.93203125 0.0671875 0.04140625
0 0.353125 0.96015625 0.0703125 0.04765625
0 0.35234375 0.97890625 0.0671875 0.0421875
0 0.115625 0.48515625 0.0609375 0.0375
0 0.1171875 0.51640625 0.059375 0.02890625
0 0.11875 0.546875 0.0609375 0.03203125
0 0.12109375 0.57421875 0.0609375 0.034375
0 0.1234375 0.60390625 0.059375 0.034375
0 0.125 0.63125 0.059375 0.03515625
0 0.12734375 0.659375 0.06015625 0.03203125
0 0.1296875 0.6890625 0.0578125 0.03125
0 0.13125 0.71796875 0.0609375 0.03125
0 0.134375 0.74140625 0.05859375 0.034375
0 0.1375 0.7703125 0.06015625 0.03671875
0 0.1390625 0.7984375 0.0578125 0.0375
0 0.13984375 0.82578125 0.06171875 0.0390625
0 0.14296875 0.84921875 0.05625 0.03671875
0 0.14296875 0.875 0.0578125 0.0328125
0 0.1453125 0.90390625 0.0578125 0.03984375
0 0.14609375 0.93125 0.05625 0.0375
0 0.146875 0.95546875 0.05859375 0.03671875
0 0.15 0.98203125 0.05546875 0.03515625
0 0.08828125 0.98515625 0.0546875 0.0296875
0 0.0890625 0.9640625 0.053125 0.03359375
0 0.0875 0.94296875 0.053125 0.040625
0 0.08828125 0.91640625 0.05390625 0.0390625
0 0.08515625 0.890625 0.05546875 0.0390625
0 0.08359375 0.86484375 0.053125 0.0390625
0 0.0828125 0.8375 0.05546875 0.0390625
0 0.08203125 0.8109375 0.05625 0.03671875
0 0.08046875 0.78671875 0.05546875 0.0375
0 0.078125 0.76015625 0.05546875 0.03203125
0 0.07578125 0.73515625 0.05546875 0.034375
0 0.07421875 0.709375 0.05625 0.034375
0 0.07265625 0.6828125 0.05546875 0.02890625
0 0.06875 0.653125 0.05546875 0.03671875
0 0.065625 0.6265625 0.05546875 0.0359375
0 0.06484375 0.59609375 0.053125 0.034375
0 0.0625 0.56875 0.05390625 0.03359375
0 0.0609375 0.54140625 0.05390625 0.0296875
0 0.0578125 0.51640625 0.05546875 0.02734375
0 0.05703125 0.4859375 0.053125 0.03359375
0 0.0140625 0.48046875 0.028125 0.0328125
0 0.015625 0.51640625 0.0296875 0.0296875
0 0.01640625 0.540625 0.0328125 0.02890625
0 0.0171875 0.5625 0.034375 0.02890625
0 0.01875 0.58828125 0.03671875 0.03046875
0 0.01953125 0.615625 0.03828125 0.03515625
0 0.01953125 0.64296875 0.0390625 0.0296875
0 0.0203125 0.6703125 0.03984375 0.02890625
0 0.02265625 0.69609375 0.0453125 0.03203125
0 0.02265625 0.7203125 0.0453125 0.03125
0 0.02421875 0.746875 0.04765625 0.0296875
0 0.02421875 0.7703125 0.04765625 0.03125
0 0.025 0.79609375 0.05 0.03515625
0 0.0265625 0.82265625 0.05 0.03125
0 0.0296875 0.8484375 0.05078125 0.0375
0 0.03046875 0.871875 0.04765625 0.03359375
0 0.03203125 0.89765625 0.05078125 0.034375
0 0.034375 0.9234375 0.0484375 0.03203125
0 0.034375 0.95 0.05 0.03359375
0 0.03671875 0.97265625 0.04921875 0.04453125
0 0.03515625 0.98671875 0.0484375 0.0265625
0 0.1203125 0.2828125 0.05625 0.03359375
0 0.11953125 0.24921875 0.05546875 0.03828125
0 0.12109375 0.215625 0.05390625 0.034375
0 0.11875 0.178125 0.059375 0.0390625
0 0.11875 0.146875 0.06171875 0.03203125
0 0.11796875 0.1109375 0.05859375 0.03515625
0 0.1171875 0.078125 0.05703125 0.0359375
0 0.115625 0.04140625 0.06015625 0.04140625
0 0.11796875 0.01328125 0.06171875 0.025
0 0.06640625 0.2828125 0.05078125 0.03671875
0 0.06640625 0.2484375 0.0515625 0.034375
0 0.06484375 0.21484375 0.0515625 0.03203125
0 0.0640625 0.18125 0.05234375 0.034375
0 0.0625 0.14765625 0.04921875 0.0359375
0 0.0625 0.1140625 0.05 0.03359375
0 0.0609375 0.08203125 0.05 0.0390625
0 0.05859375 0.04765625 0.0515625 0.0390625
0 0.05859375 0.015625 0.05234375 0.0296875
0 0.01953125 0.28203125 0.0375 0.0328125
0 0.01953125 0.24921875 0.03828125 0.0328125
0 0.01875 0.2171875 0.03671875 0.0359375
0 0.01875 0.18359375 0.03671875 0.040625
0 0.01796875 0.1484375 0.0359375 0.0359375
0 0.01796875 0.11484375 0.034375 0.03359375
0 0.0171875 0.084375 0.03359375 0.0296875
0 0.015625 0.05234375 0.03046875 0.03984375
0 0.0171875 0.01796875 0.034375 0.03359375