0 0.71171875 0.346875 0.31171875 0.1171875
0 0.70859375 0.45546875 0.3078125 0.121875
0 0.71953125 0.56015625 0.30625 0.11484375
0 0.6984375 0.65390625 0.29609375 0.1046875
0 0.703125 0.7484375 0.28984375 0.10390625
0 0.7015625 0.83828125 0.2859375 0.10234375
0 0.39375 0.11875 0.075 0.04140625
0 0.39140625 0.15859375 0.0734375 0.04140625
0 0.39140625 0.1984375 0.075 0.0359375
0 0.39296875 0.23671875 0.07265625 0.040625
0 0.39375 0.275 0.0734375 0.040625
0 0.3953125 0.31171875 0.0734375 0.04140625
0 0.3953125 0.34765625 0.07109375 0.03984375
0 0.39765625 0.38671875 0.071875 0.0390625
0 0.3984375 0.4234375 0.071875 0.0359375
0 0.4 0.4578125 0.07109375 0.03828125
0 0.4 0.4953125 0.07109375 0.03828125
0 0.40234375 0.52890625 0.071875 0.034375
0 0.4046875 0.5625 0.06953125 0.0328125
0 0.4046875 0.5984375 0.071875 0.034375
0 0.4078125 0.63046875 0.07109375 0.03359375
0 0.4078125 0.66484375 0.06953125 0.034375
0 0.40859375 0.69921875 0.06875 0.03125
0 0.409375 0.73125 0.06953125 0.03515625
0 0.4078125 0.7640625 0.0671875 0.03359375
0 0.40703125 0.79765625 0.06875 0.0328125
0 0.40625 0.83125 0.0640625 0.03125
0 0.40625 0.8609375 0.06484375 0.028125
0 0.340625 0.85390625 0.06640625 0.03125
0 0.3390625 0.821875 0.0703125 0.03359375
0 0.3390625 0.79140625 0.06796875 0.034375
0 0.3390625 0.76015625 0.0671875 0.03359375
0 0.340625 0.72734375 0.06796875 0.03515625
0 0.33984375 0.69453125 0.06796875 0.03203125
0 0.3390625 0.6640625 0.06953125 0.034375
0 0.3375 0.63046875 0.0703125 0.034375
0 0.33515625 0.5953125 0.06953125 0.03359375
0 0.33359375 0.56171875 0.06953125 0.03359375
0 0.33046875 0.52890625 0.06953125 0.03828125
0 0.32890625 0.49375 0.0703125 0.0359375
0 0.32890625 0.459375 0.06953125 0.0359375
0 0.3265625 0.4234375 0.07109375 0.0359375
0 0.3234375 0.3859375 0.071875 0.0375
0 0.32421875 0.3515625 0.071875 0.034375
0 0.32265625 0.31171875 0.071875 0.0421875
0 0.3203125 0.2734375 0.07265625 0.04140625
0 0.31875 0.2359375 0.075 0.0390625
0 0.31796875 0.19765625 0.0765625 0.03671875
0 0.315625 0.159375 0.0734375 0.04140625
0 0.3171875 0.1203125 0.0765625 0.040625
0 0.2421875 0.1203125 0.0734375 0.0390625
0 0.240625 0.159375 0.07578125 0.040625
0 0.2421875 0.19921875 0.0734375 0.0390625
0 0.2453125 0.23671875 0.071875 0.03828125
0 0.246875 0.27421875 0.07265625 0.03828125
0 0.25 0.3109375 0.07109375 0.03359375
0 0.25 0.346875 0.06875 0.04296875
0 0.25234375 0.38515625 0.0671875 0.0359375
0 0.25390625 0.4203125 0.06484375 0.0359375
0 0.25703125 0.45625 0.0671875 0.03515625
0 0.259375 0.49140625 0.06875 0.0328125
0 0.259375 0.52734375 0.0703125 0.0359375
0 0.26328125 0.56328125 0.06875 0.034375
0 0.265625 0.59453125 0.06953125 0.0359375
0 0.26875 0.62890625 0.06953125 0.034375
0 0.26875 0.6609375 0.06953125 0.03203125
0 0.2703125 0.6921875 0.06953125 0.0359375
0 0.271875 0.72578125 0.06875 0.03515625
0 0.271875 0.75859375 0.0671875 0.03359375
0 0.271875 0.790625 0.06796875 0.0328125
0 0.2734375 0.821875 0.06484375 0.03359375
0 0.2734375 0.8515625 0.06484375 0.03125
0 0.1671875 0.121875 0.07265625 0.04140625
0 0.16875 0.159375 0.071875 0.03515625
0 0.17109375 0.2 0.06875 0.040625
0 0.17265625 0.23828125 0.06953125 0.0390625
0 0.17421875 0.27421875 0.06796875 0.04296875
0 0.178125 0.309375 0.0703125 0.03671875
0 0.18125 0.34765625 0.06953125 0.0359375
0 0.184375 0.38203125 0.065625 0.03671875
0 0.18671875 0.41796875 0.0671875 0.03515625
0 0.1890625 0.4546875 0.06640625 0.0359375
0 0.1890625 0.4890625 0.06640625 0.03515625
0 0.19140625 0.52578125 0.06328125 0.034375
0 0.1953125 0.56015625 0.0671875 0.034375
0 0.196875 0.59296875 0.0671875 0.03515625
0 0.2 0.62578125 0.0640625 0.0359375
0 0.2015625 0.659375 0.065625 0.03125
0 0.203125 0.690625 0.06484375 0.034375
0 0.2046875 0.7234375 0.06328125 0.03203125
0 0.20625 0.75390625 0.0625 0.03125
0 0.20625 0.784375 0.06171875 0.03203125
0 0.20859375 0.8171875 0.0625 0.03203125
0 0.2078125 0.84453125 0.06328125 0.03203125
0 0.09453125 0.1234375 0.0734375 0.04375
0 0.09609375 0.1625 0.071875 0.04296875
0 0.1 0.196875 0.071875 0.04140625
0 0.10234375 0.2375 0.071875 0.04140625
0 0.1046875 0.2734375 0.06953125 0.040625
0 0.1078125 0.31171875 0.0703125 0.040625
0 0.1109375 0.34765625 0.0703125 0.0421875
0 0.115625 0.38125 0.06875 0.03828125
0 0.11796875 0.41875 0.0671875 0.03828125
0 0.11875 0.453125 0.06953125 0.034375
0 0.12109375 0.48828125 0.065625 0.03671875
0 0.1234375 0.521875 0.06953125 0.03671875
0 0.12734375 0.55703125 0.06796875 0.03203125
0 0.13046875 0.58828125 0.0671875 0.034375
0 0.134375 0.6234375 0.06484375 0.03125
0 0.13359375 0.65546875 0.0640625 0.034375
0 0.1375 0.68828125 0.065625 0.03359375
0 0.13828125 0.7203125 0.0671875 0.03359375
0 0.14140625 0.7484375 0.06484375 0.03515625
0 0.14140625 0.78046875 0.0640625 0.03359375
0 0.14453125 0.81328125 0.06328125 0.034375
0 0.14296875 0.84140625 0.0625 0.03203125
0 0.08125 0.83984375 0.0640625 0.03359375
0 0.078125 0.80625 0.06875 0.03203125
0 0.07734375 0.77578125 0.06328125 0.03515625
0 0.0765625 0.74375 0.0671875 0.03125
0 0.075 0.715625 0.06171875 0.03125
0 0.07265625 0.68515625 0.0640625 0.03671875
0 0.06875 0.65 0.06796875 0.0375
0 0.0671875 0.6171875 0.0671875 0.03828125
0 0.0640625 0.58515625 0.06953125 0.034375
0 0.06015625 0.553125 0.06953125 0.0390625
0 0.0578125 0.51796875 0.0671875 0.0375
0 0.05390625 0.48359375 0.06953125 0.0359375
0 0.0515625 0.45078125 0.06875 0.0359375
0 0.0484375 0.415625 0.06953125 0.040625
0 0.0453125 0.37734375 0.0703125 0.0390625
0 0.04140625 0.3421875 0.06796875 0.03515625
0 0.0375 0.30859375 0.065625 0.0390625
0 0.03515625 0.27109375 0.0703125 0.03984375
0 0.0328125 0.23359375 0.06484375 0.03984375
0 0.03125 0.1953125 0.0625 0.0421875
0 0.0296875 0.15859375 0.059375 0.04296875
0 0.02890625 0.121875 0.0578125 0.0359375
0 0.13359375 0.98515625 0.06640625 0.0296875
0 0.20390625 0.9890625 0.071875 0.02109375