0 0.26484375 0.28828125 0.3296875 0.1265625
0 0.2609375 0.4 0.32734375 0.11640625
0 0.2609375 0.51328125 0.3234375 0.11953125
0 0.2578125 0.62578125 0.325 0.1234375
0 0.259375 0.73515625 0.32109375 0.1171875
0 0.26328125 0.84921875 0.32109375 0.10625
0 0.58671875 0.31953125 0.1078125 0.17421875
0 0.58828125 0.490625 0.10234375 0.16171875
0 0.5796875 0.65390625 0.0984375 0.1609375
0 0.58359375 0.80625 0.1 0.15703125
0 0.6828125 0.80703125 0.10078125 0.15859375
0 0.68359375 0.6484375 0.10625 0.165625
0 0.68828125 0.490625 0.09921875 0.16953125
0 0.690625 0.32109375 0.10546875 0.18046875
0 0.75625 0.17109375 0.08984375 0.12734375
0 0.64140625 0.19375 0.08671875 0.08515625
0 0.790625 0.321875 0.10625 0.17421875
0 0.790625 0.48984375 0.1015625 0.16640625
0 0.78671875 0.653125 0.10859375 0.1640625
0 0.7828125 0.8125 0.1046875 0.15703125
0 0.8828125 0.815625 0.10625 0.15078125
0 0.8890625 0.659375 0.10390625 0.175
0 0.89453125 0.484375 0.11328125 0.171875
0 0.8953125 0.31640625 0.1078125 0.18046875
0 0.9671875 0.81796875 0.065625 0.15078125
0 0.96796875 0.6609375 0.0640625 0.171875
0 0.97265625 0.490625 0.0546875 0.175
0 0.97421875 0.31328125 0.0515625 0.1796875
0 0.8203125 0.18984375 0.0421875 0.075
0 0.8828125 0.1859375 0.07421875 0.06953125