0 0.9765625 0.15859375 0.046875 0.046875
0 0.97734375 0.11328125 0.0453125 0.0515625
0 0.97890625 0.0671875 0.04140625 0.04921875
0 0.934375 0.02421875 0.07109375 0.04765625
0 0.92421875 0.06875 0.06953125 0.0609375
0 0.92109375 0.1171875 0.06484375 0.05625
0 0.91875 0.159375 0.0671875 0.0515625
0 0.859375 0.0515625 0.0734375 0.05390625
0 0.8515625 0.10546875 0.0734375 0.05390625
0 0.85078125 0.15703125 0.0625 0.0453125
0 0.7671875 0.03828125 0.0796875 0.06640625
0 0.76640625 0.096875 0.078125 0.0578125
0 0.7625 0.15546875 0.07890625 0.0578125
0 0.68359375 0.0359375 0.08984375 0.06484375
0 0.68359375 0.0953125 0.08671875 0.06484375
0 0.68125 0.153125 0.08125 0.05546875
0 0.58828125 0.028125 0.0984375 0.0546875
0 0.590625 0.08828125 0.09921875 0.071875
0 0.59140625 0.15078125 0.096875 0.06484375
0 0.4859375 0.02578125 0.10859375 0.05078125
0 0.48671875 0.07890625 0.1078125 0.0765625
0 0.4859375 0.15 0.1046875 0.0609375
0 0.371875 0.02265625 0.11796875 0.04296875
0 0.37265625 0.0734375 0.11953125 0.0828125
0 0.3734375 0.1453125 0.11796875 0.07734375
0 0.98125 0.69453125 0.0375 0.0453125
0 0.9796875 0.73515625 0.03984375 0.05234375
0 0.978125 0.77578125 0.04375 0.0515625
0 0.975 0.81484375 0.04765625 0.046875
0 0.96953125 0.85078125 0.04609375 0.04921875
0 0.965625 0.890625 0.0484375 0.04921875
0 0.96171875 0.92421875 0.04765625 0.05
0 0.95859375 0.959375 0.04609375 0.0578125
0 0.93828125 0.70546875 0.05234375 0.05859375
0 0.9328125 0.75 0.05 0.05390625
0 0.928125 0.78984375 0.0515625 0.05625
0 0.9234375 0.834375 0.04609375 0.046875
0 0.9203125 0.871875 0.0453125 0.04296875
0 0.91640625 0.9046875 0.0484375 0.04453125
0 0.9109375 0.94765625 0.05390625 0.04453125
0 0.8828125 0.72421875 0.05546875 0.05234375
0 0.88046875 0.765625 0.05546875 0.04765625
0 0.8765625 0.80703125 0.05078125 0.05
0 0.875 0.8515625 0.05234375 0.05390625
0 0.87109375 0.88671875 0.053125 0.053125
0 0.865625 0.92578125 0.05625 0.053125
0 0.8609375 0.96171875 0.05078125 0.053125
0 0.7515625 0.609375 0.07734375 0.06484375
0 0.75 0.65859375 0.078125 0.0609375
0 0.74609375 0.7078125 0.07734375 0.06328125
0 0.7421875 0.75390625 0.071875 0.06015625
0 0.740625 0.8015625 0.0734375 0.06484375
0 0.7375 0.84453125 0.075 0.06484375
0 0.7328125 0.88828125 0.07578125 0.06484375
0 0.7296875 0.93125 0.07109375 0.06328125
0 0.72890625 0.96953125 0.06953125 0.0609375
0 0.671875 0.6234375 0.0828125 0.06640625
0 0.66953125 0.6734375 0.0796875 0.06328125
0 0.6671875 0.72578125 0.07734375 0.06484375
0 0.66640625 0.771875 0.0765625 0.06328125
0 0.6640625 0.82109375 0.0796875 0.05859375
0 0.6609375 0.86796875 0.07734375 0.06484375
0 0.65859375 0.9125 0.0765625 0.06640625
0 0.6578125 0.95234375 0.0734375 0.06484375
0 0.65703125 0.98046875 0.07265625 0.0390625
0 0.58671875 0.6375 0.08984375 0.06484375
0 0.58359375 0.690625 0.0890625 0.06640625
0 0.58515625 0.7421875 0.08515625 0.0734375
0 0.5828125 0.79296875 0.08671875 0.071875
0 0.58046875 0.84296875 0.0890625 0.0734375
0 0.58046875 0.89296875 0.08671875 0.06875
0 0.5765625 0.94140625 0.084375 0.07421875
0 0.57734375 0.975 0.08125 0.05
0 0.4953125 0.65546875 0.0953125 0.06953125
0 0.49296875 0.7125 0.09296875 0.07421875
0 0.4921875 0.76484375 0.09296875 0.07578125
0 0.4921875 0.81875 0.0921875 0.0765625
0 0.49140625 0.8671875 0.09296875 0.07421875
0 0.48984375 0.91875 0.08984375 0.07578125
0 0.48828125 0.96484375 0.09140625 0.0671875
0 0.39453125 0.67734375 0.10625 0.078125
0 0.3921875 0.73203125 0.10234375 0.07578125
0 0.39453125 0.79140625 0.103125 0.07578125
0 0.39453125 0.84453125 0.1 0.07734375
0 0.39296875 0.89765625 0.1 0.07734375
0 0.39453125 0.94765625 0.09609375 0.06875
0 0.39296875 0.98046875 0.0953125 0.0390625
0 0.14609375 0.853125 0.12734375 0.0953125
0 0.04765625 0.815625 0.09453125 0.0796875
0 0.1625 0.91640625 0.1296875 0.1
0 0.05078125 0.94921875 0.10078125 0.08515625
0 0.16640625 0.96484375 0.12734375 0.06953125
0 0.07265625 0.103125 0.1453125 0.18125
1 0.690625 0.44609375 0.08203125 0.07734375