0 0.97421875 0.2953125 0.0515625 0.0671875
0 0.97421875 0.3609375 0.0515625 0.071875
0 0.97421875 0.42890625 0.0515625 0.06640625
0 0.975 0.49140625 0.05 0.0734375
0 0.89140625 0.49375 0.10859375 0.0671875
0 0.890625 0.4296875 0.1109375 0.06875
0 0.8890625 0.3609375 0.11015625 0.06640625
0 0.89140625 0.29609375 0.1125 0.0671875
0 0.78125 0.23828125 0.11171875 0.0671875
0 0.77890625 0.3015625 0.10859375 0.05859375
0 0.778125 0.3640625 0.10859375 0.0671875
0 0.7796875 0.43046875 0.1078125 0.06875
0 0.78125 0.49375 0.10625 0.06640625
0 0.67265625 0.4890625 0.103125 0.05390625
0 0.6734375 0.42734375 0.1015625 0.06640625
0 0.675 0.36484375 0.1015625 0.0609375
0 0.6734375 0.30546875 0.1015625 0.06484375
0 0.67109375 0.23828125 0.103125 0.06328125
0 0.25625 0.95859375 0.27421875 0.0828125
0 0.46328125 0.48828125 0.09453125 0.03828125
0 0.4640625 0.45 0.09375 0.0390625
0 0.4671875 0.4125 0.09296875 0.0359375
0 0.46640625 0.375 0.09140625 0.03203125
0 0.46328125 0.3375 0.09140625 0.03828125
0 0.4640625 0.3 0.090625 0.03515625
0 0.4625 0.2640625 0.09296875 0.0375
0 0.4609375 0.22265625 0.09296875 0.03671875
0 0.46015625 0.18203125 0.09296875 0.0390625
0 0.46015625 0.14453125 0.09296875 0.03984375
0 0.4578125 0.10546875 0.09453125 0.03984375
0 0.45859375 0.065625 0.09375 0.04453125
0 0.45703125 0.02578125 0.0921875 0.04296875
0 0.3609375 0.0328125 0.0875 0.04453125
0 0.3609375 0.07265625 0.0875 0.04453125
0 0.3640625 0.10859375 0.0859375 0.0421875
0 0.36484375 0.14921875 0.0890625 0.04609375
0 0.365625 0.190625 0.0875 0.0390625
0 0.36640625 0.22578125 0.0890625 0.04140625
0 0.365625 0.26484375 0.0890625 0.04140625
0 0.36796875 0.30234375 0.08671875 0.03828125
0 0.36640625 0.3390625 0.0875 0.03828125
0 0.3671875 0.37890625 0.08671875 0.0390625
0 0.36640625 0.41640625 0.0890625 0.0390625
0 0.36875 0.45234375 0.0875 0.0328125
0 0.3703125 0.4875 0.090625 0.0359375
0 0.27109375 0.48828125 0.08203125 0.04140625
0 0.2734375 0.453125 0.0828125 0.03359375
0 0.278125 0.4171875 0.0859375 0.03984375
0 0.2796875 0.378125 0.08671875 0.03828125
0 0.278125 0.34140625 0.08515625 0.03828125
0 0.278125 0.30625 0.0859375 0.034375
0 0.2765625 0.26796875 0.08515625 0.0375
0 0.275 0.2328125 0.0859375 0.03203125
0 0.27578125 0.19609375 0.08671875 0.0375
0 0.2734375 0.15546875 0.084375 0.03984375
0 0.271875 0.11796875 0.0859375 0.040625
0 0.27109375 0.08203125 0.08671875 0.04140625
0 0.27109375 0.040625 0.084375 0.0421875
0 0.1828125 0.0453125 0.08125 0.04296875
0 0.1828125 0.0140625 0.08046875 0.02734375
0 0.1828125 0.0796875 0.08046875 0.04140625
0 0.18359375 0.1203125 0.08125 0.04140625
0 0.18359375 0.15625 0.08125 0.03984375
0 0.1859375 0.1921875 0.08125 0.03984375
0 0.1875 0.23125 0.0796875 0.03984375
0 0.18984375 0.26640625 0.08046875 0.03671875
0 0.18984375 0.30234375 0.08125 0.0375
0 0.19140625 0.3390625 0.08046875 0.03671875
0 0.19140625 0.375 0.08203125 0.03203125
0 0.18984375 0.41171875 0.0828125 0.03515625
0 0.1875 0.446875 0.08125 0.0296875
0 0.184375 0.48203125 0.08359375 0.0375
0 0.10390625 0.4796875 0.07890625 0.03828125
0 0.1046875 0.44296875 0.0796875 0.03359375
0 0.10703125 0.4078125 0.0796875 0.03984375
0 0.10859375 0.37421875 0.07890625 0.0359375
0 0.10859375 0.3390625 0.0796875 0.03125
0 0.11015625 0.3046875 0.07890625 0.03359375
0 0.11015625 0.26796875 0.071875 0.03359375
0 0.10859375 0.23203125 0.0734375 0.034375
0 0.10859375 0.19609375 0.071875 0.03671875
0 0.10546875 0.15859375 0.0703125 0.03984375
0 0.1046875 0.12265625 0.0734375 0.034375
0 0.1046875 0.08828125 0.075 0.0390625
0 0.103125 0.05390625 0.07421875 0.04140625
0 0.10234375 0.01875 0.07734375 0.03671875
1 0.68671875 0.140625 0.12578125 0.0796875