0 0.15 0.509375 0.09375 0.07734375
0 0.1515625 0.58671875 0.09375 0.084375
0 0.15234375 0.6640625 0.09296875 0.0765625
0 0.153125 0.7359375 0.09296875 0.0765625
0 0.15625 0.81015625 0.09296875 0.0734375
0 0.1546875 0.8796875 0.09140625 0.06953125
0 0.15390625 0.95 0.09140625 0.0734375
0 0.25078125 0.5171875 0.1078125 0.0734375
0 0.25390625 0.59453125 0.10625 0.078125
0 0.25234375 0.6703125 0.10546875 0.08046875
0 0.25234375 0.74765625 0.10390625 0.0734375
0 0.2515625 0.8203125 0.103125 0.078125
0 0.25078125 0.896875 0.10546875 0.08046875
0 0.25078125 0.965625 0.1015625 0.06875
0 0.35546875 0.51640625 0.10234375 0.08359375
0 0.35703125 0.59765625 0.10390625 0.0734375
0 0.3546875 0.6703125 0.10078125 0.08046875
0 0.353125 0.7421875 0.1015625 0.0765625
0 0.35625 0.81953125 0.1015625 0.0765625
0 0.3546875 0.8921875 0.10078125 0.075
0 0.35390625 0.9640625 0.1015625 0.071875
0 0.45859375 0.5125 0.1 0.0765625
0 0.4578125 0.58984375 0.103125 0.07578125
0 0.45546875 0.6625 0.1046875 0.0734375
0 0.4546875 0.7390625 0.10078125 0.0796875
0 0.45703125 0.81484375 0.1 0.0765625
0 0.4546875 0.8859375 0.1 0.0765625
0 0.45234375 0.95546875 0.096875 0.0765625
0 0.5609375 0.51015625 0.10234375 0.0765625
0 0.559375 0.58515625 0.103125 0.07734375
0 0.5578125 0.65859375 0.10234375 0.08046875
0 0.55625 0.73359375 0.10234375 0.0796875
0 0.5609375 0.803125 0.1015625 0.0796875
0 0.55546875 0.878125 0.10078125 0.078125
0 0.5515625 0.9484375 0.10078125 0.06953125
0 0.79375 0.87734375 0.07890625 0.06015625
0 0.90546875 0.92890625 0.0890625 0.0609375
1 0.80390625 0.459375 0.11875 0.09296875
1 0.80625 0.54921875 0.1203125 0.08515625
1 0.8015625 0.6328125 0.1140625 0.08359375
1 0.79921875 0.703125 0.11015625 0.05390625
1 0.67734375 0.6640625 0.134375 0.13046875