0 0.925 0.96796875 0.10546875 0.0640625
0 0.8328125 0.94375 0.09375 0.08828125
0 0.82421875 0.9734375 0.0953125 0.053125
0 0.746875 0.903125 0.090625 0.09375
0 0.73671875 0.94765625 0.08671875 0.0875
0 0.73125 0.97265625 0.0875 0.0546875
0 0.66484375 0.8546875 0.0796875 0.0859375
0 0.659375 0.90078125 0.07890625 0.08125
0 0.65546875 0.94921875 0.07890625 0.0890625
0 0.6515625 0.9734375 0.071875 0.053125
0 0.5375 0.421875 0.0765625 0.075
0 0.53671875 0.475 0.07421875 0.07890625
0 0.5375 0.5296875 0.071875 0.08125
0 0.5375 0.5859375 0.07265625 0.08359375
0 0.5359375 0.63828125 0.07109375 0.078125
0 0.53671875 0.6890625 0.0671875 0.075
0 0.5359375 0.7375 0.06875 0.07734375
0 0.53671875 0.78671875 0.06484375 0.071875
0 0.534375 0.83515625 0.0625 0.065625
0 0.53359375 0.8765625 0.06328125 0.071875
0 0.5328125 0.91953125 0.06328125 0.07265625
0 0.53125 0.96015625 0.06015625 0.07109375
0 0.46953125 0.9328125 0.065625 0.0765625
0 0.47109375 0.89140625 0.06484375 0.06796875
0 0.46640625 0.85234375 0.06484375 0.075
0 0.4640625 0.81171875 0.0625 0.06875
0 0.4625 0.76875 0.06328125 0.0703125
0 0.4609375 0.72421875 0.0640625 0.07734375
0 0.45859375 0.6734375 0.0671875 0.08046875
0 0.45546875 0.6234375 0.071875 0.0796875
0 0.45625 0.57265625 0.07109375 0.0828125
0 0.45390625 0.51875 0.071875 0.084375
0 0.4515625 0.46171875 0.0734375 0.08046875
0 0.45234375 0.4046875 0.0734375 0.08125
0 0.38203125 0.37734375 0.06953125 0.07734375
0 0.38203125 0.4328125 0.06953125 0.078125
0 0.38515625 0.48671875 0.065625 0.0765625
0 0.38671875 0.5390625 0.0640625 0.0796875
0 0.38828125 0.5875 0.0640625 0.0640625
0 0.39375 0.64296875 0.06328125 0.06875
0 0.3953125 0.6890625 0.06328125 0.06953125
0 0.4 0.73515625 0.06171875 0.06796875
0 0.40234375 0.77578125 0.06015625 0.0609375
0 0.40546875 0.81796875 0.06171875 0.06796875
0 0.4078125 0.86171875 0.05546875 0.0625
0 0.40625 0.89296875 0.059375 0.0671875
0 0.315625 0.35 0.065625 0.078125
0 0.315625 0.40234375 0.0640625 0.06484375
0 0.32109375 0.45234375 0.0625 0.06484375
0 0.3234375 0.51171875 0.0625 0.0734375
0 0.3265625 0.559375 0.06015625 0.0765625
0 0.33046875 0.609375 0.059375 0.07109375
0 0.334375 0.6515625 0.05625 0.075
0 0.340625 0.703125 0.05546875 0.07265625
0 0.34453125 0.7453125 0.053125 0.06875
0 0.3453125 0.78359375 0.05390625 0.0734375
0 0.35 0.8265625 0.05078125 0.0578125
0 0.35078125 0.859375 0.0484375 0.0640625
0 0.29921875 0.82421875 0.05625 0.0671875
0 0.29609375 0.790625 0.05390625 0.0625
0 0.290625 0.753125 0.05546875 0.06328125
0 0.2875 0.7171875 0.059375 0.06484375
0 0.28359375 0.6703125 0.0625 0.078125
0 0.278125 0.62265625 0.05703125 0.06953125
0 0.27265625 0.575 0.06015625 0.071875
0 0.2671875 0.5296875 0.06171875 0.078125
0 0.2671875 0.4796875 0.0625 0.0734375
0 0.2609375 0.43046875 0.05859375 0.07890625
0 0.2578125 0.37734375 0.0609375 0.06953125
0 0.2546875 0.32734375 0.0609375 0.075
0 0.20234375 0.4890625 0.04375 0.05
0 0.121875 0.5125 0.0515625 0.04921875
0 0.03984375 0.52421875 0.04453125 0.0546875
0 0.13203125 0.61328125 0.0484375 0.06015625
0 0.1359375 0.6546875 0.046875 0.05
0 0.140625 0.690625 0.04375 0.0515625
0 0.14765625 0.721875 0.040625 0.04375
0 0.0859375 0.58515625 0.0453125 0.0609375
0 0.0921875 0.62734375 0.04375 0.046875
0 0.09609375 0.659375 0.03984375 0.04140625
0 0.0984375 0.69453125 0.03515625 0.0390625
1 0.79921875 0.48046875 0.1203125 0.1015625
1 0.2796875 0.10703125 0.08671875 0.09296875
1 0.27890625 0.1828125 0.08125 0.08671875
0 0.11875 0.9265625 0.03984375 0.04921875
0 0.18046875 0.91015625 0.0359375 0.04609375
0 0.2140625 0.934375 0.0328125 0.05
0 0.246875 0.9578125 0.0296875 0.04375