0 0.03671875 0.403125 0.071875 0.06953125
0 0.03984375 0.33984375 0.07890625 0.06484375
0 0.04375 0.28046875 0.0859375 0.06328125
0 0.046875 0.228125 0.08359375 0.06171875
0 0.0515625 0.17265625 0.08515625 0.06171875
0 0.05859375 0.115625 0.08203125 0.0640625
0 0.06171875 0.06328125 0.0765625 0.053125
0 0.06640625 0.01953125 0.075 0.0375
0 0.140625 0.046875 0.08515625 0.0609375
0 0.134375 0.1046875 0.0796875 0.05703125
0 0.13125 0.1625 0.08125 0.0578125
0 0.128125 0.221875 0.0828125 0.0578125
0 0.12421875 0.28125 0.0828125 0.0609375
0 0.11875 0.33828125 0.08671875 0.0625
0 0.11484375 0.40703125 0.0875 0.071875
0 0.20078125 0.40625 0.08828125 0.06953125
0 0.20390625 0.3421875 0.08671875 0.06015625
0 0.20703125 0.28203125 0.08359375 0.0609375
0 0.2125 0.21953125 0.084375 0.0609375
0 0.215625 0.16328125 0.0859375 0.05546875
0 0.21953125 0.10625 0.0859375 0.0640625
0 0.22265625 0.04765625 0.08125 0.0609375
0 0.30546875 0.05 0.08359375 0.0609375
0 0.303125 0.10703125 0.0828125 0.05625
0 0.2984375 0.16328125 0.0828125 0.0625
0 0.29609375 0.2265625 0.084375 0.0640625
0 0.29296875 0.2859375 0.084375 0.06328125
0 0.28984375 0.34140625 0.0828125 0.0640625
0 0.2875 0.4078125 0.0921875 0.071875
0 0.37578125 0.409375 0.0890625 0.06875
0 0.378125 0.346875 0.0859375 0.06953125
0 0.38125 0.2828125 0.08671875 0.05703125
0 0.38359375 0.2265625 0.0875 0.0640625
0 0.38671875 0.1703125 0.08828125 0.0609375
0 0.38828125 0.11484375 0.08359375 0.0609375
0 0.3890625 0.05703125 0.084375 0.05625
0 0.6578125 0.2484375 0.0875 0.05703125
0 0.6578125 0.30703125 0.0875 0.05703125
0 0.6578125 0.36875 0.0875 0.05390625
0 0.659375 0.42109375 0.0890625 0.0421875
0 0.74296875 0.2484375 0.08515625 0.05625
0 0.74453125 0.31015625 0.08671875 0.05703125
0 0.74765625 0.36875 0.0875 0.0578125
0 0.74921875 0.42578125 0.0875 0.0515625
0 0.8234375 0.19609375 0.0828125 0.053125
0 0.8265625 0.2546875 0.08203125 0.0578125
0 0.82890625 0.31328125 0.084375 0.05703125
0 0.834375 0.37109375 0.08515625 0.06171875
0 0.8375 0.425 0.08828125 0.05703125
0 0.90546875 0.19765625 0.08203125 0.0515625
0 0.909375 0.25546875 0.08203125 0.05703125
0 0.9140625 0.31328125 0.0875 0.05
0 0.91796875 0.36953125 0.0875 0.05625
0 0.92421875 0.4234375 0.0921875 0.0515625
0 0.05 0.93984375 0.1 0.07265625
0 0.14765625 0.93984375 0.0984375 0.0734375
0 0.2421875 0.93984375 0.0953125 0.0734375
0 0.33515625 0.93984375 0.0921875 0.07265625
0 0.428125 0.93828125 0.09375 0.0765625
1 0.5640625 0.88359375 0.15 0.14375
1 0.6875 0.83125 0.1 0.08125
1 0.70703125 0.92734375 0.1375 0.0984375
1 0.3765625 0.859375 0.11484375 0.06796875