0 0.96328125 0.403125 0.071875 0.06953125
0 0.96015625 0.3390625 0.0796875 0.065625
0 0.95625 0.28046875 0.0859375 0.06328125
0 0.95390625 0.228125 0.08359375 0.06171875
0 0.94921875 0.17265625 0.08515625 0.06171875
0 0.94140625 0.115625 0.08203125 0.0640625
0 0.9390625 0.06328125 0.0765625 0.053125
0 0.934375 0.01953125 0.075 0.0375
0 0.859375 0.046875 0.08515625 0.0609375
0 0.865625 0.1046875 0.0796875 0.05703125
0 0.86875 0.1625 0.08125 0.0578125
0 0.871875 0.221875 0.0828125 0.0578125
0 0.87578125 0.28125 0.0828125 0.0609375
0 0.88125 0.33828125 0.08671875 0.0625
0 0.8859375 0.40703125 0.0875 0.071875
0 0.8 0.40625 0.08828125 0.06953125
0 0.79609375 0.3421875 0.08671875 0.06015625
0 0.79375 0.28203125 0.08359375 0.0609375
0 0.7875 0.21953125 0.084375 0.0609375
0 0.784375 0.16328125 0.0859375 0.05546875
0 0.78046875 0.10625 0.0859375 0.0640625
0 0.77734375 0.04765625 0.08125 0.0609375
0 0.6953125 0.05 0.08359375 0.0609375
0 0.69765625 0.10703125 0.0828125 0.05625
0 0.7015625 0.16328125 0.0828125 0.0625
0 0.7046875 0.2265625 0.084375 0.0640625
0 0.70703125 0.2859375 0.084375 0.06328125
0 0.7109375 0.34140625 0.0828125 0.0640625
0 0.7125 0.4078125 0.0921875 0.071875
0 0.62421875 0.409375 0.0890625 0.06875
0 0.621875 0.346875 0.0859375 0.06953125
0 0.61953125 0.2828125 0.08671875 0.05703125
0 0.6171875 0.2265625 0.0875 0.0640625
0 0.61328125 0.1703125 0.08828125 0.0609375
0 0.6125 0.11484375 0.08359375 0.0609375
0 0.6109375 0.05703125 0.084375 0.05625
0 0.3421875 0.2484375 0.0875 0.05703125
0 0.3421875 0.30703125 0.0875 0.05703125
0 0.34296875 0.36875 0.0875 0.05390625
0 0.340625 0.42109375 0.0890625 0.0421875
0 0.2578125 0.2484375 0.08515625 0.05625
0 0.25546875 0.31015625 0.08671875 0.05703125
0 0.253125 0.36875 0.0875 0.0578125
0 0.25078125 0.42578125 0.0875 0.0515625
0 0.1765625 0.19609375 0.0828125 0.053125
0 0.1734375 0.2546875 0.08203125 0.0578125
0 0.17109375 0.31328125 0.084375 0.05703125
0 0.16640625 0.37109375 0.08515625 0.06171875
0 0.16328125 0.425 0.08828125 0.05703125
0 0.09453125 0.19765625 0.08203125 0.0515625
0 0.090625 0.25546875 0.08203125 0.05703125
0 0.08671875 0.31328125 0.0875 0.05
0 0.08203125 0.36953125 0.0875 0.05625
0 0.07578125 0.4234375 0.0921875 0.0515625
0 0.95 0.93984375 0.1 0.07265625
0 0.85234375 0.93984375 0.0984375 0.0734375
0 0.7578125 0.93984375 0.0953125 0.0734375
0 0.66484375 0.93984375 0.0921875 0.07265625
0 0.571875 0.93828125 0.09375 0.0765625
1 0.4359375 0.88359375 0.15 0.14375
1 0.3125 0.83125 0.1 0.08125
1 0.29296875 0.92734375 0.1375 0.0984375
1 0.6234375 0.859375 0.11484375 0.06796875