0 0.1 0.28828125 0.19921875 0.1328125
0 0.053125 0.95390625 0.10625 0.0921875
0 0.36484375 0.28046875 0.196875 0.140625
0 0.3640625 0.1453125 0.196875 0.146875
0 0.484375 0.0328125 0.2 0.06328125
0 0.49609375 0.140625 0.0796875 0.1421875
0 0.5734375 0.13515625 0.0703125 0.14609375
0 0.50234375 0.2828125 0.075 0.14375
0 0.5765625 0.2828125 0.0734375 0.14375
1 0.0765625 0.7640625 0.05625 0.121875
1 0.13515625 0.76015625 0.059375 0.1125
1 0.196875 0.76015625 0.0578125 0.1125
1 0.25859375 0.7875 0.059375 0.1625
1 0.38828125 0.79921875 0.0421875 0.08515625
1 0.52265625 0.8140625 0.065625 0.08828125
1 0.35390625 0.95390625 0.0609375 0.0921875
1 0.41328125 0.953125 0.059375 0.09375
1 0.47421875 0.95234375 0.059375 0.0953125
1 0.53515625 0.95703125 0.0578125 0.0859375