0 0.86328125 0.3953125 0.184375 0.17109375
0 0.853125 0.55703125 0.1765625 0.1671875
0 0.840625 0.71328125 0.16875 0.1578125
0 0.82734375 0.85625 0.1671875 0.140625
0 0.68671875 0.3984375 0.1796875 0.175
0 0.68203125 0.553125 0.1734375 0.159375
0 0.6765625 0.7078125 0.1671875 0.15546875
0 0.6671875 0.85234375 0.16640625 0.1515625
0 0.03671875 0.89296875 0.071875 0.1078125
0 0.0328125 0.78359375 0.065625 0.1171875
0 0.03125 0.6734375 0.0625 0.11953125
0 0.028125 0.55390625 0.05625 0.11875
1 0.4609375 0.37265625 0.059375 0.20078125
1 0.403125 0.37265625 0.06171875 0.20078125
1 0.33984375 0.3734375 0.0625 0.2046875
1 0.2796875 0.37890625 0.0640625 0.20390625
1 0.4625 0.5703125 0.053125 0.19453125
1 0.40703125 0.57109375 0.0640625 0.20390625
1 0.3453125 0.57421875 0.06640625 0.19375
1 0.2828125 0.5765625 0.06484375 0.19296875