0 0.11796875 0.69375 0.06328125 0.0984375
0 0.12421875 0.6046875 0.059375 0.09609375
0 0.1328125 0.515625 0.05703125 0.08828125
0 0.18515625 0.51484375 0.05625 0.09375
0 0.178125 0.6015625 0.06328125 0.0921875
0 0.17265625 0.69375 0.0609375 0.0984375
0 0.228125 0.6921875 0.059375 0.1015625
0 0.23359375 0.60234375 0.05625 0.090625
0 0.2359375 0.51640625 0.05078125 0.090625
0 0.29140625 0.51484375 0.05546875 0.084375
0 0.290625 0.59921875 0.053125 0.090625
0 0.28671875 0.69375 0.05546875 0.0984375
0 0.34296875 0.696875 0.0609375 0.1
0 0.3421875 0.6078125 0.05625 0.0953125
0 0.34453125 0.51640625 0.05390625 0.09375
0 0.3984375 0.51796875 0.0515625 0.09375
0 0.39609375 0.60546875 0.05390625 0.09453125
0 0.39921875 0.69296875 0.05390625 0.0921875
0 0.45546875 0.69765625 0.059375 0.09453125
0 0.453125 0.60625 0.05625 0.0875
0 0.4515625 0.51875 0.05 0.0953125
0 0.69453125 0.6796875 0.2046875 0.14765625
0 0.89453125 0.68125 0.2109375 0.1421875