0 0.02890625 0.296875 0.05703125 0.1265625
0 0.15390625 0.2921875 0.19375 0.128125
0 0.09140625 0.953125 0.1421875 0.09375
0 0.41484375 0.2875 0.1984375 0.1421875
0 0.4109375 0.1515625 0.20078125 0.15
0 0.5328125 0.03984375 0.20234375 0.078125
0 0.55078125 0.1390625 0.08125 0.15390625
0 0.6234375 0.13828125 0.07109375 0.14375
0 0.55390625 0.2875 0.0828125 0.1546875
0 0.62734375 0.2796875 0.07578125 0.15
1 0.12890625 0.7625 0.05625 0.11953125
1 0.18359375 0.75859375 0.05625 0.1046875
1 0.24296875 0.7609375 0.0578125 0.11171875
1 0.303125 0.7875 0.059375 0.165625
1 0.43125 0.7984375 0.0484375 0.08828125
1 0.5640625 0.81796875 0.07109375 0.10078125
1 0.39765625 0.95390625 0.0578125 0.0921875
1 0.45703125 0.9546875 0.0609375 0.090625
1 0.51953125 0.95625 0.06015625 0.0875
1 0.5765625 0.9578125 0.059375 0.084375