0 0.88203125 0.69375 0.06328125 0.0984375
0 0.87578125 0.6046875 0.059375 0.09609375
0 0.8671875 0.515625 0.05703125 0.08828125
0 0.815625 0.51484375 0.05625 0.09375
0 0.821875 0.6015625 0.06328125 0.0921875
0 0.82734375 0.69375 0.0609375 0.0984375
0 0.771875 0.6921875 0.059375 0.1015625
0 0.7671875 0.60234375 0.05625 0.090625
0 0.7640625 0.51640625 0.05078125 0.090625
0 0.70859375 0.51484375 0.05546875 0.084375
0 0.709375 0.59921875 0.053125 0.090625
0 0.7140625 0.69375 0.05546875 0.0984375
0 0.65703125 0.696875 0.0609375 0.1
0 0.65859375 0.6078125 0.05625 0.0953125
0 0.65546875 0.51640625 0.05390625 0.09375
0 0.6015625 0.51796875 0.0515625 0.09375
0 0.60390625 0.60546875 0.05390625 0.09453125
0 0.60078125 0.69296875 0.05390625 0.0921875
0 0.54453125 0.69765625 0.059375 0.09453125
0 0.54765625 0.60625 0.05625 0.0875
0 0.5484375 0.51875 0.05 0.0953125
0 0.30546875 0.6796875 0.2046875 0.14765625
0 0.10546875 0.68125 0.2109375 0.1421875