0 0.0375 0.26328125 0.0421875 0.175
0 0.1578125 0.31484375 0.05078125 0.1
0 0.1578125 0.21796875 0.0484375 0.0953125
0 0.1625 0.128125 0.05546875 0.1
0 0.21328125 0.12734375 0.053125 0.0953125
0 0.21015625 0.21796875 0.05546875 0.08828125
0 0.21171875 0.3078125 0.0609375 0.09375
0 0.2703125 0.30703125 0.0609375 0.0953125
0 0.2703125 0.2203125 0.053125 0.1015625
0 0.2671875 0.12734375 0.05390625 0.0921875
0 0.32109375 0.12265625 0.053125 0.0984375
0 0.321875 0.2171875 0.05703125 0.090625
0 0.321875 0.30703125 0.05625 0.08828125
0 0.3796875 0.30859375 0.05390625 0.0984375
0 0.3765625 0.21640625 0.05625 0.0953125
0 0.37734375 0.12421875 0.05546875 0.1015625
0 0.43203125 0.1234375 0.05625 0.0921875
0 0.43203125 0.21328125 0.06328125 0.09609375
0 0.43515625 0.3078125 0.05859375 0.09375
0 0.49296875 0.3109375 0.05390625 0.08828125
0 0.49375 0.21640625 0.05546875 0.10390625
0 0.4875 0.1265625 0.0515625 0.09375
0 0.73359375 0.28828125 0.21015625 0.140625
0 0.91953125 0.290625 0.1609375 0.146875
0 0.23203125 0.85078125 0.13125 0.1265625
0 0.3453125 0.85625 0.0953125 0.1328125
0 0.45859375 0.85 0.12421875 0.121875
0 0.22890625 0.95703125 0.1296875 0.0859375
0 0.34296875 0.95390625 0.0921875 0.0921875
0 0.45703125 0.95234375 0.12734375 0.09453125
0 0.79140625 0.96171875 0.1421875 0.0765625
1 0.79375 0.78203125 0.0609375 0.15078125
1 0.73203125 0.75234375 0.059375 0.0875
1 0.66953125 0.76015625 0.0609375 0.11015625
1 0.60546875 0.77890625 0.0640625 0.1609375
1 0.140625 0.8078125 0.05625 0.21171875
1 0.08125 0.8140625 0.065625 0.190625
1 0.025 0.80703125 0.0484375 0.18984375
1 0.02578125 0.95390625 0.05078125 0.0921875
1 0.08125 0.953125 0.0609375 0.09375
1 0.13828125 0.9546875 0.05 0.090625
1 0.196875 0.73984375 0.05625 0.0875
1 0.971875 0.825 0.05546875 0.08828125
0 0.9578125 0.96328125 0.08203125 0.0734375