0 0.13671875 0.3953125 0.184375 0.17109375
0 0.146875 0.55703125 0.1765625 0.1671875
0 0.159375 0.71328125 0.16875 0.1578125
0 0.17265625 0.85625 0.1671875 0.140625
0 0.31328125 0.3984375 0.1796875 0.175
0 0.31796875 0.553125 0.1734375 0.159375
0 0.3234375 0.7078125 0.1671875 0.15546875
0 0.33359375 0.85234375 0.16640625 0.1515625
0 0.9640625 0.89296875 0.071875 0.1078125
0 0.96640625 0.78359375 0.0671875 0.1171875
0 0.96875 0.6734375 0.0625 0.11953125
0 0.971875 0.55390625 0.05625 0.11875
1 0.5390625 0.37265625 0.059375 0.20078125
1 0.596875 0.37265625 0.06171875 0.20078125
1 0.66015625 0.3734375 0.0625 0.2046875
1 0.7203125 0.37890625 0.0640625 0.20390625
1 0.5375 0.5703125 0.053125 0.19453125
1 0.59296875 0.57109375 0.0640625 0.20390625
1 0.6546875 0.57421875 0.06640625 0.19375
1 0.7171875 0.5765625 0.06484375 0.19296875