0 0.821875 0.5453125 0.18515625 0.190625
0 0.82578125 0.3640625 0.184375 0.17890625
0 0.8234375 0.1859375 0.1796875 0.18671875
0 0.8203125 0.05234375 0.1828125 0.103125
0 0.63828125 0.0484375 0.1875 0.0953125
0 0.6390625 0.1859375 0.17890625 0.18671875
0 0.63984375 0.36640625 0.1859375 0.18125
0 0.6390625 0.5515625 0.1859375 0.19609375
1 0.4328125 0.27265625 0.06328125 0.215625
1 0.36953125 0.27578125 0.06875 0.209375
1 0.30234375 0.27265625 0.06484375 0.2234375
1 0.24140625 0.27578125 0.06171875 0.225
1 0.43359375 0.4859375 0.0609375 0.2140625
1 0.3703125 0.48671875 0.06640625 0.2078125
1 0.30390625 0.48828125 0.0609375 0.21640625
1 0.2421875 0.4890625 0.06640625 0.20390625
0 0.8125 0.9671875 0.19375 0.06484375
0 0.621875 0.96640625 0.19296875 0.0671875