0 0.853125 0.22421875 0.18515625 0.15
0 0.8578125 0.36953125 0.18828125 0.14375
0 0.8609375 0.50546875 0.184375 0.1390625
0 0.8625 0.63984375 0.1875 0.1359375
0 0.8609375 0.77421875 0.18671875 0.13125
0 0.86328125 0.90234375 0.1796875 0.1328125
0 0.67734375 0.909375 0.1859375 0.134375
0 0.6765625 0.7765625 0.17890625 0.1390625
0 0.67421875 0.63828125 0.18671875 0.14375
0 0.67265625 0.50234375 0.1859375 0.146875
0 0.6703125 0.36484375 0.184375 0.15
0 0.6703125 0.228125 0.184375 0.140625
0 0.38203125 0.3828125 0.19375 0.2484375
0 0.38828125 0.6265625 0.2 0.23671875
0 0.39140625 0.8640625 0.196875 0.24296875
0 0.1890625 0.3859375 0.19609375 0.25
0 0.18984375 0.6359375 0.2015625 0.24453125
0 0.19375 0.87265625 0.19296875 0.2390625