0 0.146875 0.22421875 0.18515625 0.15
0 0.1421875 0.36953125 0.18828125 0.14375
0 0.1390625 0.50546875 0.184375 0.1390625
0 0.1375 0.63984375 0.1875 0.1359375
0 0.1390625 0.77421875 0.18671875 0.13125
0 0.13671875 0.90234375 0.1796875 0.1328125
0 0.3234375 0.909375 0.1859375 0.134375
0 0.3234375 0.7765625 0.17890625 0.1390625
0 0.32578125 0.63828125 0.18671875 0.14375
0 0.32734375 0.50234375 0.1859375 0.146875
0 0.33046875 0.36484375 0.184375 0.15
0 0.33046875 0.228125 0.184375 0.140625
0 0.61875 0.3828125 0.19375 0.2484375
0 0.6125 0.6265625 0.2 0.23671875
0 0.60859375 0.8640625 0.196875 0.24296875
0 0.8109375 0.3859375 0.19609375 0.25
0 0.8109375 0.6359375 0.2015625 0.24453125
0 0.80625 0.87265625 0.19296875 0.2390625