0 0.9546875 0.15625 0.07890625 0.10390625
0 0.87734375 0.15859375 0.0796875 0.115625
0 0.79609375 0.159375 0.08125 0.1
0 0.71484375 0.15859375 0.0796875 0.10703125
0 0.63828125 0.1578125 0.071875 0.10390625
0 0.878125 0.71328125 0.184375 0.18984375
0 0.87578125 0.89140625 0.18359375 0.17890625
0 0.69375 0.71328125 0.184375 0.18984375
0 0.69453125 0.89609375 0.1765625 0.178125
0 0.44921875 0.10625 0.04453125 0.1828125
0 0.4078125 0.109375 0.0390625 0.18203125
0 0.36875 0.11328125 0.04609375 0.178125
0 0.2671875 0.1109375 0.1546875 0.18828125
0 0.1703125 0.11171875 0.04296875 0.184375
0 0.13046875 0.1125 0.0390625 0.1796875
0 0.08671875 0.10859375 0.0453125 0.18984375
1 0.4671875 0.7296875 0.0609375 0.21640625
1 0.40546875 0.73203125 0.05859375 0.21640625
1 0.33828125 0.73359375 0.0640625 0.2203125
1 0.275 0.73515625 0.0578125 0.22421875
1 0.46640625 0.9203125 0.059375 0.15859375
1 0.40546875 0.91875 0.06328125 0.1625
1 0.34140625 0.92109375 0.06875 0.15703125
1 0.27890625 0.921875 0.0640625 0.15625