0 0.0453125 0.15625 0.07890625 0.10390625
0 0.12265625 0.15859375 0.0796875 0.115625
0 0.20390625 0.159375 0.08125 0.1
0 0.28515625 0.15859375 0.0796875 0.10703125
0 0.36171875 0.1578125 0.071875 0.10390625
0 0.121875 0.71328125 0.184375 0.18984375
0 0.12421875 0.89140625 0.18359375 0.17890625
0 0.30703125 0.71328125 0.184375 0.18984375
0 0.30546875 0.89609375 0.1765625 0.178125
0 0.5515625 0.10625 0.04453125 0.1828125
0 0.5921875 0.109375 0.0390625 0.18203125
0 0.63125 0.11328125 0.04609375 0.178125
0 0.7328125 0.1109375 0.1546875 0.18828125
0 0.8296875 0.11171875 0.04296875 0.184375
0 0.86953125 0.1125 0.0390625 0.1796875
0 0.91328125 0.10859375 0.0453125 0.18984375
1 0.5328125 0.7296875 0.0609375 0.21640625
1 0.59453125 0.73203125 0.05859375 0.21640625
1 0.66171875 0.73359375 0.0640625 0.2203125
1 0.725 0.73515625 0.0578125 0.22421875
1 0.534375 0.9203125 0.059375 0.15859375
1 0.59453125 0.91875 0.06328125 0.1625
1 0.659375 0.92109375 0.06875 0.15703125
1 0.72109375 0.921875 0.0640625 0.15625