0 0.9484375 0.28984375 0.1015625 0.1265625
0 0.725 0.2796875 0.1890625 0.1390625
0 0.72734375 0.14296875 0.1921875 0.1421875
0 0.60859375 0.03984375 0.196875 0.078125
0 0.59140625 0.13984375 0.0765625 0.1484375
0 0.5171875 0.134375 0.0734375 0.1484375
0 0.59453125 0.27578125 0.078125 0.1421875
0 0.5171875 0.28359375 0.0734375 0.1421875
1 0.96875 0.7578125 0.053125 0.11484375
1 0.91171875 0.75390625 0.0609375 0.1140625
1 0.8515625 0.753125 0.05625 0.1171875
1 0.79375 0.784375 0.06328125 0.17734375
1 0.6484375 0.7984375 0.0453125 0.084375
1 0.5140625 0.80625 0.06875 0.08359375
1 0.69765625 0.95234375 0.0578125 0.0953125
1 0.6390625 0.953125 0.0609375 0.09375
1 0.578125 0.953125 0.059375 0.09375
1 0.51640625 0.9578125 0.059375 0.084375