0 0.1203125 0.21796875 0.21015625 0.1578125
0 0.12421875 0.07734375 0.20703125 0.14609375
0 0.33203125 0.07734375 0.2078125 0.15
0 0.33359375 0.228125 0.21015625 0.159375
0 0.6484375 0.17109375 0.2125 0.26796875
0 0.86171875 0.1734375 0.21953125 0.2625
0 0.06171875 0.70546875 0.0890625 0.18984375
0 0.15625 0.7015625 0.0953125 0.18984375
0 0.2484375 0.70390625 0.09765625 0.18984375
0 0.3484375 0.70625 0.0921875 0.18515625
0 0.346875 0.89296875 0.0921875 0.19296875
0 0.24765625 0.8921875 0.1015625 0.20390625
0 0.15390625 0.9015625 0.0921875 0.18515625
0 0.0625 0.9046875 0.09453125 0.1890625
0 0.64921875 0.7640625 0.16796875 0.15
0 0.646875 0.90703125 0.16875 0.1421875
0 0.79765625 0.76484375 0.13203125 0.15546875
0 0.7953125 0.90703125 0.12734375 0.1265625
0 0.92265625 0.76640625 0.128125 0.15703125
0 0.921875 0.90703125 0.121875 0.1265625