0 0.92890625 0.665625 0.09453125 0.1078125
0 0.8484375 0.6671875 0.084375 0.1171875
0 0.7640625 0.66953125 0.08359375 0.12265625
0 0.68359375 0.6765625 0.08125 0.1140625
0 0.6015625 0.67890625 0.0828125 0.12265625
0 0.415625 0.61953125 0.03984375 0.175
0 0.37421875 0.6234375 0.03984375 0.1734375
0 0.334375 0.62265625 0.03984375 0.1671875
0 0.23984375 0.62265625 0.1546875 0.21015625
0 0.14296875 0.6296875 0.0484375 0.19296875
0 0.1015625 0.63203125 0.053125 0.19453125
0 0.0671875 0.63359375 0.05390625 0.17890625