0 0.08203125 0.68125 0.06640625 0.10625
0 0.090625 0.58515625 0.06328125 0.09609375
0 0.10234375 0.49453125 0.059375 0.0890625
0 0.15390625 0.49765625 0.059375 0.0890625
0 0.146875 0.58671875 0.06171875 0.09921875
0 0.13984375 0.68203125 0.0625 0.0984375
0 0.19609375 0.67578125 0.0609375 0.09609375
0 0.20234375 0.58671875 0.0625 0.0984375
0 0.2078125 0.49453125 0.059375 0.09453125
0 0.26328125 0.49453125 0.05546875 0.0875
0 0.259375 0.58515625 0.06171875 0.09140625
0 0.2578125 0.67578125 0.0609375 0.09609375
0 0.31875 0.49453125 0.059375 0.0921875
0 0.31640625 0.58671875 0.05703125 0.0984375
0 0.3140625 0.6765625 0.06171875 0.0984375
0 0.37421875 0.68203125 0.05703125 0.103125
0 0.36875 0.5890625 0.0578125 0.1015625
0 0.375 0.496875 0.05390625 0.09453125
0 0.4265625 0.5015625 0.05 0.0890625
0 0.43046875 0.58828125 0.05546875 0.09375
0 0.43359375 0.68828125 0.05859375 0.08671875
0 0.6734375 0.665625 0.21015625 0.1390625
0 0.88125 0.6703125 0.21953125 0.1359375