0 0.071875 0.665625 0.09453125 0.1078125
0 0.15234375 0.6671875 0.084375 0.1171875
0 0.2359375 0.66953125 0.08359375 0.12265625
0 0.31640625 0.6765625 0.08125 0.1140625
0 0.3984375 0.67890625 0.0828125 0.12265625
0 0.584375 0.61953125 0.03984375 0.175
0 0.62578125 0.6234375 0.03984375 0.1734375
0 0.665625 0.62265625 0.03984375 0.1671875
0 0.76015625 0.62265625 0.1546875 0.21015625
0 0.85703125 0.6296875 0.0484375 0.19296875
0 0.89921875 0.63203125 0.053125 0.19453125
0 0.9328125 0.63359375 0.05390625 0.17890625