0 0.8796875 0.21796875 0.21015625 0.1578125
0 0.87578125 0.07734375 0.20703125 0.14609375
0 0.66796875 0.07734375 0.2078125 0.15
0 0.6671875 0.228125 0.21015625 0.159375
0 0.35234375 0.17109375 0.2125 0.26796875
0 0.13828125 0.1734375 0.21953125 0.2625
0 0.93828125 0.70546875 0.0890625 0.18984375
0 0.84375 0.7015625 0.0953125 0.18984375
0 0.7515625 0.70390625 0.09765625 0.18984375
0 0.6515625 0.70625 0.0921875 0.18515625
0 0.653125 0.89296875 0.0921875 0.19296875
0 0.75234375 0.8921875 0.1015625 0.20390625
0 0.84609375 0.9015625 0.0921875 0.18515625
0 0.9375 0.9046875 0.09453125 0.1890625
0 0.35078125 0.7640625 0.16796875 0.15
0 0.353125 0.90703125 0.16875 0.1421875
0 0.20234375 0.76484375 0.13203125 0.15546875
0 0.2046875 0.90703125 0.12734375 0.1265625
0 0.07734375 0.76640625 0.128125 0.15703125
0 0.078125 0.90703125 0.121875 0.1265625