0 0.834375 0.23125 0.19609375 0.2328125
0 0.8390625 0.059375 0.19609375 0.11640625
0 0.64453125 0.059375 0.19296875 0.11640625
0 0.63828125 0.23671875 0.2 0.23671875
0 0.86953125 0.7625 0.11875 0.13125
0 0.87578125 0.89375 0.1203125 0.134375
0 0.75078125 0.76953125 0.11875 0.1328125
0 0.7546875 0.90078125 0.11796875 0.1328125
0 0.6109375 0.7703125 0.15390625 0.134375
0 0.61640625 0.9 0.15625 0.134375
0 0.3640625 0.77421875 0.1546875 0.134375
0 0.365625 0.90078125 0.15625 0.1203125
0 0.234375 0.7765625 0.1125 0.1359375
0 0.2296875 0.9015625 0.1125 0.13125
0 0.1234375 0.7703125 0.11015625 0.1265625
0 0.1203125 0.89609375 0.10859375 0.1328125
0 0.2828125 0.271875 0.28828125 0.159375
0 0.2796875 0.1046875 0.28203125 0.175
0 0.0890625 0.103125 0.09765625 0.16953125
0 0.08984375 0.2671875 0.0984375 0.16328125