0 0.0921875 0.28828125 0.109375 0.21328125
0 0.1859375 0.28671875 0.0984375 0.221875
0 0.2765625 0.2828125 0.0984375 0.21953125
0 0.3734375 0.2828125 0.09765625 0.21640625
0 0.10546875 0.49296875 0.10390625 0.21640625
0 0.1984375 0.4859375 0.0984375 0.22109375
0 0.28828125 0.49296875 0.09453125 0.2171875
0 0.37421875 0.490625 0.0984375 0.21953125
0 0.121875 0.690625 0.10234375 0.18671875
0 0.20625 0.69609375 0.10625 0.20234375
0 0.29375 0.69296875 0.09453125 0.1921875
0 0.38125 0.696875 0.090625 0.19765625
0 0.134375 0.8671875 0.09765625 0.175
0 0.21953125 0.86484375 0.0953125 0.16953125
0 0.30234375 0.8734375 0.08984375 0.175
0 0.3859375 0.87265625 0.08984375 0.16953125
0 0.66875 0.3578125 0.1703125 0.1328125
0 0.66171875 0.4921875 0.16796875 0.1390625
0 0.659375 0.61953125 0.16171875 0.125
0 0.6328125 0.7375 0.121875 0.10625
0 0.62421875 0.84375 0.11484375 0.109375
0 0.61796875 0.93984375 0.11484375 0.1
0 0.81328125 0.359375 0.1296875 0.140625
0 0.80078125 0.49296875 0.1234375 0.128125
0 0.79921875 0.6125 0.12421875 0.125
0 0.7484375 0.73125 0.12265625 0.115625
0 0.73984375 0.846875 0.1203125 0.115625
0 0.73203125 0.953125 0.1171875 0.09375
0 0.86484375 0.95390625 0.1609375 0.0921875
0 0.8734375 0.85078125 0.159375 0.115625
0 0.88828125 0.73984375 0.16171875 0.1328125
0 0.9171875 0.6140625 0.12578125 0.11875
0 0.9234375 0.484375 0.12578125 0.1265625
0 0.93359375 0.3609375 0.1328125 0.1421875