0 0.9 0.240625 0.1984375 0.140625
0 0.62578125 0.2359375 0.20703125 0.146875
0 0.6265625 0.0875 0.20625 0.15625
0 0.4828125 0.0796875 0.084375 0.15625
0 0.403125 0.0796875 0.078125 0.15703125
0 0.47734375 0.2375 0.0796875 0.1578125
0 0.3984375 0.23515625 0.071875 0.1515625
0 0.946875 0.95390625 0.103125 0.0921875
1 0.5984375 0.78671875 0.0515625 0.1015625
1 0.45546875 0.8125 0.06875 0.10390625
1 0.63203125 0.95234375 0.0609375 0.09453125
1 0.56875 0.9515625 0.065625 0.096875
1 0.50625 0.9515625 0.06484375 0.096875
1 0.44296875 0.95390625 0.0609375 0.0921875
1 0.91328125 0.753125 0.0515625 0.12578125
1 0.8578125 0.7484375 0.0609375 0.11640625
1 0.7953125 0.7484375 0.059375 0.11953125
1 0.73203125 0.775 0.0640625 0.17109375