0 0.17578125 0.43671875 0.13515625 0.1328125
0 0.1828125 0.5578125 0.13203125 0.125
0 0.196875 0.6703125 0.13203125 0.109375
0 0.20859375 0.7765625 0.1265625 0.121875
0 0.21796875 0.88515625 0.1265625 0.10390625
0 0.3234375 0.88984375 0.0921875 0.10390625
0 0.315625 0.7828125 0.09765625 0.1140625
0 0.30703125 0.675 0.09609375 0.10390625
0 0.29375 0.56484375 0.09453125 0.1140625
0 0.290625 0.434375 0.09765625 0.1390625
0 0.4046875 0.43203125 0.13203125 0.1234375
0 0.40703125 0.55625 0.13125 0.121875
0 0.4140625 0.67109375 0.1265625 0.10625
0 0.4203125 0.77578125 0.11875 0.1078125
0 0.42421875 0.88046875 0.1171875 0.1140625
0 0.7265625 0.5515625 0.14609375 0.1140625
0 0.6421875 0.70625 0.15625 0.11171875
0 0.6375 0.821875 0.1484375 0.1171875
0 0.63046875 0.92109375 0.1421875 0.1015625
0 0.7390625 0.92578125 0.07890625 0.1140625
0 0.74609375 0.82109375 0.07578125 0.115625
0 0.75390625 0.71015625 0.0765625 0.11953125
0 0.86484375 0.709375 0.153125 0.121875
0 0.85234375 0.8234375 0.146875 0.11953125
0 0.83984375 0.92578125 0.14296875 0.1140625
1 0.55859375 0.35546875 0.0640625 0.13984375
1 0.621875 0.34140625 0.059375 0.115625
1 0.684375 0.3421875 0.0609375 0.11484375
1 0.740625 0.359375 0.0578125 0.14921875
1 0.9265625 0.39765625 0.071875 0.08125
1 0.98359375 0.54296875 0.03203125 0.09453125
1 0.93984375 0.54140625 0.06328125 0.090625
1 0.88125 0.54375 0.065625 0.0984375
1 0.9796875 0.63046875 0.040625 0.08671875
1 0.9359375 0.63203125 0.06640625 0.08515625
1 0.04375 0.38359375 0.07265625 0.2109375
1 0.0890625 0.38515625 0.0671875 0.20625
1 0.0515625 0.5640625 0.0796875 0.146875
1 0.1046875 0.56171875 0.05625 0.15