0 0.06171875 0.56171875 0.0890625 0.16953125
0 0.07421875 0.396875 0.08515625 0.1671875
0 0.08828125 0.2359375 0.08125 0.165625
0 0.03203125 0.23515625 0.06328125 0.1640625
0 0.02421875 0.39765625 0.04765625 0.1734375
0 0.1328125 0.56328125 0.071875 0.17109375
0 0.13984375 0.39921875 0.0765625 0.16484375
0 0.1515625 0.23515625 0.06953125 0.1734375
0 0.19609375 0.56484375 0.06953125 0.16171875
0 0.2046875 0.3984375 0.0703125 0.17890625
0 0.21875 0.23359375 0.06875 0.16953125
0 0.22421875 0.084375 0.0671875 0.14375
0 0.16328125 0.07890625 0.059375 0.1421875
0 0.1 0.0875 0.0890625 0.146875
0 0.034375 0.0890625 0.0640625 0.140625
0 0.4640625 0.6234375 0.246875 0.1390625
0 0.4625 0.4734375 0.24296875 0.17734375
0 0.4640625 0.309375 0.23125 0.16953125
0 0.46640625 0.15703125 0.225 0.15625
0 0.62578125 0.15234375 0.08984375 0.15546875
0 0.62578125 0.3171875 0.09765625 0.165625
0 0.63359375 0.48125 0.0984375 0.1515625
0 0.63671875 0.62421875 0.103125 0.1328125