0 0.065625 0.0875 0.059375 0.10234375
0 0.06171875 0.190625 0.0625 0.1015625
0 0.06171875 0.28984375 0.06640625 0.09921875
0 0.12109375 0.2875 0.0609375 0.09921875
0 0.1234375 0.19140625 0.0609375 0.10859375
0 0.1234375 0.090625 0.06015625 0.10234375
0 0.18125 0.090625 0.06328125 0.096875
0 0.18203125 0.18828125 0.05703125 0.1015625
0 0.1796875 0.2859375 0.06015625 0.1015625
0 0.2390625 0.2875 0.0625 0.1078125
0 0.240625 0.18828125 0.05703125 0.1015625
0 0.24140625 0.090625 0.05625 0.10859375
0 0.3 0.0921875 0.059375 0.0984375
0 0.3015625 0.18828125 0.06328125 0.10078125
0 0.30078125 0.29140625 0.059375 0.09921875
0 0.3609375 0.290625 0.06015625 0.10625
0 0.35859375 0.1921875 0.059375 0.1078125
0 0.35859375 0.0953125 0.0578125 0.103125
0 0.41796875 0.0921875 0.0578125 0.10234375
0 0.4171875 0.1953125 0.059375 0.0921875
0 0.42265625 0.29140625 0.05703125 0.09453125
0 0.13515625 0.875 0.14296875 0.1390625
0 0.25859375 0.8734375 0.1046875 0.1375
0 0.38125 0.86953125 0.13828125 0.14375
0 0.13515625 0.97265625 0.1390625 0.0546875
0 0.25859375 0.971875 0.109375 0.05625
0 0.3796875 0.965625 0.1375 0.06875
0 0.67109375 0.275 0.2140625 0.1390625
0 0.8796875 0.28125 0.2078125 0.13046875
0 0.72734375 0.9625 0.15 0.075
1 0.54453125 0.79609375 0.0625 0.1859375
1 0.60859375 0.77578125 0.0609375 0.13984375
1 0.671875 0.7609375 0.0640625 0.1140625
1 0.73515625 0.7796875 0.0578125 0.16171875
1 0.91875 0.815625 0.07109375 0.084375
1 0.7796875 0.80234375 0.028125 0.08125
1 0.884375 0.959375 0.06328125 0.08125
1 0.946875 0.959375 0.06484375 0.08046875