0 0.4734375 0.24296875 0.2546875 0.17734375
0 0.4734375 0.0765625 0.25234375 0.15078125
0 0.2890625 0.0734375 0.103125 0.1421875
0 0.29140625 0.234375 0.1046875 0.17890625
0 0.7515625 0.15859375 0.06875 0.18515625
0 0.81953125 0.15546875 0.0640625 0.17890625
0 0.8921875 0.16171875 0.075 0.18671875
0 0.96640625 0.16171875 0.0671875 0.17109375
0 0.965625 0.03671875 0.06875 0.0734375
0 0.89375 0.03359375 0.07890625 0.06484375
0 0.81875 0.03359375 0.0671875 0.06484375
0 0.75234375 0.0375 0.06484375 0.07265625