0 0.13125 0.6703125 0.08515625 0.21328125
0 0.2171875 0.665625 0.08671875 0.20546875
0 0.303125 0.6640625 0.090625 0.21171875
0 0.3921875 0.6625 0.0875 0.21328125
0 0.13125 0.45390625 0.0796875 0.21953125
0 0.2140625 0.4515625 0.090625 0.21953125
0 0.30546875 0.459375 0.08671875 0.21171875
0 0.3890625 0.45625 0.0796875 0.21015625
0 0.13125 0.240625 0.08671875 0.21015625
0 0.21796875 0.25390625 0.08359375 0.20234375
0 0.30546875 0.25859375 0.08125 0.21171875
0 0.3890625 0.253125 0.08203125 0.21015625
0 0.38828125 0.07890625 0.0828125 0.15546875
0 0.30546875 0.0796875 0.0828125 0.15703125
0 0.22109375 0.0796875 0.08515625 0.15703125
0 0.13359375 0.0765625 0.0890625 0.15078125
0 0.665625 0.1375 0.153125 0.134375
0 0.66171875 0.2703125 0.159375 0.134375
0 0.6640625 0.4015625 0.1578125 0.13125
0 0.63984375 0.53046875 0.1203125 0.11875
0 0.6359375 0.65078125 0.11796875 0.128125
0 0.628125 0.78125 0.11875 0.1265625
0 0.74921875 0.7796875 0.11484375 0.134375
0 0.753125 0.6578125 0.11484375 0.1328125
0 0.759375 0.5296875 0.11484375 0.1359375
0 0.8046875 0.4046875 0.1125 0.125
0 0.79609375 0.2734375 0.1109375 0.140625
0 0.8 0.14296875 0.1171875 0.1421875
0 0.9171875 0.14609375 0.1171875 0.128125
0 0.9125 0.2796875 0.11875 0.1390625
0 0.91796875 0.40625 0.1125 0.128125
0 0.89765625 0.5359375 0.159375 0.1328125
0 0.89140625 0.65703125 0.15625 0.125
0 0.88984375 0.78046875 0.159375 0.1328125