0 0.5265625 0.24296875 0.2546875 0.17734375
0 0.52734375 0.0765625 0.25234375 0.15078125
0 0.71171875 0.0734375 0.103125 0.1421875
0 0.709375 0.234375 0.1046875 0.17890625
0 0.2484375 0.15859375 0.06875 0.18515625
0 0.18125 0.15546875 0.0640625 0.17890625
0 0.1078125 0.16171875 0.075 0.18671875
0 0.03359375 0.16171875 0.0671875 0.17109375
0 0.034375 0.0375 0.06796875 0.07265625
0 0.10625 0.03359375 0.07890625 0.06484375
0 0.18125 0.03359375 0.0671875 0.06484375
0 0.24765625 0.0375 0.06484375 0.07265625