0 0.90625 0.8484375 0.04609375 0.1421875
0 0.9046875 0.71015625 0.04375 0.146875
0 0.90546875 0.5703125 0.0390625 0.1375
0 0.90546875 0.434375 0.03984375 0.1453125
0 0.8640625 0.434375 0.0421875 0.14140625
0 0.86328125 0.57109375 0.04453125 0.14140625
0 0.8609375 0.715625 0.0453125 0.14296875
0 0.86015625 0.85859375 0.04296875 0.1390625
0 0.81015625 0.86640625 0.0609375 0.15078125
0 0.8109375 0.715625 0.0578125 0.14140625
0 0.8140625 0.57265625 0.05859375 0.15
0 0.815625 0.428125 0.059375 0.1375
0 0.759375 0.4265625 0.0515625 0.1421875
0 0.75859375 0.571875 0.05390625 0.14921875
0 0.75859375 0.7234375 0.053125 0.1484375
0 0.75703125 0.871875 0.05 0.15625
0 0.7078125 0.87578125 0.053125 0.15703125
0 0.70703125 0.72421875 0.0515625 0.15390625
0 0.7078125 0.571875 0.0515625 0.1546875
0 0.70703125 0.4265625 0.0515625 0.14609375
0 0.4890625 0.52734375 0.2046875 0.15859375
0 0.48984375 0.6859375 0.2078125 0.16875
0 0.48984375 0.840625 0.20390625 0.1828125
0 0.48828125 0.95234375 0.20546875 0.09453125
0 0.33984375 0.9609375 0.0921875 0.078125
0 0.3390625 0.85 0.0953125 0.1640625
0 0.3390625 0.68984375 0.0953125 0.165625
0 0.33984375 0.5296875 0.09296875 0.1671875
0 0.88671875 0.13359375 0.075 0.090625
0 0.88359375 0.04375 0.0703125 0.0859375
0 0.8109375 0.04375 0.078125 0.0859375
0 0.8125 0.1265625 0.07265625 0.103125
0 0.721875 0.11171875 0.10859375 0.1125
0 0.71953125 0.0359375 0.109375 0.0703125
0 0.5421875 0.08203125 0.13828125 0.134375
0 0.40078125 0.071875 0.14296875 0.14140625