0 0.06875 0.5453125 0.05625 0.16328125
0 0.0203125 0.54765625 0.03984375 0.1734375
0 0.021875 0.3796875 0.04296875 0.16328125
0 0.06640625 0.378125 0.05546875 0.16171875
0 0.065625 0.2234375 0.05390625 0.175
0 0.021875 0.2234375 0.04296875 0.17109375
0 0.02109375 0.075 0.040625 0.14765625
0 0.06640625 0.06953125 0.05390625 0.13828125
0 0.19140625 0.55546875 0.059375 0.17734375
0 0.19140625 0.38515625 0.05703125 0.1671875
0 0.190625 0.215625 0.05859375 0.15625
0 0.18828125 0.0671875 0.06171875 0.1328125
0 0.2515625 0.55703125 0.059375 0.1734375
0 0.25 0.38828125 0.05703125 0.17734375
0 0.2484375 0.21640625 0.05625 0.16484375
0 0.246875 0.07109375 0.06328125 0.1328125
0 0.3109375 0.06015625 0.06875 0.11875
0 0.31328125 0.215625 0.0765625 0.175
0 0.31640625 0.39609375 0.0734375 0.16953125
0 0.3203125 0.5671875 0.075 0.17109375
0 0.38828125 0.56171875 0.06171875 0.1734375
0 0.3875 0.3875 0.06796875 0.190625
0 0.38203125 0.209375 0.06328125 0.190625
0 0.38046875 0.06171875 0.06328125 0.12265625
0 0.44375 0.06015625 0.0671875 0.115625
0 0.44453125 0.20390625 0.06953125 0.18515625
0 0.4484375 0.38359375 0.06484375 0.18671875
0 0.453125 0.565625 0.065625 0.16953125
0 0.60078125 0.565625 0.071875 0.1921875
0 0.603125 0.38046875 0.0671875 0.1921875
0 0.60078125 0.19765625 0.065625 0.18828125
0 0.6015625 0.05546875 0.06484375 0.109375
0 0.6703125 0.05 0.071875 0.0984375
0 0.6703125 0.1984375 0.071875 0.1828125
0 0.67421875 0.384375 0.06484375 0.190625
0 0.67265625 0.571875 0.0703125 0.190625
0 0.75078125 0.56953125 0.0890625 0.18046875
0 0.75078125 0.38359375 0.090625 0.2
0 0.7515625 0.18515625 0.08984375 0.20859375
0 0.7515625 0.05 0.09453125 0.0984375
0 0.834375 0.0484375 0.07578125 0.0953125
0 0.83515625 0.18671875 0.07890625 0.19453125
0 0.83828125 0.3765625 0.07890625 0.19765625
0 0.834375 0.575 0.0796875 0.18515625
0 0.91171875 0.5703125 0.078125 0.190625
0 0.9125 0.37578125 0.0765625 0.21015625
0 0.90703125 0.1828125 0.075 0.20234375
0 0.909375 0.04453125 0.07890625 0.0875