0 0.028125 0.6078125 0.05546875 0.17734375
0 0.0296875 0.784375 0.05625 0.17109375
0 0.02890625 0.9328125 0.05625 0.13359375
0 0.0859375 0.9359375 0.05859375 0.12734375
0 0.0859375 0.7859375 0.0609375 0.18125
0 0.08359375 0.603125 0.06328125 0.1828125
0 0.153125 0.60703125 0.0765625 0.17109375
0 0.15390625 0.78359375 0.075 0.18125
0 0.153125 0.93359375 0.075 0.1328125
0 0.22265625 0.93984375 0.0671875 0.11953125
0 0.2234375 0.78671875 0.06171875 0.18671875
0 0.22578125 0.6046875 0.06328125 0.1875
0 0.290625 0.60703125 0.06328125 0.175
0 0.2921875 0.7875 0.06484375 0.18125
0 0.29140625 0.93828125 0.065625 0.1234375
0 0.0515625 0.2453125 0.1015625 0.109375
0 0.05625 0.13125 0.1 0.11953125
0 0.05703125 0.03828125 0.0984375 0.075
0 0.15859375 0.03984375 0.10390625 0.078125
0 0.15390625 0.1359375 0.0984375 0.11875
0 0.15234375 0.2453125 0.0984375 0.121875
0 0.27109375 0.23671875 0.1421875 0.1328125
0 0.2734375 0.11796875 0.1390625 0.115625
0 0.27890625 0.0375 0.13671875 0.07265625
0 0.4625 0.22421875 0.146875 0.1265625
0 0.46171875 0.10625 0.146875 0.11953125
0 0.4609375 0.02421875 0.15 0.046875
0 0.59453125 0.09765625 0.1203125 0.1328125
0 0.59765625 0.225 0.1140625 0.121875
0 0.715625 0.21328125 0.11796875 0.134375
0 0.7140625 0.09921875 0.11796875 0.125
0 0.43203125 0.6109375 0.0671875 0.1828125
0 0.4359375 0.79765625 0.0703125 0.18125
0 0.43984375 0.94375 0.0703125 0.11171875
0 0.50703125 0.94453125 0.0734375 0.11015625
0 0.50234375 0.8 0.07109375 0.19296875
0 0.4984375 0.615625 0.07265625 0.1890625
0 0.5796875 0.61640625 0.0875 0.19453125
0 0.5828125 0.80703125 0.0921875 0.20078125
0 0.5859375 0.9484375 0.08671875 0.10234375
0 0.66484375 0.953125 0.0703125 0.09375
0 0.6625 0.8078125 0.0734375 0.20234375
0 0.659375 0.61015625 0.0703125 0.18515625
0 0.72734375 0.609375 0.07109375 0.19609375
0 0.73359375 0.809375 0.0796875 0.20546875
0 0.73828125 0.9515625 0.0703125 0.096875
0 0.903125 0.95625 0.08125 0.08671875
0 0.90234375 0.81875 0.08125 0.20546875
0 0.89921875 0.615625 0.07890625 0.20390625
0 0.971875 0.61640625 0.05625 0.20234375
0 0.97109375 0.81171875 0.05625 0.20234375
0 0.97265625 0.95546875 0.0546875 0.08828125
0 0.92890625 0.21328125 0.13125 0.146875
0 0.93125 0.0828125 0.1203125 0.1328125