0 0.0296875 0.73828125 0.0578125 0.178125
0 0.0296875 0.55703125 0.0578125 0.17890625
0 0.02890625 0.390625 0.05625 0.16171875
0 0.02890625 0.228125 0.05625 0.16875
0 0.0859375 0.2296875 0.05546875 0.17421875
0 0.08671875 0.38984375 0.05625 0.15859375
0 0.0859375 0.56171875 0.053125 0.18515625
0 0.08359375 0.73046875 0.06015625 0.165625
0 0.14375 0.71640625 0.071875 0.1703125
0 0.1453125 0.55625 0.065625 0.18203125
0 0.146875 0.3859375 0.071875 0.16171875
0 0.14609375 0.22265625 0.06875 0.17421875
0 0.2125 0.21953125 0.0609375 0.171875
0 0.2109375 0.38671875 0.059375 0.165625
0 0.21015625 0.55078125 0.06171875 0.165625
0 0.20859375 0.7140625 0.06328125 0.16171875
0 0.271875 0.71171875 0.06328125 0.1703125
0 0.27265625 0.5484375 0.059375 0.17109375
0 0.26953125 0.38046875 0.05703125 0.1765625
0 0.2703125 0.21640625 0.0609375 0.17109375
0 0.40234375 0.2234375 0.0578125 0.17265625
0 0.403125 0.38984375 0.0609375 0.16875
0 0.40234375 0.55546875 0.06484375 0.165625
0 0.403125 0.72421875 0.06171875 0.16875
0 0.46640625 0.7234375 0.0609375 0.16953125
0 0.46484375 0.55625 0.0609375 0.16875
0 0.46328125 0.38671875 0.06015625 0.178125
0 0.4625 0.22109375 0.05859375 0.1703125
0 0.53203125 0.225 0.07734375 0.16875
0 0.5328125 0.38671875 0.07421875 0.17109375
0 0.5359375 0.5578125 0.07578125 0.175
0 0.534375 0.7265625 0.0765625 0.16875
0 0.60625 0.73125 0.0625 0.1765625
0 0.60390625 0.5578125 0.0640625 0.1765625
0 0.6015625 0.390625 0.0609375 0.1703125
0 0.60078125 0.21953125 0.059375 0.1765625
0 0.6625 0.21875 0.06484375 0.18203125
0 0.66484375 0.3890625 0.0625 0.17109375
0 0.66640625 0.5578125 0.059375 0.175
0 0.67109375 0.73125 0.0625 0.1671875
0 0.81484375 0.73671875 0.06796875 0.175
0 0.8171875 0.56328125 0.071875 0.178125
0 0.8171875 0.39296875 0.065625 0.1671875
0 0.8171875 0.21640625 0.065625 0.18046875
0 0.8859375 0.2171875 0.0640625 0.1765625
0 0.88515625 0.39375 0.06875 0.17265625
0 0.88515625 0.5671875 0.06875 0.1734375
0 0.884375 0.74296875 0.0671875 0.1765625
0 0.95703125 0.7421875 0.08515625 0.18046875
0 0.9609375 0.5625 0.078125 0.18125
0 0.96015625 0.38984375 0.07890625 0.178125
0 0.96015625 0.2125 0.0796875 0.1890625