0 0.03984375 0.32265625 0.05859375 0.16953125
0 0.0390625 0.15859375 0.05703125 0.16328125
0 0.03671875 0.040625 0.0578125 0.0796875
0 0.246875 0.40546875 0.20390625 0.153125
0 0.390625 0.40546875 0.0875 0.15390625
0 0.39296875 0.2546875 0.0890625 0.1640625
0 0.2484375 0.25546875 0.20234375 0.1609375
0 0.2484375 0.103125 0.2015625 0.15390625
0 0.3921875 0.103125 0.0890625 0.15546875
0 0.5640625 0.3078125 0.06171875 0.16875
0 0.56171875 0.14375 0.0625 0.171875
0 0.56328125 0.0296875 0.06484375 0.0578125
0 0.62734375 0.303125 0.06328125 0.1734375
0 0.6265625 0.14140625 0.06484375 0.171875
0 0.628125 0.0328125 0.06484375 0.0640625
0 0.69453125 0.0296875 0.07734375 0.05703125
0 0.696875 0.13671875 0.07890625 0.1671875
0 0.6984375 0.3078125 0.0765625 0.1765625
0 0.76796875 0.30234375 0.06484375 0.178125
0 0.76640625 0.13046875 0.065625 0.17265625
0 0.76484375 0.028125 0.0671875 0.05390625
0 0.8296875 0.02421875 0.06875 0.046875
0 0.834375 0.13359375 0.06328125 0.16328125
0 0.83671875 0.29609375 0.06640625 0.1828125
0 0.97109375 0.29765625 0.05703125 0.16875
0 0.96953125 0.11953125 0.0609375 0.1828125