0 0.95234375 0.940625 0.06328125 0.11796875
0 0.9515625 0.803125 0.0640625 0.165625
0 0.95234375 0.63671875 0.06328125 0.17109375
0 0.890625 0.64140625 0.05703125 0.159375
0 0.88984375 0.80625 0.059375 0.16171875
0 0.8921875 0.9421875 0.0640625 0.115625
0 0.653125 0.7609375 0.21484375 0.18125
0 0.6546875 0.9234375 0.21796875 0.153125
0 0.5015625 0.92109375 0.10234375 0.1578125
0 0.49921875 0.7515625 0.09296875 0.18125
0 0.90703125 0.303125 0.12578125 0.1109375
0 0.98203125 0.303125 0.0359375 0.10390625
0 0.9046875 0.196875 0.1203125 0.1140625
0 0.9828125 0.19765625 0.034375 0.115625
0 0.98125 0.08671875 0.0375 0.1078125
0 0.90234375 0.0890625 0.1234375 0.115625
0 0.7078125 0.284375 0.146875 0.140625
0 0.56171875 0.2875 0.1515625 0.1390625
0 0.56015625 0.1515625 0.1484375 0.16953125
0 0.7046875 0.15390625 0.14765625 0.14375
0 0.5609375 0.040625 0.1515625 0.0796875
0 0.7078125 0.04140625 0.14375 0.08125