0 0.98125 0.709375 0.0375 0.15390625
0 0.93359375 0.71171875 0.0625 0.16171875
0 0.97890625 0.54765625 0.040625 0.16328125
0 0.9328125 0.5515625 0.06328125 0.16640625
0 0.9796875 0.384375 0.040625 0.165625
0 0.93125 0.390625 0.0578125 0.16328125
0 0.9796875 0.23203125 0.03984375 0.153125
0 0.9296875 0.2296875 0.06171875 0.16171875
0 0.80625 0.72421875 0.0609375 0.16171875
0 0.80625 0.56015625 0.059375 0.16484375
0 0.80546875 0.3984375 0.05625 0.16640625
0 0.80625 0.23515625 0.05546875 0.159375
0 0.74609375 0.72734375 0.059375 0.1640625
0 0.74609375 0.5640625 0.05625 0.16953125
0 0.7484375 0.396875 0.059375 0.16953125
0 0.75078125 0.23515625 0.0609375 0.165625
0 0.67890625 0.728125 0.0703125 0.16875
0 0.68203125 0.565625 0.075 0.16875
0 0.684375 0.39765625 0.0734375 0.171875
0 0.684375 0.23125 0.0734375 0.171875
0 0.6125 0.73203125 0.059375 0.17421875
0 0.615625 0.565625 0.06171875 0.1734375
0 0.615625 0.40078125 0.06484375 0.1734375
0 0.61875 0.23203125 0.06015625 0.165625
0 0.55703125 0.23203125 0.0609375 0.1703125
0 0.55625 0.39765625 0.0609375 0.16953125
0 0.553125 0.565625 0.0609375 0.1703125
0 0.5515625 0.73515625 0.0640625 0.16953125
0 0.41484375 0.740625 0.06484375 0.17734375
0 0.4109375 0.5671875 0.065625 0.175
0 0.4109375 0.39765625 0.06328125 0.17421875
0 0.409375 0.225 0.06328125 0.1796875
0 0.3453125 0.2296875 0.0625 0.17734375
0 0.34609375 0.39921875 0.06484375 0.17734375
0 0.346875 0.571875 0.0671875 0.1734375
0 0.34921875 0.746875 0.06953125 0.17421875
0 0.27734375 0.74609375 0.084375 0.1765625
0 0.27578125 0.57265625 0.078125 0.18046875
0 0.275 0.4 0.07265625 0.17734375
0 0.27421875 0.22578125 0.08125 0.17734375
0 0.203125 0.2296875 0.06328125 0.1859375
0 0.20546875 0.40078125 0.06484375 0.17421875
0 0.2015625 0.57734375 0.06484375 0.1734375
0 0.20546875 0.7515625 0.06796875 0.17890625
0 0.1359375 0.75 0.0671875 0.1734375
0 0.1375 0.57734375 0.06484375 0.178125
0 0.1375 0.40078125 0.06171875 0.1765625
0 0.1359375 0.22578125 0.06640625 0.17734375