0 0.96015625 0.32265625 0.05859375 0.16953125
0 0.96171875 0.15859375 0.05703125 0.16328125
0 0.96328125 0.040625 0.0578125 0.0796875
0 0.75390625 0.40546875 0.20390625 0.153125
0 0.61015625 0.40546875 0.0875 0.15390625
0 0.60703125 0.2546875 0.0890625 0.1640625
0 0.7515625 0.25546875 0.20234375 0.1609375
0 0.75234375 0.103125 0.2015625 0.15390625
0 0.6078125 0.103125 0.0890625 0.15546875
0 0.4359375 0.3078125 0.06171875 0.16875
0 0.43828125 0.14375 0.0625 0.171875
0 0.4375 0.0296875 0.06484375 0.0578125
0 0.37265625 0.303125 0.06328125 0.1734375
0 0.37421875 0.14140625 0.06484375 0.171875
0 0.37265625 0.0328125 0.06484375 0.0640625
0 0.30546875 0.0296875 0.07734375 0.05703125
0 0.303125 0.13671875 0.07890625 0.1671875
0 0.3015625 0.3078125 0.0765625 0.1765625
0 0.23203125 0.30234375 0.06484375 0.178125
0 0.23359375 0.13046875 0.065625 0.17265625
0 0.23515625 0.028125 0.0671875 0.05390625
0 0.17109375 0.02421875 0.06875 0.046875
0 0.16640625 0.13359375 0.06328125 0.16328125
0 0.16328125 0.29609375 0.06640625 0.1828125
0 0.02890625 0.29765625 0.05703125 0.16875
0 0.03046875 0.1203125 0.06015625 0.1828125