0 0.0390625 0.2453125 0.07734375 0.1125
0 0.04140625 0.134375 0.08203125 0.11171875
0 0.04140625 0.040625 0.08203125 0.0796875
0 0.1359375 0.04296875 0.10234375 0.084375
0 0.13046875 0.14140625 0.1 0.109375
0 0.1296875 0.2515625 0.0984375 0.109375
0 0.2515625 0.2375 0.14609375 0.125
0 0.25234375 0.13125 0.14296875 0.1234375
0 0.25703125 0.040625 0.1390625 0.0796875
0 0.4390625 0.034375 0.1453125 0.0671875
0 0.440625 0.12265625 0.146875 0.1171875
0 0.4421875 0.2375 0.14140625 0.1171875
0 0.5703125 0.22890625 0.11484375 0.1203125
0 0.5703125 0.121875 0.11796875 0.115625
0 0.56640625 0.03125 0.11015625 0.0609375
0 0.67734375 0.0375 0.10859375 0.07265625
0 0.68046875 0.13046875 0.103125 0.1015625
0 0.68125 0.23828125 0.10390625 0.115625
0 0.8796875 0.2359375 0.11015625 0.10625
0 0.88046875 0.12734375 0.1078125 0.1234375
0 0.8796875 0.03515625 0.10859375 0.06875
0 0.96796875 0.034375 0.06328125 0.0671875
0 0.96796875 0.11875 0.06328125 0.128125
0 0.9703125 0.23828125 0.059375 0.1015625
0 0.05859375 0.6109375 0.065625 0.1828125
0 0.06171875 0.78359375 0.0640625 0.16953125
0 0.0625 0.93515625 0.06328125 0.1296875
0 0.0140625 0.6109375 0.0265625 0.1984375
0 0.01640625 0.79375 0.03125 0.16484375
0 0.01640625 0.93984375 0.03125 0.11953125
0 0.13125 0.9390625 0.071875 0.121875
0 0.1265625 0.7875 0.07109375 0.17734375
0 0.1296875 0.60625 0.0796875 0.1890625
0 0.20390625 0.60703125 0.065625 0.18671875
0 0.2 0.7875 0.071875 0.17734375
0 0.203125 0.9421875 0.0734375 0.115625
0 0.26953125 0.93671875 0.0671875 0.12578125
0 0.2734375 0.784375 0.0640625 0.18671875
0 0.271875 0.60234375 0.065625 0.18828125
0 0.4109375 0.609375 0.0703125 0.17734375
0 0.41171875 0.78671875 0.06875 0.18984375
0 0.4171875 0.9390625 0.06875 0.121875
0 0.47734375 0.609375 0.06875 0.17734375
0 0.4796875 0.7859375 0.0671875 0.18515625
0 0.4828125 0.93671875 0.06953125 0.12578125
0 0.56015625 0.94296875 0.0796875 0.1140625
0 0.55625 0.78984375 0.08359375 0.19453125
0 0.55390625 0.61015625 0.08984375 0.18515625
0 0.62265625 0.60703125 0.06796875 0.17890625
0 0.62890625 0.78984375 0.0703125 0.1875
0 0.634375 0.9421875 0.06484375 0.115625
0 0.7015625 0.94453125 0.0671875 0.11015625
0 0.69765625 0.79296875 0.06953125 0.1828125
0 0.69140625 0.59921875 0.06484375 0.1828125
0 0.8515625 0.6140625 0.06796875 0.18515625
0 0.85546875 0.7890625 0.0703125 0.18046875
0 0.853125 0.93984375 0.06875 0.11953125
0 0.9234375 0.9421875 0.065625 0.115625
0 0.9234375 0.78984375 0.0671875 0.18515625
0 0.921875 0.60078125 0.0671875 0.18671875
0 0.97890625 0.6078125 0.04140625 0.18828125
0 0.9796875 0.78984375 0.040625 0.1796875
0 0.98046875 0.93828125 0.0390625 0.1234375