0 0.7734375 0.3078125 0.0921875 0.1015625
0 0.90546875 0.3125 0.18828125 0.10625
0 0.7640625 0.19765625 0.0921875 0.12578125
0 0.75625 0.07890625 0.0875 0.1234375
0 0.89921875 0.19765625 0.2 0.13046875
0 0.88125 0.06953125 0.209375 0.1296875
0 0.61484375 0.24375 0.06015625 0.14140625
0 0.61015625 0.11171875 0.0609375 0.1375
0 0.55625 0.23671875 0.0640625 0.14140625
0 0.553125 0.10859375 0.06015625 0.14140625
0 0.48984375 0.23671875 0.075 0.1421875
0 0.4890625 0.10625 0.0703125 0.13984375
0 0.42578125 0.09609375 0.059375 0.1375
0 0.42265625 0.234375 0.059375 0.14609375
0 0.3640625 0.22890625 0.06171875 0.1453125
0 0.36875 0.0890625 0.05546875 0.1421875