0 0.89296875 0.2953125 0.1265625 0.115625
0 0.89296875 0.18671875 0.134375 0.109375
0 0.8921875 0.0796875 0.13203125 0.11171875
0 0.778125 0.08671875 0.10078125 0.1171875
0 0.778125 0.18828125 0.1015625 0.10625
0 0.77734375 0.2953125 0.103125 0.1078125
0 0.67890625 0.2953125 0.1 0.11171875
0 0.6765625 0.1875 0.1 0.1078125
0 0.6765625 0.084375 0.1 0.1125
0 0.9171875 0.63046875 0.059375 0.15546875
0 0.91328125 0.7984375 0.059375 0.1578125
0 0.9140625 0.9359375 0.05390625 0.11171875
0 0.85546875 0.9390625 0.065625 0.121875
0 0.85625 0.79921875 0.0609375 0.16328125
0 0.85859375 0.6375 0.05703125 0.16953125
0 0.790625 0.63671875 0.071875 0.17109375
0 0.78984375 0.80625 0.0734375 0.16484375
0 0.7875 0.9390625 0.0703125 0.121875
0 0.72109375 0.9421875 0.065625 0.115625
0 0.72109375 0.80546875 0.06484375 0.16953125
0 0.72578125 0.63828125 0.0625 0.17890625
0 0.665625 0.63046875 0.05859375 0.1671875
0 0.65859375 0.796875 0.06328125 0.16484375
0 0.65859375 0.93828125 0.0640625 0.1234375
0 0.49453125 0.290625 0.10625 0.1171875
0 0.4921875 0.1828125 0.1 0.1078125
0 0.4890625 0.07734375 0.10078125 0.1
0 0.390625 0.0765625 0.10078125 0.10625
0 0.390625 0.18515625 0.10078125 0.10625
0 0.39140625 0.29453125 0.1 0.109375
0 0.27578125 0.28671875 0.13359375 0.1140625
0 0.27265625 0.18046875 0.13203125 0.11171875
0 0.275 0.0734375 0.12890625 0.1109375
0 0.5171875 0.6390625 0.06171875 0.16953125
0 0.5203125 0.8046875 0.0609375 0.16171875
0 0.5171875 0.9390625 0.06328125 0.121875
0 0.45546875 0.940625 0.06171875 0.11796875
0 0.4578125 0.803125 0.0609375 0.15703125
0 0.46015625 0.63828125 0.059375 0.17109375
0 0.38984375 0.63515625 0.0765625 0.16328125
0 0.38984375 0.803125 0.0765625 0.16171875
0 0.3890625 0.9421875 0.0734375 0.115625
0 0.31875 0.94375 0.06171875 0.11171875
0 0.3171875 0.80390625 0.06171875 0.159375
0 0.31953125 0.63984375 0.05859375 0.175
0 0.26015625 0.63515625 0.05546875 0.16953125
0 0.25859375 0.8046875 0.05546875 0.1578125
0 0.25703125 0.93984375 0.06171875 0.11953125
0 0.06015625 0.746875 0.11875 0.16953125
0 0.0578125 0.9109375 0.115625 0.1578125