0 0.10703125 0.2953125 0.1265625 0.115625
0 0.1078125 0.18671875 0.134375 0.109375
0 0.1078125 0.0796875 0.13203125 0.11171875
0 0.221875 0.08671875 0.10078125 0.1171875
0 0.221875 0.18828125 0.1015625 0.10625
0 0.2234375 0.2953125 0.103125 0.1078125
0 0.32109375 0.2953125 0.1 0.11171875
0 0.3234375 0.1875 0.1 0.1078125
0 0.3234375 0.084375 0.1 0.1125
0 0.0828125 0.63046875 0.059375 0.15546875
0 0.08671875 0.7984375 0.059375 0.1578125
0 0.0859375 0.9359375 0.05390625 0.11171875
0 0.1453125 0.9390625 0.065625 0.121875
0 0.14375 0.79921875 0.0609375 0.16328125
0 0.1421875 0.6375 0.05703125 0.16953125
0 0.209375 0.63671875 0.071875 0.17109375
0 0.21015625 0.80625 0.0734375 0.16484375
0 0.2125 0.9390625 0.0703125 0.121875
0 0.2796875 0.9421875 0.065625 0.115625
0 0.27890625 0.80546875 0.06484375 0.16953125
0 0.27421875 0.63828125 0.0625 0.17890625
0 0.334375 0.63046875 0.05859375 0.1671875
0 0.3421875 0.796875 0.06328125 0.16484375
0 0.34140625 0.93828125 0.0640625 0.1234375
0 0.50625 0.290625 0.10625 0.1171875
0 0.5078125 0.1828125 0.1 0.1078125
0 0.5109375 0.07734375 0.10078125 0.1
0 0.609375 0.0765625 0.10078125 0.10625
0 0.609375 0.18515625 0.10078125 0.10625
0 0.60859375 0.29453125 0.1 0.109375
0 0.72421875 0.28671875 0.13359375 0.1140625
0 0.72734375 0.18046875 0.13203125 0.11171875
0 0.725 0.0734375 0.12890625 0.1109375
0 0.4828125 0.6390625 0.06171875 0.16953125
0 0.4796875 0.8046875 0.0609375 0.16171875
0 0.4828125 0.9390625 0.06328125 0.121875
0 0.54453125 0.940625 0.06171875 0.11796875
0 0.5421875 0.803125 0.0609375 0.15703125
0 0.53984375 0.63828125 0.059375 0.17109375
0 0.6109375 0.63515625 0.0765625 0.16328125
0 0.6109375 0.803125 0.0765625 0.16171875
0 0.6109375 0.9421875 0.0734375 0.115625
0 0.68125 0.94375 0.06171875 0.11171875
0 0.6828125 0.80390625 0.06171875 0.159375
0 0.68046875 0.63984375 0.05859375 0.175
0 0.73984375 0.63515625 0.05546875 0.16953125
0 0.7421875 0.8046875 0.05546875 0.1578125
0 0.74296875 0.93984375 0.06171875 0.11953125
0 0.940625 0.746875 0.11875 0.16953125
0 0.9421875 0.9109375 0.115625 0.1578125