0 0.1109375 0.04296875 0.12421875 0.084375
0 0.09765625 0.1390625 0.08828125 0.11171875
0 0.096875 0.2421875 0.08671875 0.090625
0 0.0921875 0.34453125 0.0921875 0.11171875
0 0.1859375 0.34296875 0.09609375 0.109375
0 0.1859375 0.2390625 0.09765625 0.109375
0 0.1875 0.14296875 0.09453125 0.1078125
0 0.22265625 0.04609375 0.09765625 0.08828125
0 0.3203125 0.0453125 0.09296875 0.08671875
0 0.29921875 0.14140625 0.1265625 0.1
0 0.29609375 0.24375 0.12578125 0.1
0 0.29765625 0.3484375 0.12578125 0.1015625
0 0.06796875 0.6734375 0.05078125 0.15546875
0 0.06875 0.82578125 0.059375 0.16171875
0 0.06875 0.95234375 0.059375 0.09453125
0 0.125 0.95390625 0.059375 0.0921875
0 0.128125 0.82890625 0.0609375 0.1515625
0 0.12421875 0.6734375 0.06171875 0.15546875
0 0.1890625 0.678125 0.06953125 0.1671875
0 0.190625 0.834375 0.071875 0.1484375
0 0.19296875 0.94921875 0.0703125 0.1015625
0 0.25703125 0.95625 0.059375 0.08671875
0 0.25546875 0.834375 0.05703125 0.1515625
0 0.25390625 0.66875 0.0609375 0.16328125
0 0.3125 0.67109375 0.0625 0.16171875
0 0.31328125 0.83515625 0.059375 0.16171875
0 0.3109375 0.95390625 0.059375 0.0921875
0 0.48828125 0.32890625 0.16484375 0.128125
0 0.48671875 0.19609375 0.16171875 0.14375
0 0.48671875 0.0640625 0.16328125 0.1265625
0 0.6328125 0.0640625 0.1265625 0.1265625
0 0.634375 0.20078125 0.1296875 0.1390625
0 0.6359375 0.3296875 0.12578125 0.1328125
0 0.5515625 0.77578125 0.209375 0.159375
0 0.69765625 0.78125 0.08359375 0.1578125
0 0.55 0.9265625 0.21015625 0.146875
0 0.69765625 0.93046875 0.08828125 0.1390625