0 0.1546875 0.1609375 0.06484375 0.16953125
0 0.08828125 0.15703125 0.07265625 0.17890625
0 0.03046875 0.159375 0.059375 0.1671875
0 0.03046875 0.3296875 0.059375 0.17109375
0 0.09140625 0.3375 0.0640625 0.1671875
0 0.15703125 0.33125 0.06328125 0.16484375
0 0.03203125 0.5046875 0.0625 0.17109375
0 0.09453125 0.50390625 0.065625 0.16953125
0 0.159375 0.5015625 0.059375 0.1734375
0 0.03203125 0.67734375 0.0625 0.17734375
0 0.09609375 0.67890625 0.0640625 0.17734375
0 0.159375 0.675 0.06171875 0.17734375
0 0.29765625 0.68359375 0.06875 0.16953125
0 0.30078125 0.51328125 0.06484375 0.18046875
0 0.303125 0.3390625 0.06328125 0.1734375
0 0.30234375 0.16171875 0.06328125 0.175
0 0.36484375 0.16484375 0.0625 0.17890625
0 0.36484375 0.3375 0.0609375 0.17734375
0 0.365625 0.51328125 0.0609375 0.16953125
0 0.3640625 0.6875 0.06171875 0.17890625
0 0.43359375 0.68984375 0.07890625 0.17109375
0 0.434375 0.51171875 0.07578125 0.18515625
0 0.4375 0.33828125 0.0796875 0.17890625
0 0.4359375 0.1625 0.08125 0.18515625
0 0.51171875 0.16484375 0.06484375 0.17890625
0 0.51015625 0.340625 0.0640625 0.17890625
0 0.50859375 0.51328125 0.0703125 0.17734375
0 0.50625 0.69296875 0.0671875 0.18125
0 0.56953125 0.69453125 0.0640625 0.18125
0 0.56875 0.51484375 0.06484375 0.18671875
0 0.56875 0.34453125 0.06328125 0.18125
0 0.57109375 0.1640625 0.05859375 0.17734375
0 0.8296875 0.28984375 0.21796875 0.18125
0 0.825 0.45 0.21953125 0.1734375
0 0.82578125 0.62421875 0.2203125 0.1828125
0 0.825 0.78359375 0.2265625 0.15
0 0.96796875 0.784375 0.06171875 0.1671875
0 0.96796875 0.6203125 0.06328125 0.17109375
0 0.96875 0.45078125 0.0625 0.159375
0 0.96875 0.2796875 0.0625 0.1734375