0 0.8296875 0.684375 0.08515625 0.1359375
0 0.82578125 0.5484375 0.08671875 0.14765625
0 0.82890625 0.396875 0.084375 0.16171875
0 0.83046875 0.253125 0.0921875 0.165625
0 0.9359375 0.2484375 0.1265625 0.165625
0 0.9359375 0.396875 0.128125 0.1546875
0 0.9359375 0.54453125 0.1265625 0.1703125
0 0.934375 0.68671875 0.13125 0.134375
0 0.6640625 0.6140625 0.0609375 0.1671875
0 0.66484375 0.45 0.0625 0.16328125
0 0.66796875 0.2859375 0.0609375 0.1640625
0 0.66875 0.12109375 0.06171875 0.165625
0 0.609375 0.115625 0.05703125 0.175
0 0.60703125 0.28984375 0.05546875 0.17109375
0 0.6046875 0.4515625 0.05859375 0.16328125
0 0.60234375 0.61328125 0.0578125 0.1671875
0 0.5375 0.6140625 0.078125 0.1703125
0 0.54140625 0.446875 0.075 0.16171875
0 0.540625 0.28359375 0.07734375 0.165625
0 0.54453125 0.11484375 0.075 0.175
0 0.475 0.1125 0.0625 0.18125
0 0.471875 0.2796875 0.0625 0.16875
0 0.47265625 0.4484375 0.0625 0.1640625
0 0.47109375 0.6125 0.059375 0.165625
0 0.41171875 0.6078125 0.0609375 0.16875
0 0.4109375 0.44375 0.0609375 0.165625
0 0.41015625 0.27734375 0.05703125 0.17421875
0 0.4109375 0.109375 0.0625 0.17734375
0 0.275 0.6125 0.059375 0.16171875
0 0.278125 0.4484375 0.06328125 0.16953125
0 0.28046875 0.28203125 0.0640625 0.17109375
0 0.2828125 0.11640625 0.0640625 0.165625
0 0.21875 0.10703125 0.06640625 0.16875
0 0.21484375 0.2796875 0.06640625 0.1671875
0 0.2140625 0.4515625 0.065625 0.16875
0 0.21328125 0.61953125 0.06171875 0.17109375
0 0.140625 0.6203125 0.07734375 0.1640625
0 0.14375 0.4515625 0.07734375 0.165625
0 0.1421875 0.28046875 0.078125 0.1703125
0 0.146875 0.10859375 0.0765625 0.1703125
0 0.071875 0.61640625 0.06171875 0.1609375
0 0.071875 0.45 0.0640625 0.16875
0 0.0734375 0.27578125 0.06015625 0.16875
0 0.07734375 0.10234375 0.0578125 0.16875
0 0.0234375 0.10078125 0.04375 0.18046875
0 0.02109375 0.27578125 0.0421875 0.16171875
0 0.0203125 0.44921875 0.03984375 0.1640625
0 0.02109375 0.61328125 0.0421875 0.15703125