0 0.83515625 0.25859375 0.06484375 0.1421875
0 0.82265625 0.128125 0.059375 0.140625
0 0.778125 0.24921875 0.06171875 0.146875
0 0.76953125 0.128125 0.05703125 0.140625
0 0.71875 0.25078125 0.0765625 0.1484375
0 0.7109375 0.115625 0.075 0.1390625
0 0.815625 0.03125 0.053125 0.0609375
0 0.7625 0.0296875 0.0484375 0.05703125
0 0.70625 0.03046875 0.0671875 0.059375
0 0.65 0.25078125 0.05859375 0.1515625
0 0.64765625 0.115625 0.0625 0.1390625
0 0.64375 0.02421875 0.059375 0.046875
0 0.5921875 0.24453125 0.0609375 0.1515625
0 0.58984375 0.10859375 0.05390625 0.1390625
0 0.459375 0.2484375 0.05859375 0.1515625
0 0.46484375 0.1109375 0.05859375 0.140625
0 0.4046875 0.10390625 0.06171875 0.1421875
0 0.4 0.24296875 0.0625 0.1390625
0 0.3375 0.240625 0.08125 0.159375
0 0.33984375 0.09453125 0.0765625 0.13046875
0 0.2765625 0.0953125 0.0609375 0.134375
0 0.26796875 0.23125 0.0671875 0.14375
0 0.2171875 0.09140625 0.06171875 0.13125
0 0.20546875 0.2359375 0.06953125 0.15390625
0 0.065625 0.23203125 0.06875 0.15390625
0 0.08046875 0.0859375 0.06484375 0.140625
0 0.02734375 0.07890625 0.0546875 0.1328125
0 0.02109375 0.22734375 0.040625 0.1515625