0 0.90078125 0.34140625 0.12421875 0.1140625
0 0.98125 0.33671875 0.0375 0.109375
0 0.98125 0.23125 0.0375 0.109375
0 0.98125 0.13984375 0.0375 0.1015625
0 0.9625 0.03984375 0.075 0.078125
0 0.87578125 0.03515625 0.09453125 0.06875
0 0.89921875 0.1328125 0.128125 0.1234375
0 0.9 0.2359375 0.12421875 0.115625
0 0.94609375 0.6765625 0.059375 0.159375
0 0.8875 0.678125 0.06171875 0.15625
0 0.94375 0.83828125 0.0609375 0.15703125
0 0.88515625 0.83828125 0.05703125 0.15703125
0 0.9421875 0.95703125 0.059375 0.0859375
0 0.884375 0.9578125 0.059375 0.084375
0 0.703125 0.3328125 0.14296875 0.14765625
0 0.70546875 0.1953125 0.146875 0.14609375
0 0.7078125 0.0640625 0.146875 0.125
0 0.56484375 0.065625 0.14765625 0.13046875
0 0.5609375 0.19609375 0.14140625 0.14375
0 0.559375 0.33125 0.1390625 0.1546875
0 0.6453125 0.78359375 0.20625 0.15625
0 0.5 0.7859375 0.0828125 0.1546875
0 0.6453125 0.93046875 0.21015625 0.1390625
0 0.4984375 0.93046875 0.08515625 0.1390625