0 0.03203125 0.10546875 0.06328125 0.17109375
0 0.03671875 0.27578125 0.06328125 0.1578125
0 0.03984375 0.45234375 0.06875 0.175
0 0.04296875 0.61484375 0.06796875 0.140625
0 0.10859375 0.5953125 0.06875 0.159375
0 0.1078125 0.4390625 0.06875 0.159375
0 0.10390625 0.27421875 0.071875 0.1671875
0 0.09921875 0.103125 0.0703125 0.17890625
0 0.165625 0.10234375 0.05703125 0.1828125
0 0.1703125 0.27109375 0.05703125 0.1671875
0 0.171875 0.43828125 0.059375 0.16484375
0 0.1765625 0.59453125 0.06171875 0.16171875
0 0.23515625 0.58984375 0.0625 0.17109375
0 0.2328125 0.42578125 0.06484375 0.1671875
0 0.2265625 0.26171875 0.05703125 0.17109375
0 0.2234375 0.1 0.06171875 0.18671875
0 0.353125 0.10859375 0.06171875 0.16953125
0 0.35703125 0.2734375 0.06484375 0.16328125
0 0.3625 0.44296875 0.06328125 0.175
0 0.365625 0.60234375 0.06328125 0.1484375
0 0.42890625 0.6 0.0609375 0.1578125
0 0.4234375 0.43671875 0.0625 0.17890625
0 0.41953125 0.26640625 0.05703125 0.1578125
0 0.4171875 0.10546875 0.0609375 0.18671875
0 0.48359375 0.1 0.075 0.1734375
0 0.4875 0.271875 0.078125 0.16953125
0 0.49296875 0.440625 0.0734375 0.16328125
0 0.49375 0.60625 0.0671875 0.15390625
0 0.5609375 0.59921875 0.0609375 0.16328125
0 0.5578125 0.4328125 0.06171875 0.165625
0 0.55390625 0.26640625 0.0625 0.16171875
0 0.55234375 0.1 0.06484375 0.1734375
0 0.6140625 0.09453125 0.05703125 0.17109375
0 0.615625 0.26484375 0.05625 0.1578125
0 0.61875 0.4328125 0.059375 0.175
0 0.62265625 0.5984375 0.0640625 0.16484375
0 0.7578125 0.6109375 0.059375 0.17109375
0 0.7609375 0.4359375 0.059375 0.16953125
0 0.76015625 0.27578125 0.059375 0.1671875
0 0.76015625 0.10390625 0.06328125 0.1828125
0 0.82109375 0.09921875 0.0625 0.18828125
0 0.82109375 0.27421875 0.06171875 0.1671875
0 0.82109375 0.44296875 0.06640625 0.1640625
0 0.81953125 0.6140625 0.06171875 0.18125
0 0.88984375 0.61015625 0.08203125 0.18515625
0 0.890625 0.4359375 0.071875 0.17734375
0 0.8921875 0.26328125 0.07578125 0.1671875
0 0.89140625 0.1015625 0.07890625 0.17890625
0 0.96171875 0.10390625 0.059375 0.16171875
0 0.96171875 0.27109375 0.059375 0.15546875
0 0.9625 0.43828125 0.0609375 0.16484375
0 0.96328125 0.60234375 0.06171875 0.16328125