0 0.9734375 0.1203125 0.053125 0.175
0 0.97109375 0.28515625 0.0578125 0.1671875
0 0.9671875 0.44296875 0.0640625 0.1484375
0 0.9625 0.6 0.071875 0.16953125
0 0.896875 0.61015625 0.05625 0.16328125
0 0.9046875 0.4484375 0.06328125 0.16953125
0 0.915625 0.2828125 0.06171875 0.15390625
0 0.91796875 0.1203125 0.05703125 0.159375
0 0.8609375 0.11875 0.0609375 0.16953125
0 0.8546875 0.29296875 0.06171875 0.1515625
0 0.84765625 0.4421875 0.05703125 0.15703125
0 0.8359375 0.609375 0.0609375 0.16171875
0 0.725 0.121875 0.05078125 0.16171875
0 0.71953125 0.28046875 0.059375 0.1671875
0 0.7171875 0.44609375 0.0609375 0.16171875
0 0.715625 0.609375 0.06171875 0.16171875
0 0.6546875 0.61484375 0.05625 0.1515625
0 0.65625 0.44765625 0.05625 0.16484375
0 0.66015625 0.2828125 0.05625 0.15703125
0 0.66640625 0.12109375 0.059375 0.17109375
0 0.6 0.11953125 0.08203125 0.1734375
0 0.59375 0.29375 0.0703125 0.16953125
0 0.5875 0.45625 0.07578125 0.159375
0 0.5875 0.6171875 0.078125 0.1734375
0 0.521875 0.61796875 0.05859375 0.15390625
0 0.52421875 0.459375 0.05703125 0.16484375
0 0.52734375 0.2890625 0.059375 0.175
0 0.52890625 0.1109375 0.05859375 0.15625
0 0.471875 0.11640625 0.0625 0.1734375
0 0.46640625 0.2875 0.05703125 0.17734375
0 0.4640625 0.4578125 0.059375 0.16171875
0 0.4625 0.62109375 0.06484375 0.1671875
0 0.22109375 0.2328125 0.215625 0.16328125
0 0.06875 0.2234375 0.08984375 0.17109375
0 0.06875 0.38828125 0.0953125 0.17109375
0 0.0734375 0.54609375 0.09765625 0.146875
0 0.08125 0.6875 0.10625 0.128125
0 0.228125 0.6859375 0.20390625 0.1328125
0 0.225 0.54140625 0.20390625 0.1671875
0 0.2203125 0.38828125 0.20625 0.15