0 0.2265625 0.3078125 0.0921875 0.1015625
0 0.09453125 0.3125 0.18828125 0.10625
0 0.2359375 0.19765625 0.0921875 0.12578125
0 0.24375 0.07890625 0.0875 0.1234375
0 0.10078125 0.19765625 0.2 0.13046875
0 0.11875 0.06953125 0.209375 0.1296875
0 0.38515625 0.24375 0.06015625 0.14140625
0 0.390625 0.11171875 0.0609375 0.1375
0 0.44375 0.23671875 0.0640625 0.14140625
0 0.446875 0.10859375 0.06015625 0.14140625
0 0.5109375 0.23671875 0.075 0.1421875
0 0.5109375 0.10625 0.0703125 0.13984375
0 0.57421875 0.09609375 0.059375 0.1375
0 0.57734375 0.234375 0.059375 0.14609375
0 0.6359375 0.22890625 0.06171875 0.1453125
0 0.63125 0.0890625 0.05546875 0.1421875