0 0.096875 0.13203125 0.05859375 0.175
0 0.0359375 0.1234375 0.07109375 0.18125
0 0.0421875 0.30078125 0.06796875 0.1671875
0 0.103125 0.303125 0.0671875 0.16953125
0 0.10859375 0.4625 0.06484375 0.16484375
0 0.0484375 0.46796875 0.0640625 0.159375
0 0.05703125 0.63046875 0.06484375 0.1484375
0 0.11484375 0.6265625 0.06328125 0.1515625
0 0.33984375 0.23515625 0.21015625 0.16171875
0 0.49140625 0.2375 0.08984375 0.15390625
0 0.34296875 0.38984375 0.20703125 0.16171875
0 0.49140625 0.39453125 0.0921875 0.15390625
0 0.346875 0.56015625 0.209375 0.1734375
0 0.49375 0.5625 0.08984375 0.17890625
0 0.3515625 0.71640625 0.2046875 0.1390625
0 0.49609375 0.7203125 0.08828125 0.146875