0 0.96171875 0.7125 0.0765625 0.06953125
0 0.95859375 0.64375 0.08203125 0.06875
0 0.9546875 0.575 0.0890625 0.07109375
0 0.95390625 0.51171875 0.0921875 0.0671875
0 0.946875 0.45 0.09296875 0.06953125
0 0.940625 0.390625 0.09296875 0.0609375
0 0.9359375 0.3296875 0.09296875 0.0640625
0 0.93125 0.26796875 0.090625 0.0640625
0 0.9265625 0.2171875 0.0921875 0.06015625
0 0.921875 0.15859375 0.0921875 0.06171875
0 0.915625 0.10390625 0.0875 0.0578125
0 0.9109375 0.0484375 0.08671875 0.05703125
0 0.82578125 0.05703125 0.0875 0.0578125
0 0.82734375 0.11171875 0.0875 0.0578125
0 0.8328125 0.16171875 0.09140625 0.053125
0 0.8375 0.2171875 0.09375 0.06171875
0 0.840625 0.27578125 0.09296875 0.059375
0 0.8453125 0.3328125 0.09296875 0.059375
0 0.85078125 0.3921875 0.0953125 0.05625
0 0.8546875 0.4484375 0.090625 0.065625
0 0.86171875 0.51484375 0.09609375 0.06796875
0 0.8671875 0.57890625 0.096875 0.0703125
0 0.87109375 0.64375 0.1 0.065625
0 0.875 0.71015625 0.1 0.06796875
0 0.64921875 0.728125 0.12578125 0.07109375
0 0.6421875 0.66328125 0.12265625 0.075
0 0.63984375 0.59140625 0.1234375 0.071875
0 0.63984375 0.52421875 0.11796875 0.0671875
0 0.63984375 0.45859375 0.11953125 0.06796875
0 0.6375 0.39609375 0.1140625 0.06953125
0 0.63046875 0.334375 0.1140625 0.06484375
0 0.63359375 0.2734375 0.1140625 0.0640625
0 0.6328125 0.209375 0.1140625 0.06875
0 0.6328125 0.1546875 0.1125 0.06484375
0 0.63046875 0.096875 0.11015625 0.06171875
0 0.62578125 0.0421875 0.1109375 0.0609375
0 0.51484375 0.73203125 0.12109375 0.07109375
0 0.5140625 0.6609375 0.11953125 0.065625
0 0.51328125 0.5984375 0.1171875 0.065625
0 0.51640625 0.528125 0.11953125 0.0734375
0 0.51796875 0.46171875 0.115625 0.065625
0 0.5171875 0.40078125 0.11484375 0.0671875
0 0.51640625 0.33515625 0.1140625 0.06484375
0 0.5171875 0.27421875 0.1125 0.06015625
0 0.5140625 0.21328125 0.11015625 0.05625
0 0.51875 0.15078125 0.1125 0.06171875
0 0.51640625 0.09453125 0.10625 0.06484375
0 0.51640625 0.04375 0.103125 0.059375
0 0.40859375 0.04609375 0.10703125 0.04921875
0 0.40546875 0.10390625 0.11015625 0.05
0 0.40390625 0.1578125 0.10625 0.05390625
0 0.403125 0.21640625 0.1109375 0.059375
0 0.4 0.27265625 0.1125 0.0640625
0 0.40234375 0.3328125 0.11796875 0.05703125
0 0.40234375 0.39609375 0.1140625 0.0640625
0 0.396875 0.45859375 0.115625 0.06328125
0 0.39296875 0.52421875 0.1125 0.0578125
0 0.3921875 0.59140625 0.11875 0.06015625
0 0.384375 0.6609375 0.12109375 0.06484375
0 0.38203125 0.728125 0.121875 0.0765625
0 0.16640625 0.71796875 0.0921875 0.0875
0 0.1703125 0.646875 0.08828125 0.078125
0 0.16953125 0.58203125 0.08984375 0.07734375
0 0.1765625 0.51640625 0.090625 0.0734375
0 0.17890625 0.45078125 0.08671875 0.0796875
0 0.18203125 0.3859375 0.08515625 0.075
0 0.18203125 0.3296875 0.08671875 0.0734375
0 0.184375 0.271875 0.0828125 0.0671875
0 0.184375 0.21328125 0.0828125 0.071875
0 0.1890625 0.1578125 0.08359375 0.06015625
0 0.19140625 0.1015625 0.0765625 0.0625
0 0.19375 0.04765625 0.0765625 0.05546875
0 0.1015625 0.04765625 0.10234375 0.05546875
0 0.09921875 0.10390625 0.10703125 0.05234375
0 0.09296875 0.15625 0.103125 0.059375
0 0.08828125 0.21328125 0.10546875 0.0515625
0 0.0828125 0.2703125 0.10859375 0.0578125
0 0.078125 0.328125 0.1109375 0.0625
0 0.07109375 0.390625 0.1109375 0.0625
0 0.06484375 0.45390625 0.11328125 0.07265625
0 0.06015625 0.51640625 0.1125 0.06796875
0 0.05703125 0.58046875 0.1125 0.065625
0 0.053125 0.65 0.10625 0.06953125
0 0.05 0.71796875 0.1 0.06484375
0 0.025 0.0546875 0.05 0.059375
0 0.0234375 0.10859375 0.0453125 0.05625
0 0.0203125 0.16484375 0.040625 0.05703125
0 0.0171875 0.22265625 0.034375 0.0578125