0 0.9171875 0.14921875 0.09921875 0.04609375
0 0.9140625 0.19296875 0.09765625 0.0421875
0 0.90859375 0.23671875 0.09765625 0.0421875
0 0.90625 0.2765625 0.0953125 0.0421875
0 0.9015625 0.321875 0.0953125 0.04453125
0 0.89921875 0.3609375 0.0921875 0.0390625
0 0.8953125 0.403125 0.09375 0.0453125
0 0.89296875 0.44296875 0.08671875 0.04140625
0 0.8890625 0.48125 0.084375 0.0421875
0 0.8828125 0.51796875 0.0875 0.0453125
0 0.884375 0.56015625 0.08515625 0.0359375
0 0.88125 0.59296875 0.08515625 0.03984375
0 0.87578125 0.628125 0.08515625 0.034375
0 0.8734375 0.6640625 0.08125 0.04375
0 0.87109375 0.69609375 0.08359375 0.034375
0 0.86640625 0.73515625 0.08203125 0.0359375
0 0.86484375 0.7671875 0.0796875 0.0375
0 0.86328125 0.8 0.071875 0.0359375
0 0.859375 0.83046875 0.0765625 0.03046875
0 0.85546875 0.86328125 0.0796875 0.0390625
0 0.853125 0.896875 0.0765625 0.03203125
0 0.85078125 0.928125 0.07734375 0.0328125
0 0.81953125 0.146875 0.09375 0.04453125
0 0.81875 0.19296875 0.09453125 0.04375
0 0.8140625 0.23515625 0.0875 0.03984375
0 0.81328125 0.28125 0.0953125 0.0453125
0 0.809375 0.32265625 0.09296875 0.0390625
0 0.80703125 0.3625 0.08828125 0.0421875
0 0.80546875 0.39921875 0.09140625 0.03984375
0 0.803125 0.4421875 0.0875 0.04609375
0 0.7984375 0.47578125 0.08671875 0.04609375
0 0.7984375 0.51953125 0.08515625 0.0421875
0 0.7953125 0.55859375 0.08359375 0.0375
0 0.7921875 0.596875 0.0828125 0.0375
0 0.790625 0.6296875 0.0828125 0.034375
0 0.7890625 0.66328125 0.08359375 0.034375
0 0.78671875 0.7 0.08046875 0.0359375
0 0.78203125 0.73125 0.08125 0.034375
0 0.7828125 0.76640625 0.08125 0.03828125
0 0.7828125 0.79921875 0.08203125 0.034375
0 0.77578125 0.83125 0.0796875 0.034375
0 0.775 0.8640625 0.07734375 0.034375
0 0.77265625 0.89609375 0.0765625 0.034375
0 0.76953125 0.92578125 0.07421875 0.02890625
0 0.72421875 0.1453125 0.09609375 0.0515625
0 0.7234375 0.1953125 0.0921875 0.0484375
0 0.71953125 0.23515625 0.08984375 0.03984375
0 0.7171875 0.278125 0.0921875 0.0484375
0 0.7171875 0.31953125 0.09140625 0.046875
0 0.715625 0.3578125 0.0875 0.04453125
0 0.7125 0.39921875 0.0875 0.046875
0 0.71171875 0.43984375 0.0859375 0.04375
0 0.71171875 0.48203125 0.0875 0.0421875
0 0.70859375 0.51953125 0.0875 0.0421875
0 0.70859375 0.55546875 0.0828125 0.03828125
0 0.70625 0.59296875 0.08046875 0.04140625
0 0.70390625 0.628125 0.0828125 0.034375
0 0.7046875 0.66484375 0.078125 0.03203125
0 0.703125 0.6984375 0.0796875 0.0359375
0 0.703125 0.73125 0.0796875 0.0390625
0 0.70078125 0.76328125 0.08125 0.03984375
0 0.69921875 0.8 0.0796875 0.0328125
0 0.69609375 0.8296875 0.07578125 0.0296875
0 0.6921875 0.859375 0.07421875 0.03828125
0 0.68984375 0.8890625 0.071875 0.04140625
0 0.6875 0.92109375 0.06640625 0.04140625
0 0.62734375 0.1421875 0.09375 0.04921875
0 0.62734375 0.1859375 0.0921875 0.0421875
0 0.6265625 0.2265625 0.0890625 0.046875
0 0.625 0.2703125 0.0875 0.0390625
0 0.625 0.3140625 0.08828125 0.04609375
0 0.62421875 0.3546875 0.09140625 0.04375
0 0.6234375 0.39296875 0.08671875 0.0390625
0 0.621875 0.43125 0.0875 0.03828125
0 0.6234375 0.47421875 0.0875 0.03828125
0 0.62109375 0.51328125 0.0875 0.04140625
0 0.6203125 0.54921875 0.08125 0.0421875
0 0.61875 0.58359375 0.08125 0.0421875
0 0.61953125 0.62109375 0.08046875 0.0359375
0 0.61875 0.6578125 0.08359375 0.03828125
0 0.61875 0.6921875 0.07734375 0.02890625
0 0.6171875 0.72421875 0.07734375 0.03671875
0 0.61796875 0.75703125 0.078125 0.034375
0 0.61640625 0.79140625 0.07421875 0.03203125
0 0.61484375 0.82265625 0.0765625 0.03046875
0 0.61171875 0.85625 0.08046875 0.034375
0 0.61015625 0.88828125 0.0765625 0.03828125
0 0.60703125 0.91875 0.08046875 0.0296875
0 0.53359375 0.134375 0.0890625 0.04609375
0 0.534375 0.18125 0.0953125 0.0453125
0 0.53515625 0.2203125 0.0875 0.0390625
0 0.53515625 0.26484375 0.08515625 0.04375
0 0.534375 0.30390625 0.0890625 0.04453125
0 0.5328125 0.34609375 0.084375 0.03828125
0 0.5328125 0.3828125 0.08359375 0.046875
0 0.53359375 0.425 0.084375 0.03828125
0 0.534375 0.46640625 0.08359375 0.03828125
0 0.534375 0.50546875 0.08125 0.03671875
0 0.5328125 0.53984375 0.0828125 0.034375
0 0.53203125 0.575 0.08125 0.03984375
0 0.53359375 0.60859375 0.07890625 0.04609375
0 0.5359375 0.6484375 0.078125 0.04140625
0 0.53515625 0.6828125 0.0828125 0.03984375
0 0.53515625 0.71640625 0.0796875 0.0390625
0 0.53359375 0.75078125 0.07734375 0.0390625
0 0.534375 0.7828125 0.075 0.03671875
0 0.53515625 0.82109375 0.075 0.0421875
0 0.53359375 0.85234375 0.07265625 0.0375
0 0.5296875 0.884375 0.06875 0.0359375
0 0.5296875 0.91796875 0.0671875 0.0359375
0 0.3859375 0.15078125 0.0921875 0.0421875
0 0.38828125 0.19296875 0.0890625 0.0421875
0 0.38671875 0.23359375 0.08984375 0.04453125
0 0.3890625 0.27421875 0.090625 0.04140625
0 0.38984375 0.31796875 0.08984375 0.04453125
0 0.39375 0.35546875 0.0875 0.0390625
0 0.39453125 0.39453125 0.090625 0.0390625
0 0.396875 0.434375 0.084375 0.04140625
0 0.39765625 0.46796875 0.08515625 0.03828125
0 0.396875 0.50625 0.084375 0.03828125
0 0.4 0.540625 0.08359375 0.04140625
0 0.403125 0.57734375 0.08125 0.034375
0 0.403125 0.61484375 0.0828125 0.04609375
0 0.403125 0.6453125 0.07890625 0.034375
0 0.403125 0.678125 0.0765625 0.03046875
0 0.40390625 0.7125 0.078125 0.0359375
0 0.403125 0.74453125 0.08046875 0.03828125
0 0.4046875 0.77890625 0.08203125 0.028125
0 0.409375 0.81328125 0.07734375 0.03203125
0 0.4078125 0.84140625 0.0765625 0.02890625
0 0.4078125 0.86875 0.06796875 0.028125
0 0.409375 0.9 0.06953125 0.03203125
0 0.2921875 0.1484375 0.0875 0.04375
0 0.29375 0.19296875 0.08671875 0.04375
0 0.2953125 0.23125 0.0828125 0.0421875
0 0.30078125 0.2703125 0.08515625 0.0390625
0 0.29921875 0.3140625 0.0828125 0.03828125
0 0.303125 0.35234375 0.08671875 0.04609375
0 0.3015625 0.39375 0.0875 0.0421875
0 0.309375 0.42890625 0.08359375 0.0421875
0 0.31015625 0.46640625 0.08125 0.0421875
0 0.3125 0.5046875 0.08125 0.04140625
0 0.3125 0.53984375 0.084375 0.04140625
0 0.31640625 0.5765625 0.08125 0.0375
0 0.315625 0.61171875 0.07890625 0.03203125
0 0.32109375 0.64609375 0.08203125 0.0328125
0 0.32109375 0.68515625 0.0828125 0.034375
0 0.32421875 0.71640625 0.0828125 0.03671875
0 0.325 0.7484375 0.07890625 0.0265625
0 0.3265625 0.7828125 0.0765625 0.03203125
0 0.33125 0.8109375 0.0796875 0.0390625
0 0.3296875 0.84453125 0.0765625 0.0296875
0 0.3296875 0.87265625 0.071875 0.02578125
0 0.33203125 0.90234375 0.071875 0.0359375
0 0.2 0.14609375 0.0875 0.0484375
0 0.2046875 0.1890625 0.08984375 0.04140625
0 0.20625 0.2328125 0.0875 0.0421875
0 0.2125 0.27421875 0.08984375 0.0390625
0 0.21328125 0.31328125 0.08671875 0.04375
0 0.2171875 0.35078125 0.08203125 0.03984375
0 0.2171875 0.39140625 0.0890625 0.0359375
0 0.22109375 0.4265625 0.0828125 0.0359375
0 0.225 0.46328125 0.084375 0.0453125
0 0.22734375 0.5015625 0.0828125 0.034375
0 0.228125 0.5359375 0.07890625 0.03828125
0 0.234375 0.571875 0.0796875 0.0390625
0 0.23515625 0.6109375 0.078125 0.0375
0 0.23515625 0.64453125 0.08125 0.0359375
0 0.240625 0.6796875 0.0765625 0.034375
0 0.240625 0.7140625 0.0796875 0.0328125
0 0.24453125 0.74375 0.07578125 0.0328125
0 0.24609375 0.775 0.07265625 0.02890625
0 0.24921875 0.80703125 0.07421875 0.03203125
0 0.25390625 0.834375 0.071875 0.0328125
0 0.253125 0.865625 0.07265625 0.02578125
0 0.2515625 0.89765625 0.07109375 0.034375
0 0.1125 0.1390625 0.08515625 0.0421875
0 0.1140625 0.18515625 0.08515625 0.04375
0 0.11796875 0.225 0.0890625 0.04140625
0 0.12265625 0.26328125 0.08359375 0.0390625
0 0.12421875 0.30234375 0.08515625 0.03359375
0 0.1265625 0.3421875 0.08203125 0.03984375
0 0.13515625 0.38125 0.08359375 0.03203125
0 0.13671875 0.41796875 0.084375 0.0359375
0 0.1390625 0.45625 0.08125 0.0390625
0 0.14453125 0.49609375 0.0875 0.0390625
0 0.15 0.53359375 0.08125 0.03828125
0 0.15 0.57109375 0.08359375 0.03203125
0 0.1546875 0.6015625 0.0765625 0.03984375
0 0.1578125 0.6375 0.07265625 0.03046875
0 0.16171875 0.66953125 0.0765625 0.03828125
0 0.16328125 0.70625 0.0765625 0.0390625
0 0.16484375 0.7375 0.0765625 0.03125
0 0.16640625 0.76796875 0.0765625 0.03359375
0 0.17109375 0.8 0.071875 0.0375
0 0.17265625 0.83125 0.0765625 0.03125
0 0.1765625 0.8625 0.0703125 0.0375
0 0.178125 0.8953125 0.06875 0.0265625
0 0.03515625 0.17890625 0.06875 0.04609375
0 0.0375 0.2234375 0.075 0.03984375
0 0.040625 0.26484375 0.08125 0.0421875
0 0.04140625 0.3015625 0.0828125 0.04453125
0 0.046875 0.3390625 0.07890625 0.03125
0 0.0515625 0.3765625 0.0796875 0.03828125
0 0.05390625 0.41328125 0.078125 0.04140625
0 0.06015625 0.45625 0.0796875 0.0421875
0 0.06640625 0.4890625 0.075 0.0390625
0 0.06796875 0.52578125 0.0765625 0.03203125
0 0.07109375 0.56328125 0.07890625 0.0390625
0 0.07578125 0.60078125 0.07890625 0.0421875
0 0.0796875 0.634375 0.0796875 0.03984375
0 0.08125 0.66875 0.07890625 0.03125
0 0.08125 0.69765625 0.07890625 0.03984375
0 0.08515625 0.73125 0.0734375 0.0328125
0 0.0921875 0.7671875 0.07734375 0.03828125
0 0.0953125 0.8015625 0.07890625 0.03671875
0 0.0984375 0.8328125 0.07109375 0.03203125
0 0.09765625 0.8609375 0.075 0.02421875
0 0.10078125 0.8953125 0.065625 0.03125