0 0.93125 0.18671875 0.1 0.07890625
0 0.93125 0.259375 0.09453125 0.078125
0 0.93046875 0.32890625 0.0921875 0.06953125
0 0.93046875 0.40078125 0.09453125 0.071875
0 0.92890625 0.47578125 0.09375 0.075
0 0.92890625 0.5453125 0.09375 0.07109375
0 0.92734375 0.6125 0.090625 0.0640625
0 0.928125 0.684375 0.090625 0.07109375
0 0.925 0.759375 0.09375 0.075
0 0.9234375 0.82890625 0.0921875 0.0609375
0 0.92109375 0.8953125 0.09375 0.06796875
0 0.92265625 0.96484375 0.096875 0.0703125
0 0.82734375 0.95859375 0.09375 0.071875
0 0.82890625 0.89296875 0.096875 0.07265625
0 0.82890625 0.82265625 0.0953125 0.07265625
0 0.83125 0.75546875 0.09609375 0.075
0 0.83359375 0.6828125 0.1 0.07890625
0 0.83515625 0.615625 0.096875 0.0640625
0 0.8328125 0.54296875 0.0953125 0.06875
0 0.834375 0.4734375 0.09921875 0.071875
0 0.83359375 0.40390625 0.1 0.07265625
0 0.83359375 0.3328125 0.0984375 0.071875
0 0.83359375 0.265625 0.0984375 0.07109375
0 0.834375 0.1953125 0.1015625 0.075
0 0.7375 0.19609375 0.0921875 0.078125
0 0.7375 0.2671875 0.09296875 0.07265625
0 0.73828125 0.334375 0.09453125 0.07890625
0 0.73671875 0.4046875 0.09453125 0.075
0 0.7375 0.47421875 0.096875 0.07734375
0 0.7359375 0.5453125 0.096875 0.0734375
0 0.7359375 0.6140625 0.0984375 0.06796875
0 0.73046875 0.68515625 0.0921875 0.06953125
0 0.73359375 0.75390625 0.0984375 0.0703125
0 0.73359375 0.825 0.09375 0.06953125
0 0.73203125 0.8890625 0.096875 0.07890625
0 0.73125 0.95546875 0.096875 0.07265625
0 0.6359375 0.95078125 0.09453125 0.06953125
0 0.63671875 0.884375 0.0953125 0.0734375
0 0.6390625 0.815625 0.09453125 0.06875
0 0.6390625 0.74765625 0.0921875 0.071875
0 0.63828125 0.67890625 0.09453125 0.075
0 0.64140625 0.6109375 0.09453125 0.07109375
0 0.64296875 0.54375 0.09453125 0.07265625
0 0.6453125 0.47578125 0.0953125 0.075
0 0.64375 0.40546875 0.09375 0.07734375
0 0.64453125 0.33828125 0.09296875 0.06953125
0 0.64453125 0.27265625 0.09296875 0.0734375
0 0.64296875 0.20390625 0.09453125 0.065625
0 0.55390625 0.20703125 0.090625 0.071875
0 0.5515625 0.275 0.0921875 0.0734375
0 0.553125 0.340625 0.08359375 0.0671875
0 0.5546875 0.409375 0.08671875 0.0703125
0 0.55390625 0.47578125 0.08828125 0.065625
0 0.553125 0.54765625 0.0890625 0.06484375
0 0.5484375 0.609375 0.0875 0.06953125
0 0.54765625 0.67890625 0.090625 0.0734375
0 0.55 0.74453125 0.0859375 0.06796875
0 0.54609375 0.81015625 0.0875 0.0703125
0 0.546875 0.875 0.084375 0.075
0 0.54765625 0.9421875 0.08515625 0.075
0 0.4125 0.46875 0.07890625 0.0609375
0 0.34609375 0.46796875 0.0515625 0.04140625
0 0.2875 0.471875 0.0640625 0.0453125
0 0.2203125 0.47265625 0.0703125 0.04921875
0 0.12109375 0.4734375 0.07890625 0.0609375
0 0.4109375 0.53203125 0.0859375 0.065625
0 0.4109375 0.596875 0.0875 0.0640625
0 0.4109375 0.6625 0.08671875 0.0640625
0 0.41015625 0.728125 0.0875 0.06953125
0 0.4078125 0.79296875 0.08984375 0.06328125
0 0.4109375 0.85546875 0.0875 0.06328125
0 0.41328125 0.9171875 0.08671875 0.0625
0 0.31328125 0.925 0.08203125 0.07265625
0 0.31875 0.8609375 0.0828125 0.06328125
0 0.31953125 0.7953125 0.090625 0.0703125
0 0.3203125 0.73046875 0.0921875 0.071875
0 0.32265625 0.66640625 0.0890625 0.0671875
0 0.32109375 0.59921875 0.0890625 0.0625
0 0.32421875 0.53515625 0.0875 0.06875
0 0.2359375 0.5359375 0.0859375 0.06328125
0 0.23359375 0.6 0.0859375 0.06796875
0 0.23203125 0.6671875 0.08125 0.06328125
0 0.23125 0.728125 0.084375 0.0625
0 0.23203125 0.7953125 0.08359375 0.06875
0 0.22578125 0.8578125 0.0875 0.0640625
0 0.215625 0.92265625 0.0828125 0.06953125
0 0.153125 0.53203125 0.0796875 0.065625
0 0.1515625 0.59453125 0.07890625 0.07265625
0 0.15078125 0.66171875 0.0796875 0.06484375
0 0.14921875 0.72265625 0.0828125 0.06328125
0 0.1484375 0.78671875 0.08046875 0.0734375
0 0.14375 0.85 0.07734375 0.0671875
0 0.13515625 0.91171875 0.0765625 0.07109375
0 0.078125 0.52578125 0.06875 0.0640625
0 0.0765625 0.59375 0.0671875 0.0625
0 0.075 0.65546875 0.06875 0.053125
0 0.07265625 0.71328125 0.071875 0.059375
0 0.071875 0.7734375 0.071875 0.0609375
0 0.06875 0.8359375 0.07109375 0.0609375
0 0.065625 0.89296875 0.06484375 0.05234375
1 0.33125 0.36484375 0.1203125 0.08046875
1 0.34375 0.284375 0.090625 0.075
1 0.44921875 0.3171875 0.11015625 0.134375
1 0.44765625 0.415625 0.1125 0.059375