0 0.0375 0.05078125 0.0734375 0.07734375
0 0.0453125 0.12421875 0.0796875 0.07578125
0 0.053125 0.18984375 0.08125 0.06796875
0 0.0578125 0.25859375 0.08125 0.0703125
0 0.0640625 0.321875 0.07734375 0.06796875
0 0.071875 0.3890625 0.07578125 0.07265625
0 0.07578125 0.446875 0.071875 0.06796875
0 0.08125 0.509375 0.071875 0.06484375
0 0.08671875 0.5671875 0.07109375 0.06796875
0 0.09296875 0.6203125 0.071875 0.0578125
0 0.09765625 0.678125 0.071875 0.0703125
0 0.1046875 0.7296875 0.07109375 0.06796875
0 0.1078125 0.784375 0.06640625 0.05625
0 0.1125 0.82890625 0.065625 0.0609375
0 0.178125 0.84765625 0.0734375 0.05625
0 0.175 0.8 0.0671875 0.06484375
0 0.171875 0.74453125 0.06796875 0.06015625
0 0.1671875 0.684375 0.071875 0.0765625
0 0.165625 0.63359375 0.07265625 0.06484375
0 0.15859375 0.57578125 0.07421875 0.0625
0 0.1546875 0.5171875 0.0765625 0.07109375
0 0.15 0.45859375 0.078125 0.0765625
0 0.14375 0.3953125 0.07890625 0.06953125
0 0.140625 0.3265625 0.08125 0.07890625
0 0.134375 0.2609375 0.078125 0.07109375
0 0.13125 0.18984375 0.0796875 0.07734375
0 0.12265625 0.12265625 0.08125 0.06953125
0 0.11328125 0.05078125 0.08203125 0.071875
0 0.19765625 0.0515625 0.09296875 0.08046875
0 0.2046875 0.1265625 0.0875 0.0765625
0 0.2125 0.20078125 0.08203125 0.07265625
0 0.215625 0.265625 0.078125 0.075
0 0.2171875 0.33515625 0.084375 0.07734375
0 0.221875 0.39765625 0.0875 0.065625
0 0.2265625 0.46015625 0.0828125 0.071875
0 0.22734375 0.52578125 0.0828125 0.06796875
0 0.234375 0.58125 0.07890625 0.065625
0 0.2375 0.64765625 0.0796875 0.06796875
0 0.23984375 0.7046875 0.07890625 0.0703125
0 0.24375 0.75390625 0.075 0.0703125
0 0.246875 0.81171875 0.075 0.075
0 0.246875 0.8578125 0.0765625 0.065625
0 0.32265625 0.8828125 0.0828125 0.0765625
0 0.31953125 0.828125 0.07734375 0.065625
0 0.31953125 0.77109375 0.084375 0.0671875
0 0.315625 0.71484375 0.084375 0.071875
0 0.3140625 0.6546875 0.08125 0.07734375
0 0.3140625 0.5984375 0.0875 0.075
0 0.309375 0.5359375 0.0828125 0.06953125
0 0.3078125 0.471875 0.0875 0.07734375
0 0.303125 0.40625 0.090625 0.07265625
0 0.3015625 0.3390625 0.08671875 0.07734375
0 0.3015625 0.27265625 0.0921875 0.0703125
0 0.29453125 0.20234375 0.09453125 0.07890625
0 0.290625 0.12578125 0.090625 0.06796875
0 0.2859375 0.05 0.09296875 0.075
0 0.384375 0.0484375 0.0984375 0.071875
0 0.3859375 0.12421875 0.09453125 0.08046875
0 0.3890625 0.20390625 0.090625 0.07734375
0 0.39140625 0.2765625 0.090625 0.07265625
0 0.39375 0.34609375 0.0875 0.07890625
0 0.3953125 0.415625 0.0921875 0.071875
0 0.3953125 0.478125 0.090625 0.07890625
0 0.39375 0.54453125 0.08671875 0.075
0 0.4 0.61015625 0.084375 0.07109375
0 0.4015625 0.67109375 0.08359375 0.065625
0 0.4 0.7265625 0.08359375 0.0625
0 0.40078125 0.78359375 0.0828125 0.07265625
0 0.40234375 0.83984375 0.08828125 0.0703125
0 0.4015625 0.89609375 0.0859375 0.0796875
0 0.6375 0.028125 0.15390625 0.05390625
0 0.63984375 0.0984375 0.14453125 0.09609375
0 0.63671875 0.1859375 0.14453125 0.0921875
0 0.63046875 0.26875 0.14140625 0.10390625
0 0.625 0.3453125 0.1390625 0.09453125
0 0.62578125 0.4234375 0.14140625 0.0984375
0 0.6265625 0.5015625 0.13125 0.1015625
0 0.62578125 0.575 0.13359375 0.09296875
0 0.62265625 0.6453125 0.13359375 0.10234375
0 0.6171875 0.7125 0.128125 0.090625
0 0.61953125 0.778125 0.12734375 0.09375
0 0.6203125 0.840625 0.13125 0.09140625
0 0.61875 0.90390625 0.1203125 0.08515625
0 0.6125 0.9546875 0.11796875 0.084375
0 0.74609375 0.9703125 0.13515625 0.059375
0 0.74609375 0.91875 0.1296875 0.08671875
0 0.75234375 0.859375 0.13203125 0.08671875
0 0.753125 0.8 0.13359375 0.0828125
0 0.75546875 0.728125 0.1359375 0.09609375
0 0.759375 0.659375 0.13671875 0.09609375
0 0.76328125 0.5921875 0.14375 0.0921875
0 0.76796875 0.51484375 0.14296875 0.09921875
0 0.775 0.4328125 0.146875 0.09453125
0 0.775 0.35859375 0.14921875 0.10078125
0 0.78125 0.27578125 0.15546875 0.09921875
0 0.7859375 0.18984375 0.15546875 0.1015625
0 0.79453125 0.09921875 0.16328125 0.103125
0 0.80078125 0.025 0.16328125 0.0484375
0 0.940625 0.02265625 0.11875 0.0390625
0 0.9359375 0.084375 0.12734375 0.09921875
0 0.934375 0.18203125 0.13125 0.10703125
0 0.9296875 0.278125 0.140625 0.109375
0 0.92578125 0.36171875 0.1484375 0.1078125
0 0.92265625 0.4484375 0.1546875 0.115625
0 0.9234375 0.52734375 0.15234375 0.10703125
0 0.915625 0.61015625 0.159375 0.103125
0 0.90703125 0.6859375 0.15703125 0.0984375
0 0.90078125 0.759375 0.153125 0.0953125
0 0.8984375 0.82578125 0.15546875 0.0875
0 0.89375 0.8953125 0.15234375 0.1
0 0.8921875 0.95703125 0.15 0.0859375