0 0.16171875 0.190625 0.11171875 0.1046875
0 0.16171875 0.27890625 0.11015625 0.1046875
0 0.159375 0.36171875 0.109375 0.0953125
0 0.15859375 0.446875 0.1140625 0.09140625
0 0.16015625 0.534375 0.11640625 0.0875
0 0.1609375 0.62265625 0.11640625 0.09453125
0 0.1609375 0.70390625 0.1171875 0.09296875
0 0.1625 0.78046875 0.115625 0.10703125
0 0.16484375 0.86484375 0.1109375 0.1
0 0.16640625 0.93984375 0.11328125 0.1140625
0 0.2734375 0.9671875 0.10234375 0.06484375
0 0.271875 0.91484375 0.10078125 0.10234375
0 0.271875 0.840625 0.1015625 0.1078125
0 0.26953125 0.7640625 0.09765625 0.10078125
0 0.26953125 0.6859375 0.1015625 0.09375
0 0.26796875 0.6109375 0.09921875 0.09453125
0 0.26640625 0.52890625 0.0984375 0.08515625
0 0.2671875 0.45078125 0.10390625 0.08125
0 0.26875 0.37578125 0.1015625 0.0828125
0 0.2703125 0.2953125 0.103125 0.09140625
0 0.27109375 0.21328125 0.10078125 0.09453125
0 0.3671875 0.953125 0.08671875 0.09375
0 0.365625 0.88515625 0.0875 0.10078125
0 0.3640625 0.815625 0.08671875 0.1
0 0.3625 0.74375 0.0859375 0.09296875
0 0.3625 0.67265625 0.08515625 0.08125
0 0.3640625 0.5984375 0.08828125 0.08046875
0 0.3640625 0.5296875 0.08671875 0.0765625
0 0.3640625 0.45859375 0.084375 0.07265625
0 0.36328125 0.38125 0.0859375 0.0828125
0 0.36328125 0.30390625 0.0859375 0.078125
0 0.3640625 0.2296875 0.08671875 0.0953125
0 0.44375 0.25 0.075 0.08515625
0 0.4421875 0.321875 0.071875 0.0703125
0 0.44296875 0.384375 0.071875 0.075
0 0.44375 0.45546875 0.075 0.0703125
0 0.44296875 0.52265625 0.07421875 0.0703125
0 0.44375 0.59453125 0.071875 0.075
0 0.44375 0.6609375 0.07734375 0.0765625
0 0.4453125 0.7265625 0.0765625 0.0765625
0 0.44609375 0.79453125 0.07734375 0.084375
0 0.446875 0.8625 0.075 0.0828125
0 0.446875 0.92890625 0.075 0.09375
0 0.446875 0.975 0.0765625 0.05
0 0.51328125 0.25859375 0.06796875 0.07734375
0 0.5125 0.33125 0.06953125 0.0734375
0 0.51015625 0.39453125 0.0671875 0.06875
0 0.5125 0.459375 0.065625 0.0671875
0 0.5140625 0.52265625 0.0703125 0.0625
0 0.5125 0.58984375 0.06953125 0.06328125
0 0.51484375 0.65078125 0.0671875 0.06796875
0 0.51640625 0.71640625 0.065625 0.075
0 0.5171875 0.775 0.06328125 0.078125
0 0.5171875 0.8390625 0.06484375 0.0875
0 0.5171875 0.9015625 0.065625 0.08671875
0 0.51875 0.959375 0.0671875 0.07890625
0 0.66484375 0.40546875 0.01640625 0.05546875
0 0.66484375 0.45859375 0.01640625 0.04921875
0 0.66484375 0.50703125 0.01640625 0.0515625
0 0.66484375 0.56015625 0.01640625 0.0484375
0 0.665625 0.6125 0.01640625 0.0515625
0 0.6640625 0.6625 0.01640625 0.04453125
0 0.66640625 0.7109375 0.01640625 0.05
0 0.6671875 0.76328125 0.015625 0.046875
0 0.66875 0.81171875 0.0140625 0.04453125
0 0.66796875 0.8609375 0.015625 0.0484375
0 0.62890625 0.396875 0.06015625 0.0671875
0 0.63125 0.45234375 0.0609375 0.0609375
0 0.6328125 0.51015625 0.059375 0.05625
0 0.634375 0.56796875 0.059375 0.06484375
0 0.63671875 0.628125 0.059375 0.06484375
0 0.6359375 0.6859375 0.059375 0.06875
0 0.6359375 0.7421875 0.06328125 0.06796875
0 0.63359375 0.8 0.06171875 0.07109375
0 0.63359375 0.8578125 0.05859375 0.0703125
0 0.63359375 0.9125 0.06328125 0.07734375
0 0.69375 0.41015625 0.04375 0.0515625
0 0.69609375 0.46171875 0.0453125 0.05
0 0.6953125 0.50703125 0.04453125 0.05
0 0.69609375 0.55546875 0.04453125 0.0515625
0 0.69765625 0.6078125 0.0453125 0.053125
0 0.69765625 0.65546875 0.04609375 0.0578125
0 0.6984375 0.7046875 0.0421875 0.0625
0 0.696875 0.753125 0.04375 0.0609375
0 0.6984375 0.8015625 0.0421875 0.059375
0 0.69765625 0.846875 0.040625 0.0609375
0 0.73984375 0.41171875 0.0390625 0.0484375
0 0.7390625 0.46171875 0.0421875 0.04609375
0 0.73984375 0.50625 0.04140625 0.0484375
0 0.74140625 0.55390625 0.0421875 0.0515625
0 0.740625 0.6 0.040625 0.0484375
0 0.80078125 0.6578125 0.04296875 0.0578125
0 0.8 0.70546875 0.040625 0.05390625
0 0.80234375 0.75859375 0.040625 0.0578125
0 0.8 0.80859375 0.040625 0.06015625
0 0.80234375 0.85625 0.04296875 0.06328125
0 0.82109375 0.4109375 0.04609375 0.04375
0 0.82265625 0.4578125 0.0453125 0.046875
0 0.8265625 0.50859375 0.04375 0.04921875
0 0.8265625 0.55390625 0.04375 0.0484375
0 0.828125 0.603125 0.04140625 0.0515625
0 0.83359375 0.64765625 0.02890625 0.04609375
0 0.83515625 0.69375 0.03125 0.0578125
0 0.834375 0.7390625 0.03125 0.04921875
0 0.8359375 0.78984375 0.03203125 0.0515625
0 0.83671875 0.83125 0.028125 0.05
0 0.96875 0.03984375 0.06171875 0.078125
0 0.9015625 0.25078125 0.0359375 0.0296875
0 0.9 0.28203125 0.0359375 0.0328125
0 0.9 0.3078125 0.034375 0.0328125
0 0.9 0.3359375 0.03515625 0.03125
0 0.89765625 0.36484375 0.0328125 0.03359375
0 0.89765625 0.3890625 0.0359375 0.02890625
0 0.896875 0.41875 0.034375 0.03359375
0 0.89609375 0.446875 0.03515625 0.02890625
0 0.89453125 0.4734375 0.0375 0.02890625
0 0.89375 0.5015625 0.0375 0.02890625
0 0.89375 0.53046875 0.0375 0.0296875
0 0.89296875 0.55703125 0.0359375 0.03203125
0 0.89296875 0.584375 0.03671875 0.03203125
0 0.89140625 0.61171875 0.0375 0.0328125
0 0.89140625 0.63984375 0.0390625 0.03671875
0 0.9328125 0.2578125 0.02734375 0.03125
0 0.93203125 0.2859375 0.028125 0.034375
0 0.93203125 0.3140625 0.028125 0.03203125
0 0.93125 0.3390625 0.02890625 0.0296875
0 0.93046875 0.36640625 0.03125 0.03125
0 0.93125 0.39375 0.03046875 0.03359375
0 0.9296875 0.41953125 0.028125 0.03359375
0 0.92890625 0.44765625 0.028125 0.03046875
0 0.928125 0.475 0.0296875 0.03125
0 0.928125 0.50078125 0.03125 0.0296875
0 0.92734375 0.52734375 0.0328125 0.03046875
0 0.928125 0.55546875 0.03203125 0.02890625
0 0.9265625 0.58359375 0.03125 0.02890625
0 0.92734375 0.6140625 0.0296875 0.0265625
0 0.92734375 0.64453125 0.03203125 0.02890625
0 0.890625 0.6703125 0.0375 0.03359375
0 0.890625 0.6984375 0.03671875 0.03046875
0 0.89140625 0.72421875 0.0359375 0.0390625
0 0.89140625 0.7515625 0.0359375 0.0359375
0 0.890625 0.78046875 0.03359375 0.03046875
0 0.8890625 0.80625 0.0359375 0.0359375
0 0.92421875 0.7953125 0.034375 0.0359375
0 0.925 0.76640625 0.0328125 0.034375
0 0.925 0.74140625 0.03203125 0.04140625
0 0.925 0.71484375 0.03125 0.03359375
0 0.925 0.68984375 0.0328125 0.0328125
0 0.9265625 0.66640625 0.03203125 0.0296875
0 0.95625 0.7828125 0.0296875 0.03359375
0 0.95625 0.75625 0.028125 0.0296875
0 0.95625 0.73125 0.02734375 0.0328125