0 0.18203125 0.38125 0.28125 0.109375
0 0.1890625 0.49140625 0.27421875 0.11015625
0 0.18515625 0.5984375 0.26796875 0.11015625
0 0.20234375 0.6984375 0.25703125 0.10703125
0 0.20703125 0.79140625 0.2515625 0.1015625
0 0.21171875 0.884375 0.24921875 0.103125
0 0.4734375 0.125 0.0734375 0.05234375
0 0.4765625 0.17109375 0.07109375 0.046875
0 0.47734375 0.21796875 0.0734375 0.0484375
0 0.475 0.2671875 0.07265625 0.04453125
0 0.475 0.31015625 0.06953125 0.046875
0 0.4734375 0.3484375 0.071875 0.0484375
0 0.471875 0.38984375 0.071875 0.04375
0 0.47265625 0.4328125 0.06953125 0.04609375
0 0.47265625 0.47109375 0.06953125 0.04375
0 0.471875 0.51328125 0.06953125 0.046875
0 0.47109375 0.55390625 0.06875 0.03828125
0 0.471875 0.58828125 0.0671875 0.04375
0 0.4703125 0.62578125 0.0640625 0.04375
0 0.4703125 0.66171875 0.06875 0.04140625
0 0.46796875 0.69765625 0.065625 0.0421875
0 0.4671875 0.73515625 0.06640625 0.0390625
0 0.46796875 0.771875 0.06640625 0.04375
0 0.46796875 0.80390625 0.0640625 0.0421875
0 0.46953125 0.840625 0.06328125 0.0390625
0 0.471875 0.87265625 0.065625 0.0375
0 0.47421875 0.9078125 0.06171875 0.04140625
0 0.47421875 0.93984375 0.06171875 0.04375
0 0.54609375 0.13359375 0.07734375 0.04453125
0 0.55 0.175 0.07421875 0.04609375
0 0.55 0.2203125 0.07421875 0.04609375
0 0.5484375 0.2671875 0.0765625 0.04375
0 0.54609375 0.309375 0.0734375 0.04375
0 0.54609375 0.353125 0.0734375 0.03984375
0 0.54375 0.39375 0.07421875 0.04140625
0 0.54375 0.4359375 0.07109375 0.0375
0 0.54296875 0.47421875 0.0703125 0.03828125
0 0.54140625 0.515625 0.071875 0.04375
0 0.5421875 0.5546875 0.07109375 0.03984375
0 0.53828125 0.5953125 0.07109375 0.03828125
0 0.5359375 0.63203125 0.06796875 0.03828125
0 0.5375 0.66796875 0.0703125 0.04609375
0 0.5359375 0.70390625 0.06640625 0.03828125
0 0.534375 0.73828125 0.06640625 0.0421875
0 0.5328125 0.775 0.0671875 0.04140625
0 0.5328125 0.80546875 0.06640625 0.04375
0 0.53671875 0.84140625 0.06484375 0.04140625
0 0.53671875 0.87734375 0.06171875 0.04140625
0 0.53828125 0.9078125 0.0625 0.03828125
0 0.53828125 0.9421875 0.06328125 0.0421875
0 0.628125 0.13046875 0.07890625 0.05234375
0 0.62578125 0.1765625 0.075 0.04375
0 0.625 0.2203125 0.075 0.0484375
0 0.6234375 0.26640625 0.0734375 0.05
0 0.62265625 0.31015625 0.0734375 0.0484375
0 0.61953125 0.35 0.06875 0.04609375
0 0.61640625 0.39453125 0.0671875 0.04921875
0 0.61640625 0.43828125 0.0703125 0.04375
0 0.6140625 0.4765625 0.0671875 0.04140625
0 0.6125 0.5140625 0.06875 0.04765625
0 0.6125 0.55625 0.06953125 0.04765625
0 0.61015625 0.59453125 0.07109375 0.0453125
0 0.6078125 0.6359375 0.0734375 0.04140625
0 0.60703125 0.6703125 0.06953125 0.04453125
0 0.603125 0.70546875 0.06875 0.04375
0 0.60234375 0.74140625 0.06796875 0.046875
0 0.60078125 0.7765625 0.06875 0.04140625
0 0.6 0.81328125 0.0640625 0.046875
0 0.6015625 0.8484375 0.06171875 0.0421875
0 0.60078125 0.87890625 0.06640625 0.0359375
0 0.60078125 0.9109375 0.0609375 0.03671875
0 0.6015625 0.94375 0.0609375 0.0375
0 0.7046875 0.13046875 0.075 0.04609375
0 0.70234375 0.175 0.075 0.0453125
0 0.70078125 0.22109375 0.07578125 0.0515625
0 0.6984375 0.26796875 0.071875 0.05
0 0.6953125 0.3078125 0.075 0.046875
0 0.69375 0.3515625 0.0765625 0.046875
0 0.68984375 0.3921875 0.075 0.0484375
0 0.69140625 0.434375 0.071875 0.04375
0 0.6875 0.475 0.0734375 0.04609375
0 0.68515625 0.515625 0.07109375 0.05
0 0.68359375 0.55546875 0.06953125 0.04921875
0 0.68046875 0.59609375 0.06953125 0.04453125
0 0.678125 0.63203125 0.06796875 0.0328125
0 0.6765625 0.67109375 0.06640625 0.046875
0 0.67109375 0.709375 0.06875 0.04453125
0 0.67109375 0.74453125 0.06875 0.04375
0 0.671875 0.7796875 0.06875 0.0453125
0 0.6671875 0.81328125 0.06953125 0.05703125
0 0.665625 0.8515625 0.06796875 0.04375
0 0.6671875 0.8828125 0.0671875 0.03828125
0 0.66796875 0.915625 0.06875 0.0375
0 0.66796875 0.94296875 0.0671875 0.03984375
0 0.7328125 0.9515625 0.06171875 0.0421875
0 0.73359375 0.915625 0.0640625 0.04140625
0 0.734375 0.88359375 0.0640625 0.03984375
0 0.734375 0.8484375 0.06796875 0.03984375
0 0.7828125 0.1296875 0.08046875 0.0453125
0 0.7796875 0.178125 0.08203125 0.05390625
0 0.77734375 0.225 0.0796875 0.046875
0 0.77421875 0.26953125 0.07890625 0.0546875
0 0.771875 0.31171875 0.0765625 0.05625
0 0.7671875 0.35703125 0.07578125 0.05
0 0.765625 0.396875 0.0765625 0.0515625
0 0.7625 0.43984375 0.0734375 0.0453125
0 0.7609375 0.475 0.071875 0.046875
0 0.75703125 0.5171875 0.06875 0.05
0 0.753125 0.5609375 0.0703125 0.046875
0 0.753125 0.59609375 0.06875 0.0421875
0 0.7484375 0.63359375 0.07109375 0.03828125
0 0.746875 0.67109375 0.06953125 0.046875
0 0.74296875 0.71328125 0.0734375 0.04765625
0 0.74296875 0.74921875 0.07265625 0.0421875
0 0.74140625 0.7828125 0.07109375 0.04140625
0 0.73828125 0.81796875 0.06953125 0.04765625
0 0.86328125 0.128125 0.08203125 0.04765625
0 0.86015625 0.1765625 0.07890625 0.053125
0 0.85703125 0.221875 0.08046875 0.05234375
0 0.853125 0.26875 0.07890625 0.0515625
0 0.8484375 0.3109375 0.0765625 0.04609375
0 0.8453125 0.35625 0.0765625 0.0484375
0 0.84140625 0.39765625 0.0765625 0.05
0 0.83671875 0.43828125 0.071875 0.0484375
0 0.83203125 0.4765625 0.07265625 0.03671875
0 0.82890625 0.51484375 0.075 0.0484375
0 0.825 0.5578125 0.075 0.0421875
0 0.82265625 0.59921875 0.07265625 0.04609375
0 0.8203125 0.63984375 0.07265625 0.04140625
0 0.8171875 0.67265625 0.0640625 0.0359375
0 0.81328125 0.7078125 0.06171875 0.0390625
0 0.81171875 0.7484375 0.06328125 0.04453125
0 0.80859375 0.78671875 0.06328125 0.03984375
0 0.8046875 0.81796875 0.0640625 0.0390625
0 0.80234375 0.84921875 0.06171875 0.04453125
0 0.80078125 0.884375 0.06484375 0.03828125
0 0.79765625 0.91640625 0.06484375 0.040625
0 0.7953125 0.95234375 0.0625 0.04453125