0 0.85703125 0.13125 0.1296875 0.2234375
0 0.840625 0.34296875 0.11796875 0.20234375
0 0.83046875 0.540625 0.11015625 0.19453125
0 0.8125 0.7234375 0.109375 0.17734375
0 0.71796875 0.71640625 0.10859375 0.16953125
0 0.72578125 0.54140625 0.109375 0.18671875
0 0.7328125 0.3375 0.1125 0.2
0 0.74375 0.12421875 0.12421875 0.20546875
0 0.634375 0.1203125 0.115625 0.21328125
0 0.62890625 0.33671875 0.10859375 0.19765625
0 0.621875 0.53125 0.10625 0.17890625
0 0.61875 0.71484375 0.103125 0.1828125
0 0.51484375 0.71484375 0.09765625 0.17109375
0 0.521875 0.53046875 0.10625 0.18125
0 0.5203125 0.33125 0.10703125 0.21171875
0 0.521875 0.121875 0.1109375 0.20859375
0 0.40703125 0.1265625 0.115625 0.2328125
0 0.4109375 0.3421875 0.1109375 0.20859375
0 0.41640625 0.5453125 0.10234375 0.17890625
0 0.41484375 0.7234375 0.09765625 0.16953125
0 0.23984375 0.78125 0.08515625 0.06953125
0 0.23828125 0.7203125 0.08515625 0.05546875
0 0.23359375 0.66796875 0.08984375 0.06171875
0 0.228125 0.60703125 0.090625 0.0671875
0 0.22578125 0.5453125 0.08515625 0.059375
0 0.21875 0.48203125 0.09453125 0.07109375
0 0.2125 0.41796875 0.09296875 0.06328125
0 0.2078125 0.35 0.090625 0.07109375
0 0.20390625 0.28359375 0.090625 0.0671875
0 0.196875 0.20390625 0.0953125 0.07890625
0 0.19375 0.13046875 0.0953125 0.07109375
0 0.1890625 0.06171875 0.09609375 0.07265625
0 0.09453125 0.0609375 0.0984375 0.07890625
0 0.09765625 0.134375 0.0953125 0.07890625
0 0.10546875 0.2046875 0.09453125 0.0765625
0 0.11171875 0.2828125 0.10078125 0.07109375
0 0.1171875 0.34921875 0.08984375 0.07265625
0 0.12421875 0.41484375 0.090625 0.06328125
0 0.13125 0.4828125 0.0921875 0.06953125
0 0.140625 0.55078125 0.08671875 0.06484375
0 0.14375 0.60625 0.0921875 0.06953125
0 0.1484375 0.66640625 0.08515625 0.059375
0 0.153125 0.721875 0.08125 0.05546875
0 0.1578125 0.7765625 0.0796875 0.05234375
0 0.08046875 0.77890625 0.08359375 0.05546875
0 0.06875 0.72265625 0.08359375 0.06328125
0 0.06328125 0.66796875 0.08515625 0.06484375
0 0.06015625 0.60859375 0.0796875 0.06328125
0 0.05390625 0.54453125 0.08984375 0.07265625
0 0.04609375 0.4828125 0.08203125 0.06484375
0 0.04140625 0.41875 0.0828125 0.06953125
0 0.03828125 0.346875 0.0765625 0.06953125
0 0.03359375 0.27890625 0.0671875 0.075
0 0.028125 0.21171875 0.05625 0.07890625
0 0.0265625 0.1390625 0.05234375 0.08046875
0 0.0234375 0.0671875 0.046875 0.08359375