0 0.946875 0.46640625 0.10625 0.1875
0 0.9296875 0.65546875 0.109375 0.1828125
0 0.9171875 0.8234375 0.103125 0.1515625
0 0.9 0.9484375 0.10234375 0.10234375
0 0.96796875 0.9453125 0.0609375 0.109375
0 0.81328125 0.94921875 0.0859375 0.1015625
0 0.82421875 0.82109375 0.09296875 0.15625
0 0.83359375 0.653125 0.0984375 0.17890625
0 0.85 0.4640625 0.10859375 0.18671875
0 0.6578125 0.2859375 0.0828125 0.0734375
0 0.6578125 0.35078125 0.0875 0.0703125
0 0.65703125 0.415625 0.08203125 0.06484375
0 0.6578125 0.48125 0.0828125 0.06796875
0 0.6546875 0.54375 0.08515625 0.0625
0 0.65625 0.603125 0.0828125 0.06484375
0 0.6546875 0.6609375 0.08125 0.0609375
0 0.65078125 0.71640625 0.08125 0.0578125
0 0.65 0.771875 0.0765625 0.05703125
0 0.6546875 0.82578125 0.07890625 0.059375
0 0.6515625 0.8796875 0.07578125 0.05546875
0 0.65078125 0.928125 0.0796875 0.05390625
0 0.65078125 0.97734375 0.0796875 0.0453125
0 0.57265625 0.97890625 0.075 0.04140625
0 0.57265625 0.9296875 0.0734375 0.05546875
0 0.57265625 0.88203125 0.0796875 0.053125
0 0.575 0.82734375 0.078125 0.0484375
0 0.57265625 0.771875 0.0765625 0.05703125
0 0.5703125 0.71796875 0.0796875 0.05390625
0 0.57265625 0.6625 0.0796875 0.059375
0 0.571875 0.60390625 0.084375 0.05
0 0.56953125 0.546875 0.08125 0.0609375
0 0.5734375 0.4859375 0.08515625 0.06953125
0 0.57265625 0.42109375 0.0859375 0.05703125
0 0.57109375 0.36015625 0.08125 0.06796875
0 0.56953125 0.2890625 0.090625 0.06796875
0 0.4796875 0.2890625 0.084375 0.0609375
0 0.48359375 0.35703125 0.08671875 0.0640625
0 0.4859375 0.41953125 0.08671875 0.0578125
0 0.4875 0.48125 0.084375 0.05390625
0 0.48515625 0.54765625 0.084375 0.0578125
0 0.4875 0.60703125 0.08125 0.05546875
0 0.48828125 0.665625 0.08203125 0.05546875
0 0.4890625 0.71875 0.08125 0.046875
0 0.49296875 0.77734375 0.08125 0.0515625
0 0.49453125 0.83125 0.07890625 0.04921875
0 0.49375 0.8875 0.07578125 0.04609375
0 0.49609375 0.9359375 0.0796875 0.05
0 0.49375 0.97890625 0.07578125 0.04140625
0 0.4171875 0.98125 0.075 0.0375
0 0.41796875 0.934375 0.075 0.05546875
0 0.41640625 0.8875 0.07890625 0.0484375
0 0.415625 0.83359375 0.0765625 0.046875
0 0.4109375 0.78046875 0.0765625 0.0578125
0 0.40859375 0.72421875 0.078125 0.05390625
0 0.40625 0.66328125 0.07890625 0.0578125
0 0.40234375 0.603125 0.0796875 0.05703125
0 0.4 0.5453125 0.08359375 0.05703125
0 0.403125 0.48046875 0.0859375 0.06484375
0 0.4 0.4171875 0.08203125 0.059375
0 0.396875 0.35859375 0.0828125 0.0609375
0 0.39296875 0.28671875 0.08671875 0.06484375
0 0.3046875 0.28671875 0.090625 0.0703125
0 0.309375 0.35390625 0.08984375 0.06484375
0 0.31328125 0.415625 0.08828125 0.0625
0 0.315625 0.478125 0.084375 0.0625
0 0.31875 0.53828125 0.0828125 0.0625
0 0.321875 0.6015625 0.084375 0.059375
0 0.3234375 0.65859375 0.0859375 0.053125
0 0.32578125 0.71796875 0.08359375 0.06328125
0 0.3296875 0.771875 0.08125 0.0609375
0 0.334375 0.825 0.084375 0.0578125
0 0.3375 0.8828125 0.0859375 0.05703125
0 0.3390625 0.93515625 0.07734375 0.0484375
0 0.3390625 0.97890625 0.07734375 0.04140625
0 0.11796875 0.28984375 0.0875 0.0703125
0 0.1234375 0.3609375 0.09296875 0.0703125
0 0.13125 0.42421875 0.08828125 0.06953125
0 0.13828125 0.4890625 0.0890625 0.06328125
0 0.14140625 0.55234375 0.0890625 0.0625
0 0.14609375 0.6125 0.08828125 0.0609375
0 0.15078125 0.671875 0.08671875 0.0625
0 0.15625 0.7265625 0.08359375 0.05390625
0 0.1609375 0.78359375 0.07890625 0.0578125
0 0.16875 0.8390625 0.08515625 0.05390625
0 0.17109375 0.88515625 0.0796875 0.04375
0 0.175 0.93203125 0.08125 0.05546875
0 0.1765625 0.97890625 0.0796875 0.04140625
0 0.0375 0.2953125 0.07421875 0.071875
0 0.04296875 0.359375 0.0828125 0.06953125
0 0.04609375 0.4265625 0.090625 0.071875
0 0.053125 0.48828125 0.0875 0.071875
0 0.05859375 0.5515625 0.08515625 0.065625
0 0.0609375 0.61015625 0.084375 0.0640625
0 0.06796875 0.6703125 0.090625 0.065625
0 0.07578125 0.728125 0.0828125 0.05546875
0 0.0796875 0.78359375 0.0890625 0.0609375
0 0.084375 0.84296875 0.084375 0.05
0 0.090625 0.89140625 0.084375 0.05
0 0.09609375 0.940625 0.08046875 0.046875
0 0.09921875 0.9828125 0.0828125 0.034375
0 0.0296875 0.984375 0.05625 0.03125
0 0.02890625 0.940625 0.05625 0.04140625
0 0.02578125 0.89453125 0.05 0.05625
0 0.0234375 0.84296875 0.0453125 0.053125
0 0.01875 0.7859375 0.0375 0.0578125
0 0.01640625 0.7328125 0.0328125 0.0578125
0 0.965625 0.25234375 0.06875 0.18203125
0 0.84609375 0.228125 0.07890625 0.15625
0 0.7765625 0.22734375 0.07421875 0.1578125