0 0.88046875 0.2984375 0.0921875 0.05390625
0 0.8046875 0.303125 0.06875 0.04609375
0 0.7203125 0.2921875 0.09921875 0.065625
0 0.62265625 0.2921875 0.09453125 0.06171875
0 0.915625 0.35390625 0.0984375 0.0671875
0 0.9125 0.42109375 0.09765625 0.06953125
0 0.9109375 0.4890625 0.10234375 0.06796875
0 0.909375 0.5609375 0.096875 0.0703125
0 0.9046875 0.6203125 0.09375 0.0625
0 0.90234375 0.68671875 0.09296875 0.06875
0 0.89765625 0.7546875 0.09375 0.0578125
0 0.9015625 0.815625 0.09375 0.06484375
0 0.81640625 0.36171875 0.096875 0.0671875
0 0.81484375 0.4265625 0.0984375 0.0640625
0 0.8140625 0.49296875 0.0953125 0.071875
0 0.8125 0.5578125 0.0953125 0.06953125
0 0.80703125 0.62265625 0.0953125 0.0640625
0 0.80546875 0.68828125 0.09921875 0.06953125
0 0.80078125 0.7546875 0.096875 0.06953125
0 0.80703125 0.81640625 0.090625 0.071875
0 0.7171875 0.36015625 0.09921875 0.06953125
0 0.71875 0.42734375 0.1 0.06875
0 0.7140625 0.49140625 0.10234375 0.06484375
0 0.7125 0.5609375 0.0953125 0.06796875
0 0.71015625 0.6265625 0.1 0.0640625
0 0.70390625 0.69140625 0.09453125 0.06171875
0 0.70234375 0.75546875 0.09765625 0.0625
0 0.703125 0.81484375 0.0984375 0.0640625
0 0.61875 0.35859375 0.0953125 0.0671875
0 0.615625 0.4234375 0.09453125 0.06171875
0 0.61796875 0.4890625 0.09453125 0.071875
0 0.6140625 0.55859375 0.09765625 0.0734375
0 0.609375 0.625 0.0953125 0.06796875
0 0.6078125 0.6921875 0.09140625 0.06015625
0 0.60703125 0.753125 0.0921875 0.059375
0 0.60625 0.815625 0.09296875 0.0625
0 0.4390625 0.83671875 0.10078125 0.07265625
0 0.44140625 0.7671875 0.1 0.06875
0 0.4390625 0.69765625 0.1015625 0.07265625
0 0.43671875 0.63125 0.1 0.0734375
0 0.434375 0.56015625 0.1 0.0671875
0 0.4328125 0.49296875 0.1015625 0.071875
0 0.434375 0.41875 0.0984375 0.07734375
0 0.43671875 0.34921875 0.09921875 0.0703125
0 0.4375 0.28125 0.10390625 0.07109375
0 0.43515625 0.20859375 0.1046875 0.07265625
0 0.334375 0.209375 0.10234375 0.07265625
0 0.334375 0.28359375 0.1046875 0.071875
0 0.334375 0.35390625 0.10390625 0.0765625
0 0.3328125 0.42109375 0.10546875 0.0671875
0 0.33125 0.49296875 0.10078125 0.0734375
0 0.3328125 0.5625 0.1078125 0.07109375
0 0.3359375 0.6328125 0.1015625 0.06953125
0 0.33671875 0.70078125 0.10234375 0.06875
0 0.33984375 0.771875 0.1015625 0.065625
0 0.33828125 0.83984375 0.1 0.0703125
0 0.2359375 0.83828125 0.10625 0.0734375
0 0.23671875 0.76875 0.1046875 0.078125
0 0.23671875 0.696875 0.10390625 0.0734375
0 0.2328125 0.6265625 0.1015625 0.07109375
0 0.234375 0.5578125 0.1 0.07890625
0 0.2296875 0.4890625 0.1046875 0.07265625
0 0.23203125 0.41796875 0.1015625 0.07890625
0 0.23203125 0.346875 0.0953125 0.075
0 0.2328125 0.27109375 0.0984375 0.06953125
0 0.23125 0.209375 0.10078125 0.07578125
0 0.13359375 0.20390625 0.10234375 0.06875
0 0.13125 0.27578125 0.10390625 0.0734375
0 0.13125 0.346875 0.10625 0.071875
0 0.12890625 0.415625 0.103125 0.0765625
0 0.12578125 0.48515625 0.1046875 0.06953125
0 0.1296875 0.559375 0.10625 0.06796875
0 0.1296875 0.62734375 0.1 0.0671875
0 0.13203125 0.69609375 0.10390625 0.06796875
0 0.13359375 0.76796875 0.0953125 0.065625
0 0.134375 0.834375 0.096875 0.0609375
0 0.04140625 0.8359375 0.08125 0.078125
0 0.04140625 0.76640625 0.0828125 0.071875
0 0.03984375 0.7 0.07890625 0.0765625
0 0.03984375 0.63046875 0.0796875 0.07265625
0 0.03671875 0.56171875 0.0734375 0.08046875
0 0.0375 0.48671875 0.075 0.08125
0 0.03828125 0.41640625 0.07578125 0.07734375
0 0.03984375 0.3484375 0.07890625 0.07734375
0 0.040625 0.27578125 0.08125 0.084375
0 0.03984375 0.2 0.0796875 0.07734375