0 0.075 0.23671875 0.096875 0.0484375
0 0.07734375 0.28671875 0.0953125 0.04140625
0 0.0796875 0.32734375 0.0953125 0.04453125
0 0.08046875 0.36875 0.09453125 0.04140625
0 0.08359375 0.41171875 0.09296875 0.04375
0 0.0875 0.4546875 0.0921875 0.03984375
0 0.08828125 0.49375 0.090625 0.03671875
0 0.090625 0.53671875 0.0875 0.03828125
0 0.09296875 0.57578125 0.0875 0.03671875
0 0.09609375 0.6109375 0.08671875 0.040625
0 0.09921875 0.64765625 0.08515625 0.03203125
0 0.10234375 0.684375 0.0828125 0.034375
0 0.10625 0.7140625 0.08515625 0.03203125
0 0.1078125 0.7515625 0.0796875 0.03828125
0 0.11015625 0.79375 0.0828125 0.03203125
0 0.1140625 0.82578125 0.08125 0.0328125
0 0.1171875 0.85625 0.08359375 0.0375
0 0.11875 0.89375 0.0828125 0.0390625
0 0.1203125 0.928125 0.0796875 0.040625
0 0.12109375 0.96171875 0.08125 0.04140625
0 0.17421875 0.22734375 0.09765625 0.03984375
0 0.1734375 0.27265625 0.096875 0.04609375
0 0.17421875 0.31875 0.09140625 0.04609375
0 0.17734375 0.3625 0.09296875 0.0421875
0 0.17890625 0.4078125 0.090625 0.0421875
0 0.1796875 0.44609375 0.090625 0.034375
0 0.18125 0.4875 0.09140625 0.0390625
0 0.18125 0.5296875 0.090625 0.03984375
0 0.184375 0.57109375 0.09296875 0.04453125
0 0.18515625 0.60859375 0.0890625 0.0375
0 0.18671875 0.64609375 0.0875 0.03671875
0 0.18828125 0.68125 0.0890625 0.0328125
0 0.19140625 0.71640625 0.08671875 0.0359375
0 0.1921875 0.753125 0.08671875 0.0390625
0 0.1921875 0.78984375 0.0859375 0.040625
0 0.1953125 0.825 0.08046875 0.0375
0 0.19765625 0.8609375 0.07890625 0.0375
0 0.20078125 0.89375 0.0796875 0.034375
0 0.2015625 0.9296875 0.08125 0.03671875
0 0.20390625 0.9671875 0.0796875 0.04140625
0 0.27109375 0.2296875 0.09296875 0.04140625
0 0.26953125 0.27578125 0.09296875 0.0421875
0 0.27109375 0.31796875 0.09140625 0.0484375
0 0.27109375 0.3609375 0.09140625 0.04140625
0 0.271875 0.4015625 0.0921875 0.04453125
0 0.2703125 0.446875 0.090625 0.04609375
0 0.2703125 0.48828125 0.08984375 0.0390625
0 0.271875 0.5265625 0.08828125 0.04609375
0 0.2734375 0.56796875 0.0875 0.04375
0 0.27421875 0.60546875 0.08671875 0.04453125
0 0.27421875 0.64296875 0.0875 0.040625
0 0.2765625 0.67890625 0.08671875 0.034375
0 0.278125 0.71640625 0.08125 0.0375
0 0.2796875 0.75546875 0.0875 0.0359375
0 0.28046875 0.78828125 0.08359375 0.0328125
0 0.28125 0.821875 0.08125 0.040625
0 0.28203125 0.859375 0.07890625 0.034375
0 0.2828125 0.8921875 0.07890625 0.0390625
0 0.2828125 0.925 0.078125 0.03828125
0 0.284375 0.9640625 0.08125 0.0390625
0 0.3640625 0.2296875 0.09375 0.0421875
0 0.36484375 0.27109375 0.090625 0.03828125
0 0.3640625 0.31328125 0.090625 0.04609375
0 0.36171875 0.35625 0.090625 0.0453125
0 0.3625 0.396875 0.0890625 0.0421875
0 0.3640625 0.43828125 0.090625 0.040625
0 0.36328125 0.48125 0.0890625 0.04453125
0 0.36484375 0.52265625 0.0875 0.04453125
0 0.365625 0.56171875 0.08515625 0.04140625
0 0.36484375 0.60078125 0.0828125 0.03828125
0 0.36484375 0.6375 0.08203125 0.0390625
0 0.365625 0.6765625 0.0859375 0.0390625
0 0.3640625 0.71328125 0.08515625 0.0421875
0 0.365625 0.74765625 0.084375 0.0375
0 0.36640625 0.78515625 0.084375 0.040625
0 0.36796875 0.81875 0.08515625 0.0375
0 0.3671875 0.85390625 0.08359375 0.03671875
0 0.36796875 0.88984375 0.08515625 0.034375
0 0.3671875 0.9265625 0.0796875 0.040625
0 0.36875 0.9578125 0.078125 0.0375
0 0.659375 0.175 0.0921875 0.053125
0 0.6578125 0.22109375 0.0921875 0.0515625
0 0.65546875 0.26796875 0.09140625 0.04453125
0 0.653125 0.30859375 0.08984375 0.04609375
0 0.65078125 0.34921875 0.0890625 0.05
0 0.6484375 0.3921875 0.0875 0.04453125
0 0.64609375 0.43671875 0.08984375 0.046875
0 0.64453125 0.4765625 0.0875 0.03984375
0 0.64296875 0.5140625 0.0859375 0.04375
0 0.6421875 0.55546875 0.08984375 0.04453125
0 0.640625 0.5953125 0.0828125 0.04140625
0 0.6390625 0.63359375 0.0859375 0.040625
0 0.63828125 0.6734375 0.0859375 0.03671875
0 0.63671875 0.70703125 0.08125 0.03359375
0 0.63515625 0.74453125 0.0828125 0.0359375
0 0.63515625 0.78203125 0.08046875 0.03671875
0 0.63359375 0.81875 0.08125 0.0328125
0 0.63203125 0.85390625 0.0828125 0.034375
0 0.63125 0.88828125 0.08125 0.03046875
0 0.63046875 0.9203125 0.078125 0.03671875
0 0.6296875 0.95546875 0.07890625 0.03828125
0 0.63203125 0.98515625 0.0796875 0.0296875
0 0.75546875 0.178125 0.0890625 0.05234375
0 0.753125 0.22734375 0.08671875 0.04921875
0 0.74921875 0.26953125 0.0859375 0.04609375
0 0.7453125 0.31484375 0.090625 0.04140625
0 0.74140625 0.35625 0.08671875 0.0390625
0 0.74140625 0.3953125 0.090625 0.0375
0 0.73671875 0.43671875 0.0890625 0.0390625
0 0.73515625 0.4796875 0.0890625 0.04453125
0 0.73359375 0.5203125 0.0859375 0.03671875
0 0.73203125 0.55703125 0.0875 0.03828125
0 0.728125 0.596875 0.08671875 0.03828125
0 0.7265625 0.63515625 0.084375 0.0328125
0 0.725 0.66953125 0.0859375 0.0359375
0 0.72109375 0.71015625 0.084375 0.0390625
0 0.721875 0.746875 0.084375 0.03671875
0 0.72109375 0.78359375 0.0828125 0.03359375
0 0.71875 0.81875 0.08125 0.03359375
0 0.71640625 0.85625 0.08125 0.03359375
0 0.71484375 0.88515625 0.0796875 0.03671875
0 0.7140625 0.92109375 0.08125 0.0375
0 0.7140625 0.9578125 0.08125 0.0296875
0 0.71171875 0.984375 0.0796875 0.03125
0 0.846875 0.17578125 0.090625 0.04609375
0 0.8421875 0.221875 0.0890625 0.04375
0 0.8390625 0.2640625 0.0875 0.0390625
0 0.834375 0.309375 0.08671875 0.04609375
0 0.834375 0.34921875 0.084375 0.0421875
0 0.8296875 0.390625 0.08203125 0.04375
0 0.8265625 0.4328125 0.084375 0.04609375
0 0.825 0.4734375 0.08515625 0.0453125
0 0.81953125 0.515625 0.08671875 0.03984375
0 0.81875 0.55390625 0.0890625 0.03984375
0 0.8140625 0.5953125 0.0890625 0.04140625
0 0.8125 0.628125 0.08984375 0.0390625
0 0.81171875 0.66875 0.0828125 0.0421875
0 0.80859375 0.70546875 0.08359375 0.03671875
0 0.80625 0.740625 0.08359375 0.0390625
0 0.803125 0.778125 0.084375 0.03828125
0 0.8015625 0.81484375 0.08203125 0.0390625
0 0.79921875 0.85 0.0828125 0.034375
0 0.7984375 0.88359375 0.0796875 0.034375
0 0.79765625 0.9203125 0.07890625 0.03671875
0 0.79765625 0.95078125 0.078125 0.0359375
0 0.8765625 0.94609375 0.0796875 0.03828125
0 0.87734375 0.91484375 0.07890625 0.03828125
0 0.8765625 0.88046875 0.0765625 0.0421875
0 0.88203125 0.84765625 0.07734375 0.0390625
0 0.88515625 0.81328125 0.0796875 0.04140625
0 0.88671875 0.7765625 0.0796875 0.03828125
0 0.88671875 0.740625 0.08203125 0.0453125
0 0.8921875 0.7 0.08125 0.0390625
0 0.89375 0.6640625 0.0828125 0.04140625
0 0.89765625 0.625 0.0796875 0.03984375
0 0.9015625 0.58828125 0.0828125 0.0390625
0 0.90546875 0.5484375 0.08125 0.03828125
0 0.90546875 0.5125 0.08359375 0.0453125
0 0.909375 0.47421875 0.078125 0.040625
0 0.9125 0.43125 0.0796875 0.05
0 0.91484375 0.39140625 0.08125 0.04140625
0 0.91796875 0.353125 0.08359375 0.05
0 0.92421875 0.3078125 0.084375 0.05
0 0.92734375 0.26640625 0.08359375 0.0453125
0 0.9328125 0.2203125 0.0828125 0.0453125
0 0.934375 0.1765625 0.08515625 0.04375