0 0.27890625 0.42578125 0.06640625 0.04921875
0 0.21328125 0.428125 0.05390625 0.0359375
0 0.178125 0.4796875 0.0875 0.065625
0 0.17578125 0.54296875 0.0890625 0.06015625
0 0.17421875 0.6046875 0.090625 0.0609375
0 0.17578125 0.66328125 0.0875 0.05
0 0.2671875 0.4796875 0.08671875 0.059375
0 0.2671875 0.54140625 0.0875 0.0625
0 0.2671875 0.60625 0.0875 0.0625
0 0.26484375 0.66640625 0.090625 0.053125
0 0.35625 0.41953125 0.0875 0.06875
0 0.35703125 0.4828125 0.0875 0.0640625
0 0.35625 0.54453125 0.090625 0.065625
0 0.35390625 0.6109375 0.0921875 0.0671875
0 0.35546875 0.66875 0.09140625 0.0578125
0 0.44375 0.66640625 0.09453125 0.06875
0 0.44375 0.6046875 0.0921875 0.06484375
0 0.44140625 0.53828125 0.08515625 0.0671875
0 0.44609375 0.478125 0.09140625 0.06171875
0 0.4453125 0.41875 0.0875 0.0671875
0 0.62265625 0.6640625 0.08125 0.03984375
0 0.621875 0.62734375 0.0828125 0.0375
0 0.621875 0.58984375 0.08203125 0.040625
0 0.6234375 0.55078125 0.08359375 0.0375
0 0.62578125 0.5109375 0.08125 0.03984375
0 0.62421875 0.47109375 0.084375 0.03828125
0 0.6234375 0.4328125 0.08671875 0.03828125
0 0.62421875 0.39296875 0.0859375 0.03984375
0 0.6265625 0.353125 0.084375 0.04140625
0 0.6265625 0.3140625 0.08515625 0.040625
0 0.62578125 0.275 0.084375 0.04140625
0 0.62734375 0.2328125 0.08671875 0.0421875
0 0.62890625 0.19375 0.0859375 0.04140625
0 0.62890625 0.15546875 0.0875 0.03828125
0 0.63046875 0.115625 0.08359375 0.03828125
0 0.63046875 0.0734375 0.08671875 0.04375
0 0.6296875 0.03515625 0.084375 0.040625
0 0.7078125 0.66484375 0.084375 0.04140625
0 0.7078125 0.62578125 0.08125 0.03984375
0 0.70859375 0.5890625 0.084375 0.0390625
0 0.71015625 0.5515625 0.0796875 0.03984375
0 0.70859375 0.51328125 0.0828125 0.03671875
0 0.71015625 0.471875 0.07890625 0.03984375
0 0.71015625 0.4328125 0.0828125 0.04453125
0 0.71015625 0.39296875 0.075 0.03984375
0 0.7125 0.35390625 0.07890625 0.0390625
0 0.7125 0.31640625 0.08125 0.0390625
0 0.7125 0.27578125 0.08359375 0.03984375
0 0.71484375 0.23671875 0.08046875 0.0421875
0 0.715625 0.19375 0.08125 0.04140625
0 0.715625 0.15390625 0.08046875 0.04140625
0 0.7171875 0.115625 0.08203125 0.04140625
0 0.7171875 0.07265625 0.07890625 0.04375
0 0.7171875 0.0328125 0.08046875 0.03828125
0 0.8 0.0421875 0.0796875 0.04140625
0 0.8 0.08046875 0.0796875 0.03671875
0 0.8 0.1203125 0.078125 0.0453125
0 0.7984375 0.15859375 0.0796875 0.0375
0 0.7984375 0.19609375 0.0796875 0.03671875
0 0.7984375 0.234375 0.07890625 0.04140625
0 0.79453125 0.275 0.08125 0.03671875
0 0.796875 0.31171875 0.078125 0.0375
0 0.7953125 0.35625 0.0796875 0.040625
0 0.79375 0.3953125 0.08203125 0.0390625
0 0.79296875 0.43203125 0.08359375 0.04140625
0 0.79296875 0.47109375 0.08046875 0.0390625
0 0.7921875 0.51328125 0.0828125 0.04453125
0 0.7921875 0.54921875 0.084375 0.04375
0 0.79375 0.5890625 0.084375 0.03984375
0 0.79609375 0.625 0.07890625 0.0453125
0 0.79765625 0.66328125 0.07890625 0.04140625
0 0.88046875 0.6578125 0.084375 0.0453125
0 0.878125 0.61875 0.08046875 0.03828125
0 0.8765625 0.584375 0.07890625 0.03984375
0 0.87421875 0.5453125 0.08046875 0.0453125
0 0.875 0.50546875 0.08125 0.0390625
0 0.8734375 0.46796875 0.08046875 0.04375
0 0.8765625 0.42890625 0.08125 0.03828125
0 0.87421875 0.38984375 0.08125 0.0421875
0 0.87578125 0.35 0.0828125 0.03984375
0 0.87734375 0.3109375 0.08203125 0.04453125
0 0.878125 0.27109375 0.08125 0.04140625
0 0.878125 0.2328125 0.08203125 0.0375
0 0.87890625 0.19609375 0.0796875 0.04453125
0 0.88125 0.159375 0.075 0.0390625
0 0.87890625 0.11875 0.07734375 0.03828125
0 0.88125 0.08359375 0.0796875 0.03984375
0 0.88046875 0.04453125 0.08359375 0.0421875
0 0.959375 0.04453125 0.075 0.03984375
0 0.9578125 0.08359375 0.0734375 0.03671875
0 0.95703125 0.125 0.07265625 0.03984375
0 0.95546875 0.1609375 0.075 0.03671875
0 0.95625 0.1953125 0.075 0.03828125
0 0.9546875 0.23515625 0.0765625 0.03828125
0 0.95546875 0.278125 0.075 0.03984375
0 0.95234375 0.31015625 0.071875 0.03984375
0 0.95390625 0.35 0.075 0.0359375
0 0.9515625 0.38984375 0.07109375 0.0390625
0 0.9515625 0.425 0.07265625 0.03984375
0 0.953125 0.46640625 0.075 0.0375
0 0.95234375 0.50078125 0.075 0.0328125
0 0.95390625 0.53828125 0.07890625 0.04609375
0 0.95625 0.57734375 0.0765625 0.0390625
0 0.95859375 0.61640625 0.07890625 0.0390625
0 0.959375 0.65703125 0.078125 0.04140625
1 0.42109375 0.24921875 0.11015625 0.08046875
1 0.41875 0.33125 0.10859375 0.07734375