0 0.39375 0.70625 0.0703125 0.0515625
0 0.315625 0.7625 0.075 0.05703125
0 0.2140625 0.81171875 0.0828125 0.06484375
0 0.13203125 0.80859375 0.0875 0.06328125
0 0.38515625 0.87265625 0.08671875 0.05390625
0 0.3015625 0.87421875 0.0859375 0.0578125
0 0.2203125 0.875 0.08671875 0.0609375
0 0.13828125 0.8703125 0.08125 0.07109375
0 0.38671875 0.91953125 0.08125 0.05703125
0 0.3046875 0.92109375 0.07890625 0.053125
0 0.2234375 0.92734375 0.084375 0.04921875
0 0.14296875 0.9265625 0.08828125 0.05390625
0 0.3890625 0.97421875 0.07890625 0.0484375
0 0.30625 0.9734375 0.08203125 0.04921875
0 0.225 0.9734375 0.08203125 0.046875
0 0.14453125 0.97265625 0.0828125 0.0546875
0 0.95859375 0.975 0.07265625 0.05
0 0.96015625 0.9234375 0.0765625 0.06875
0 0.96171875 0.865625 0.0765625 0.05546875
0 0.9640625 0.8140625 0.071875 0.06171875
0 0.96796875 0.75859375 0.0640625 0.059375
0 0.92109375 0.40859375 0.0875 0.06796875
0 0.9171875 0.47109375 0.0875 0.0640625
0 0.9125 0.53203125 0.08515625 0.0640625
0 0.909375 0.59609375 0.0828125 0.06015625
0 0.9078125 0.6578125 0.08125 0.06484375
0 0.9 0.71640625 0.078125 0.05546875
0 0.8953125 0.77265625 0.0765625 0.05703125
0 0.89140625 0.825 0.0765625 0.05546875
0 0.884375 0.87421875 0.075 0.04921875
0 0.88359375 0.92734375 0.07421875 0.05625
0 0.8796875 0.975 0.07890625 0.05
0 0.83203125 0.41171875 0.0890625 0.065625
0 0.82890625 0.4703125 0.0875 0.06796875
0 0.828125 0.53203125 0.08671875 0.06484375
0 0.8234375 0.596875 0.084375 0.06328125
0 0.8234375 0.6546875 0.0875 0.0625
0 0.81875 0.71640625 0.08359375 0.0640625
0 0.815625 0.76796875 0.0828125 0.059375
0 0.81171875 0.825 0.0828125 0.05546875
0 0.809375 0.87890625 0.0765625 0.05625
0 0.8078125 0.928125 0.078125 0.0578125
0 0.80390625 0.97578125 0.078125 0.04765625
0 0.7453125 0.40703125 0.08671875 0.065625
0 0.74453125 0.4703125 0.0890625 0.0671875
0 0.740625 0.53125 0.0875 0.0609375
0 0.74140625 0.5921875 0.08671875 0.06171875
0 0.7375 0.653125 0.0859375 0.065625
0 0.73671875 0.71015625 0.08671875 0.05625
0 0.7359375 0.76640625 0.08359375 0.06171875
0 0.73359375 0.825 0.08203125 0.0609375
0 0.7296875 0.8796875 0.0796875 0.05390625
0 0.7296875 0.93046875 0.08046875 0.05625
0 0.72734375 0.9765625 0.0796875 0.046875
0 0.65703125 0.40234375 0.09296875 0.0671875
0 0.653125 0.47109375 0.0890625 0.06875
0 0.65390625 0.53203125 0.090625 0.05625
0 0.65234375 0.5921875 0.0875 0.065625
0 0.65078125 0.6515625 0.08515625 0.0609375
0 0.64921875 0.71171875 0.0875 0.059375
0 0.65078125 0.765625 0.08671875 0.0609375
0 0.65 0.82578125 0.0828125 0.05703125
0 0.6484375 0.88203125 0.0796875 0.05390625
0 0.646875 0.93046875 0.08125 0.05625
0 0.64765625 0.97578125 0.07734375 0.04453125
1 0.29765625 0.30234375 0.11875 0.0875
1 0.2984375 0.3890625 0.11328125 0.07890625
1 0.42890625 0.490625 0.1375 0.128125
1 0.30625 0.49296875 0.1078125 0.1234375