0 0.028125 0.10703125 0.05546875 0.20546875
0 0.0875 0.1140625 0.0953125 0.20390625
0 0.1734375 0.11640625 0.09453125 0.2
0 0.26171875 0.11953125 0.1015625 0.21796875
0 0.365625 0.12578125 0.1125 0.22421875
0 0.3703125 0.34765625 0.1 0.21953125
0 0.271875 0.34296875 0.1 0.22578125
0 0.184375 0.31875 0.090625 0.19609375
0 0.1078125 0.3140625 0.090625 0.19296875
0 0.03671875 0.30859375 0.071875 0.1828125
0 0.040625 0.48515625 0.08125 0.175
0 0.1140625 0.49921875 0.09453125 0.17890625
0 0.196875 0.51484375 0.0875 0.2
0 0.28125 0.5296875 0.0921875 0.2171875
0 0.371875 0.5515625 0.1015625 0.21015625
0 0.37734375 0.74296875 0.103125 0.19296875
0 0.29140625 0.7125 0.08984375 0.18125
0 0.20546875 0.68203125 0.0875 0.18515625
0 0.12734375 0.65703125 0.0859375 0.18125
0 0.05625 0.6546875 0.0796875 0.175
0 0.5953125 0.04375 0.109375 0.0859375
0 0.59296875 0.12890625 0.1109375 0.0859375
0 0.5890625 0.21640625 0.10703125 0.08515625
0 0.58359375 0.296875 0.10625 0.08515625
0 0.584375 0.38125 0.0984375 0.09375
0 0.58359375 0.4515625 0.0953125 0.07265625
0 0.5765625 0.52578125 0.0984375 0.084375
0 0.575 0.5953125 0.09765625 0.084375
0 0.5703125 0.6625 0.0953125 0.0828125
0 0.56875 0.728125 0.0953125 0.075
0 0.57109375 0.79453125 0.09296875 0.08671875
0 0.56875 0.8640625 0.0890625 0.090625
0 0.709375 0.04453125 0.12890625 0.08515625
0 0.70234375 0.13203125 0.1234375 0.0984375
0 0.69921875 0.225 0.1234375 0.09375
0 0.69140625 0.3078125 0.1171875 0.10390625
0 0.6890625 0.3890625 0.11796875 0.1015625
0 0.68515625 0.47578125 0.1171875 0.1015625
0 0.67890625 0.54765625 0.115625 0.0984375
0 0.67421875 0.6234375 0.10625 0.08046875
0 0.6734375 0.684375 0.10703125 0.090625
0 0.66875 0.7515625 0.10234375 0.08671875
0 0.6640625 0.82421875 0.10390625 0.0875
0 0.6625 0.88671875 0.10078125 0.07890625
0 0.7609375 0.92109375 0.10625 0.090625
0 0.7703125 0.8515625 0.109375 0.09375
0 0.77421875 0.7875 0.11015625 0.0953125
0 0.7765625 0.7125 0.109375 0.09375
0 0.7859375 0.6453125 0.1078125 0.0984375
0 0.796875 0.56875 0.121875 0.10625
0 0.8015625 0.4875 0.1203125 0.0921875
0 0.809375 0.40625 0.128125 0.090625
0 0.8140625 0.31796875 0.1296875 0.1015625
0 0.821875 0.23203125 0.134375 0.0953125
0 0.82734375 0.13984375 0.134375 0.10625
0 0.834375 0.04765625 0.13671875 0.084375
0 0.946875 0.05234375 0.10546875 0.103125
0 0.94609375 0.14296875 0.1078125 0.0921875
0 0.93984375 0.24375 0.11875 0.07734375
0 0.93671875 0.328125 0.12578125 0.0921875
0 0.92890625 0.42109375 0.13984375 0.0921875
0 0.9234375 0.5109375 0.13359375 0.0921875
0 0.9125 0.590625 0.13359375 0.1
0 0.9015625 0.6703125 0.13359375 0.0984375
0 0.8921875 0.74453125 0.13359375 0.0859375
0 0.884375 0.81484375 0.12890625 0.09609375
0 0.88359375 0.8875 0.1234375 0.0953125
0 0.88125 0.95703125 0.11875 0.0859375