0 0.1109375 0.29140625 0.084375 0.0703125
0 0.11484375 0.35703125 0.08203125 0.059375
0 0.1203125 0.4125 0.078125 0.06015625
0 0.12421875 0.47109375 0.07421875 0.0578125
0 0.1296875 0.5265625 0.07890625 0.06171875
0 0.1359375 0.5796875 0.0765625 0.04921875
0 0.13828125 0.63671875 0.07421875 0.0515625
0 0.14609375 0.6921875 0.07265625 0.05234375
0 0.14921875 0.74453125 0.0765625 0.05625
0 0.153125 0.790625 0.075 0.05
0 0.15625 0.8375 0.07421875 0.0453125
0 0.15859375 0.88828125 0.0734375 0.04921875
0 0.19453125 0.2890625 0.08671875 0.065625
0 0.1984375 0.35078125 0.08515625 0.06171875
0 0.20078125 0.4140625 0.08515625 0.05703125
0 0.203125 0.46953125 0.08359375 0.05703125
0 0.209375 0.5265625 0.0765625 0.0671875
0 0.21171875 0.58515625 0.07890625 0.05703125
0 0.21640625 0.6375 0.07890625 0.0484375
0 0.2234375 0.68359375 0.0734375 0.0515625
0 0.22421875 0.7375 0.07578125 0.059375
0 0.225 0.7921875 0.0765625 0.04609375
0 0.22890625 0.834375 0.0765625 0.0515625
0 0.23046875 0.88515625 0.07890625 0.05234375
0 0.28046875 0.28671875 0.08125 0.0625
0 0.28046875 0.34609375 0.0828125 0.06328125
0 0.28203125 0.40859375 0.08125 0.06015625
0 0.2828125 0.4671875 0.08125 0.05
0 0.28671875 0.5234375 0.08359375 0.0625
0 0.2890625 0.58125 0.0828125 0.05390625
0 0.29296875 0.63515625 0.0796875 0.05234375
0 0.29765625 0.68828125 0.07578125 0.0609375
0 0.296875 0.73515625 0.075 0.05625
0 0.3 0.7875 0.07265625 0.05390625
0 0.3046875 0.840625 0.0734375 0.0546875
0 0.30625 0.88046875 0.071875 0.04921875
0 0.3765625 0.88046875 0.071875 0.05625
0 0.3796875 0.8328125 0.075 0.05625
0 0.37578125 0.78671875 0.078125 0.06015625
0 0.37109375 0.734375 0.0765625 0.05234375
0 0.371875 0.6828125 0.078125 0.059375
0 0.36796875 0.628125 0.0765625 0.0609375
0 0.365625 0.578125 0.078125 0.0609375
0 0.36484375 0.521875 0.0828125 0.059375
0 0.36484375 0.46328125 0.08671875 0.0640625
0 0.36171875 0.40546875 0.08671875 0.06484375
0 0.36171875 0.34609375 0.08359375 0.06015625
0 0.36328125 0.2859375 0.0828125 0.06015625
0 0.44453125 0.2875 0.08671875 0.065625
0 0.4453125 0.3484375 0.08046875 0.05
0 0.4453125 0.4015625 0.07890625 0.05234375
0 0.44453125 0.46171875 0.0796875 0.06171875
0 0.44453125 0.51796875 0.0765625 0.05703125
0 0.44609375 0.5734375 0.07890625 0.05625
0 0.44921875 0.6234375 0.075 0.05390625
0 0.45 0.675 0.075 0.05234375
0 0.44921875 0.7328125 0.07890625 0.05390625
0 0.45234375 0.775 0.0765625 0.05703125
0 0.45 0.8234375 0.0703125 0.05390625
0 0.45 0.871875 0.0703125 0.046875
0 0.5765625 0.46796875 0.07109375 0.053125
0 0.63828125 0.43359375 0.06171875 0.04609375
0 0.70078125 0.43125 0.06171875 0.0453125
0 0.765625 0.43203125 0.0640625 0.04375
0 0.85390625 0.45625 0.07265625 0.05703125
0 0.56953125 0.5578125 0.08203125 0.0625
0 0.64609375 0.56328125 0.07890625 0.0546875
0 0.72734375 0.559375 0.08125 0.06171875
0 0.8015625 0.559375 0.07734375 0.0609375
0 0.87421875 0.53671875 0.071875 0.0578125
0 0.56953125 0.6078125 0.07890625 0.0484375
0 0.56875 0.659375 0.06953125 0.04921875
0 0.56640625 0.70859375 0.075 0.05234375
0 0.5671875 0.759375 0.0765625 0.046875
0 0.565625 0.80703125 0.0765625 0.05
0 0.56484375 0.8625 0.0734375 0.0578125
0 0.6375 0.865625 0.0765625 0.05546875
0 0.63984375 0.81484375 0.07421875 0.05390625
0 0.64140625 0.7671875 0.071875 0.0546875
0 0.64296875 0.7203125 0.071875 0.05234375
0 0.64609375 0.6703125 0.0703125 0.05
0 0.646875 0.615625 0.071875 0.05234375
0 0.721875 0.61796875 0.0765625 0.0546875
0 0.79765625 0.61640625 0.0734375 0.04921875
0 0.87265625 0.5953125 0.071875 0.05546875
0 0.71953125 0.67109375 0.071875 0.053125
0 0.71796875 0.72109375 0.071875 0.05390625
0 0.7171875 0.771875 0.07109375 0.05
0 0.71875 0.82265625 0.075 0.0515625
0 0.72109375 0.87265625 0.06875 0.05
0 0.79296875 0.8640625 0.075 0.05390625
0 0.7921875 0.8171875 0.07421875 0.05625
0 0.79296875 0.76328125 0.071875 0.0578125
0 0.79296875 0.7125 0.06875 0.05703125
0 0.79375 0.66484375 0.07578125 0.05390625
0 0.86875 0.6484375 0.075 0.05390625
0 0.86640625 0.69609375 0.06953125 0.0515625
0 0.86484375 0.74140625 0.07109375 0.04921875
0 0.8625 0.78828125 0.06953125 0.03671875
0 0.86015625 0.8375 0.0640625 0.05625
1 0.559375 0.16875 0.1359375 0.1359375
1 0.67578125 0.1234375 0.09296875 0.07890625
1 0.6921875 0.20859375 0.1296875 0.08828125
1 0.55859375 0.29609375 0.1359375 0.1140625
1 0.69453125 0.30078125 0.1390625 0.084375