0 0.025 0.22890625 0.05 0.03203125
0 0.02421875 0.2625 0.046875 0.034375
0 0.02265625 0.29609375 0.04375 0.0390625
0 0.021875 0.32578125 0.0421875 0.03046875
0 0.02109375 0.353125 0.040625 0.03359375
0 0.02109375 0.39140625 0.040625 0.03359375
0 0.01953125 0.42265625 0.0375 0.0328125
0 0.01953125 0.45546875 0.0375 0.034375
0 0.0171875 0.49140625 0.034375 0.03359375
0 0.01796875 0.52109375 0.0359375 0.0328125
0 0.01796875 0.553125 0.034375 0.0359375
0 0.0171875 0.58671875 0.034375 0.03046875
0 0.0171875 0.6171875 0.03359375 0.034375
0 0.01796875 0.646875 0.034375 0.0390625
0 0.01796875 0.68359375 0.034375 0.03359375
0 0.0171875 0.71484375 0.0328125 0.0359375
0 0.015625 0.74765625 0.03046875 0.03828125
0 0.01640625 0.778125 0.03203125 0.0375
0 0.01640625 0.8109375 0.03125 0.0359375
0 0.01640625 0.8421875 0.03125 0.0375
0 0.015625 0.87421875 0.0296875 0.0359375
0 0.0640625 0.88125 0.06328125 0.040625
0 0.06484375 0.84609375 0.0609375 0.0375
0 0.06328125 0.8140625 0.05859375 0.03671875
0 0.06484375 0.78125 0.0609375 0.03671875
0 0.06640625 0.74921875 0.06328125 0.0359375
0 0.0671875 0.71796875 0.0609375 0.0375
0 0.06796875 0.6828125 0.0609375 0.0328125
0 0.0671875 0.6515625 0.06171875 0.0359375
0 0.06875 0.61875 0.06171875 0.0375
0 0.06875 0.58671875 0.06171875 0.0328125
0 0.06953125 0.55546875 0.0625 0.034375
0 0.07109375 0.52109375 0.06328125 0.03828125
0 0.07265625 0.4890625 0.0609375 0.0375
0 0.07421875 0.4578125 0.0609375 0.034375
0 0.075 0.425 0.06328125 0.0328125
0 0.07578125 0.39140625 0.0640625 0.0328125
0 0.07734375 0.359375 0.06484375 0.0328125
0 0.0796875 0.32734375 0.0640625 0.03046875
0 0.0828125 0.2953125 0.0640625 0.034375
0 0.08359375 0.2609375 0.06171875 0.0328125
0 0.084375 0.2296875 0.06484375 0.0296875
0 0.28359375 0.17265625 0.06875 0.03828125
0 0.2828125 0.2125 0.06953125 0.03359375
0 0.28203125 0.246875 0.0703125 0.034375
0 0.2796875 0.2796875 0.06953125 0.034375
0 0.27890625 0.3171875 0.06875 0.0328125
0 0.278125 0.35 0.07109375 0.034375
0 0.278125 0.384375 0.06953125 0.0328125
0 0.2765625 0.41875 0.07109375 0.03359375
0 0.2765625 0.45390625 0.0671875 0.03125
0 0.27734375 0.48984375 0.06875 0.03359375
0 0.27734375 0.52265625 0.06796875 0.03125
0 0.2765625 0.55625 0.0671875 0.034375
0 0.27578125 0.59296875 0.0671875 0.034375
0 0.2765625 0.62734375 0.06640625 0.0390625
0 0.27578125 0.6609375 0.06796875 0.0390625
0 0.275 0.69453125 0.06953125 0.0390625
0 0.2734375 0.7296875 0.06953125 0.0375
0 0.27265625 0.765625 0.06875 0.03984375
0 0.27265625 0.79921875 0.06875 0.04140625
0 0.27421875 0.834375 0.06875 0.04140625
0 0.275 0.86875 0.06875 0.0421875
0 0.27421875 0.90390625 0.0671875 0.04375
0 0.346875 0.909375 0.0703125 0.0375
0 0.346875 0.8765625 0.071875 0.0375
0 0.3453125 0.8390625 0.06875 0.03828125
0 0.3453125 0.80625 0.071875 0.03671875
0 0.34453125 0.77109375 0.07109375 0.040625
0 0.3453125 0.73671875 0.06953125 0.03828125
0 0.3453125 0.70390625 0.0703125 0.0375
0 0.346875 0.665625 0.0703125 0.0421875
0 0.34609375 0.63125 0.0703125 0.0375
0 0.346875 0.596875 0.0703125 0.040625
0 0.34765625 0.559375 0.07109375 0.0375
0 0.34765625 0.525 0.0703125 0.03671875
0 0.34765625 0.490625 0.0703125 0.03828125
0 0.34765625 0.45703125 0.06875 0.0375
0 0.34921875 0.4203125 0.0703125 0.03046875
0 0.34921875 0.3875 0.0734375 0.03984375
0 0.35078125 0.35078125 0.06953125 0.040625
0 0.3515625 0.31484375 0.06953125 0.03671875
0 0.3515625 0.2796875 0.06953125 0.03828125
0 0.353125 0.24453125 0.0703125 0.03046875
0 0.35390625 0.21015625 0.0703125 0.0328125
0 0.35546875 0.175 0.07265625 0.0375
0 0.43125 0.16953125 0.075 0.034375
0 0.43125 0.20546875 0.075 0.034375
0 0.4296875 0.240625 0.0765625 0.03203125
0 0.428125 0.27578125 0.0765625 0.03203125
0 0.4265625 0.31015625 0.07421875 0.03828125
0 0.42421875 0.3484375 0.0765625 0.03671875
0 0.4234375 0.38203125 0.07421875 0.03828125
0 0.4234375 0.41875 0.07265625 0.0359375
0 0.42265625 0.45390625 0.07578125 0.03984375
0 0.42265625 0.49140625 0.071875 0.040625
0 0.42265625 0.52421875 0.071875 0.0390625
0 0.42109375 0.56015625 0.0734375 0.03828125
0 0.42109375 0.596875 0.071875 0.0390625
0 0.421875 0.63203125 0.075 0.040625
0 0.4203125 0.66953125 0.071875 0.04453125
0 0.4203125 0.70546875 0.07109375 0.0421875
0 0.41875 0.73984375 0.07109375 0.04375
0 0.41875 0.77421875 0.07109375 0.04375
0 0.4203125 0.8109375 0.071875 0.04375
0 0.42109375 0.8484375 0.07265625 0.03984375
0 0.42109375 0.88203125 0.071875 0.03984375
0 0.42109375 0.9203125 0.0703125 0.040625
0 0.4984375 0.9265625 0.0765625 0.04140625
0 0.4984375 0.8890625 0.07578125 0.040625
0 0.4984375 0.8546875 0.0765625 0.0421875
0 0.496875 0.81796875 0.078125 0.0421875
0 0.49609375 0.78125 0.0765625 0.04140625
0 0.49765625 0.74453125 0.075 0.0375
0 0.49765625 0.70859375 0.07421875 0.04140625
0 0.4984375 0.6703125 0.071875 0.0390625
0 0.4984375 0.63359375 0.0734375 0.03984375
0 0.49765625 0.59765625 0.07421875 0.0375
0 0.49921875 0.5609375 0.075 0.0390625
0 0.49921875 0.52578125 0.075 0.03828125
0 0.5 0.490625 0.075 0.03984375
0 0.5 0.453125 0.0734375 0.03828125
0 0.5015625 0.41796875 0.07734375 0.0375
0 0.50234375 0.38125 0.0734375 0.034375
0 0.50234375 0.34609375 0.071875 0.034375
0 0.5046875 0.31328125 0.071875 0.0375
0 0.50625 0.27421875 0.0734375 0.03828125
0 0.5046875 0.2375 0.075 0.03828125
0 0.50625 0.203125 0.06953125 0.034375
0 0.50859375 0.16796875 0.07421875 0.0390625