0 0.109375 0.6671875 0.06328125 0.07109375
0 0.11640625 0.72890625 0.05625 0.053125
0 0.121875 0.77578125 0.06171875 0.06171875
0 0.125 0.8171875 0.06328125 0.059375
0 0.13046875 0.86484375 0.059375 0.0578125
0 0.13515625 0.909375 0.059375 0.05
0 0.13515625 0.9484375 0.06328125 0.0625
0 0.175 0.67421875 0.06953125 0.0609375
0 0.1765625 0.73125 0.07109375 0.05390625
0 0.18515625 0.778125 0.0671875 0.053125
0 0.18671875 0.825 0.06484375 0.05234375
0 0.1921875 0.86953125 0.06796875 0.053125
0 0.196875 0.9140625 0.06953125 0.05390625
0 0.19921875 0.96171875 0.06484375 0.053125
0 0.2453125 0.6828125 0.071875 0.05703125
0 0.2484375 0.73515625 0.0703125 0.06015625
0 0.25078125 0.7828125 0.06875 0.05703125
0 0.2546875 0.83125 0.06875 0.06015625
0 0.2609375 0.875 0.06953125 0.05234375
0 0.26328125 0.92265625 0.06875 0.059375
0 0.26484375 0.96640625 0.06875 0.05625
0 0.31796875 0.68671875 0.075 0.05625
0 0.32109375 0.7390625 0.07734375 0.05703125
0 0.32421875 0.790625 0.07109375 0.05703125
0 0.32578125 0.83671875 0.06875 0.05703125
0 0.32890625 0.88515625 0.06640625 0.0625
0 0.33125 0.92890625 0.065625 0.05234375
0 0.334375 0.97421875 0.06328125 0.0484375
0 0.39765625 0.68828125 0.0765625 0.046875
0 0.39921875 0.7328125 0.0765625 0.05703125
0 0.4 0.7828125 0.071875 0.05546875
0 0.403125 0.83359375 0.06953125 0.05546875
0 0.4046875 0.87734375 0.065625 0.0578125
0 0.40546875 0.9234375 0.06875 0.05
0 0.40625 0.9671875 0.0671875 0.0453125
0 0.4984375 0.515625 0.08828125 0.05703125
0 0.49921875 0.57109375 0.0875 0.06171875
0 0.4984375 0.62734375 0.08359375 0.0609375
0 0.49921875 0.68125 0.08203125 0.0546875
0 0.5015625 0.73515625 0.0828125 0.0515625
0 0.5015625 0.78359375 0.084375 0.05703125
0 0.503125 0.83515625 0.08203125 0.05234375
0 0.50390625 0.88203125 0.0828125 0.05
0 0.50234375 0.928125 0.07890625 0.04921875
0 0.503125 0.97421875 0.075 0.0484375
0 0.5875 0.5203125 0.08671875 0.053125
0 0.5859375 0.5734375 0.084375 0.0609375
0 0.584375 0.63046875 0.08515625 0.05703125
0 0.58515625 0.68671875 0.084375 0.05625
0 0.58359375 0.7390625 0.0828125 0.0453125
0 0.58515625 0.78984375 0.08359375 0.04921875
0 0.58515625 0.83828125 0.078125 0.04609375
0 0.58515625 0.884375 0.0796875 0.053125
0 0.58203125 0.93125 0.0765625 0.05
0 0.58046875 0.9734375 0.08046875 0.04453125
0 0.6765625 0.52109375 0.090625 0.05546875
0 0.67421875 0.5734375 0.08671875 0.059375
0 0.671875 0.63046875 0.0875 0.06015625
0 0.671875 0.6859375 0.0875 0.06015625
0 0.6703125 0.7359375 0.0875 0.05234375
0 0.66875 0.79140625 0.084375 0.05703125
0 0.66796875 0.84453125 0.08359375 0.053125
0 0.6671875 0.89375 0.0859375 0.0578125
0 0.66328125 0.9421875 0.08203125 0.053125
0 0.66484375 0.98203125 0.08125 0.0359375
0 0.76640625 0.52109375 0.0890625 0.06015625
0 0.7640625 0.57734375 0.090625 0.0578125
0 0.76015625 0.6359375 0.090625 0.06015625
0 0.7578125 0.6921875 0.08671875 0.0546875
0 0.75625 0.74609375 0.08515625 0.05625
0 0.7546875 0.79609375 0.0875 0.05703125
0 0.753125 0.85 0.084375 0.0546875
0 0.75078125 0.9 0.08203125 0.046875
0 0.7484375 0.95 0.0828125 0.05390625
0 0.74609375 0.9859375 0.0796875 0.028125
0 0.85859375 0.5234375 0.09296875 0.0609375
0 0.85546875 0.58359375 0.09296875 0.05703125
0 0.85078125 0.63984375 0.09453125 0.05703125
0 0.84765625 0.69453125 0.090625 0.053125
0 0.84453125 0.74765625 0.0890625 0.05234375
0 0.840625 0.79921875 0.08828125 0.05
0 0.8390625 0.84921875 0.08671875 0.04921875
0 0.834375 0.9015625 0.0875 0.04765625
0 0.82890625 0.95 0.0875 0.04921875
0 0.83046875 0.98671875 0.08671875 0.0265625
1 0.43203125 0.3609375 0.103125 0.06875
1 0.33203125 0.35859375 0.096875 0.078125
1 0.33125 0.4265625 0.103125 0.06171875
1 0.43046875 0.42734375 0.09296875 0.05703125