0 0.059375 0.765625 0.11796875 0.09921875
0 0.0578125 0.678125 0.115625 0.0984375
0 0.05859375 0.5875 0.11640625 0.0953125
0 0.059375 0.5015625 0.11796875 0.084375
0 0.05859375 0.4109375 0.11640625 0.09296875
0 0.059375 0.32109375 0.11796875 0.10234375
0 0.059375 0.228125 0.11796875 0.1015625
0 0.059375 0.13984375 0.11796875 0.1125
0 0.0609375 0.0578125 0.1203125 0.103125
0 0.18046875 0.0796875 0.11875 0.11015625
0 0.17734375 0.16328125 0.1171875 0.1078125
0 0.17578125 0.24609375 0.115625 0.103125
0 0.17734375 0.32734375 0.1140625 0.103125
0 0.1796875 0.41640625 0.11796875 0.09140625
0 0.18125 0.50234375 0.115625 0.08359375
0 0.18046875 0.58125 0.1171875 0.08671875
0 0.18125 0.66640625 0.11640625 0.08046875
0 0.178125 0.753125 0.11484375 0.09375
0 0.43515625 0.2140625 0.090625 0.0796875
0 0.4359375 0.29296875 0.08984375 0.0734375
0 0.43515625 0.359375 0.090625 0.07265625
0 0.43671875 0.42734375 0.08671875 0.075
0 0.4390625 0.50078125 0.0859375 0.07109375
0 0.43828125 0.57109375 0.0875 0.0796875
0 0.4359375 0.63515625 0.08984375 0.0703125
0 0.4328125 0.7078125 0.0890625 0.0765625
0 0.52578125 0.225 0.08046875 0.08125
0 0.5265625 0.2921875 0.078125 0.08125
0 0.52890625 0.3609375 0.07578125 0.078125
0 0.528125 0.43046875 0.07421875 0.07265625
0 0.53046875 0.49765625 0.0765625 0.07578125
0 0.5296875 0.5671875 0.075 0.0734375
0 0.528125 0.63359375 0.075 0.07265625
0 0.528125 0.70625 0.075 0.0734375
0 0.6015625 0.2375 0.06953125 0.08359375
0 0.60078125 0.303125 0.07109375 0.0796875
0 0.6 0.36875 0.0671875 0.071875
0 0.60234375 0.43046875 0.06875 0.07109375
0 0.60390625 0.4984375 0.06875 0.07109375
0 0.603125 0.5671875 0.06953125 0.0609375
0 0.60234375 0.63046875 0.0703125 0.06171875
0 0.60234375 0.69609375 0.071875 0.0765625
0 0.665625 0.2515625 0.0578125 0.06171875
0 0.66640625 0.31015625 0.0609375 0.06484375
0 0.66484375 0.3734375 0.05625 0.06484375
0 0.66875 0.43828125 0.0578125 0.065625
0 0.66875 0.4984375 0.05859375 0.06171875
0 0.6703125 0.5640625 0.05859375 0.0609375
0 0.6703125 0.62734375 0.0578125 0.06484375
0 0.66875 0.68671875 0.059375 0.0640625
0 0.71640625 0.26875 0.04296875 0.0703125
0 0.7171875 0.33125 0.0453125 0.059375
0 0.71796875 0.3875 0.0484375 0.05390625
0 0.721875 0.440625 0.04375 0.065625
0 0.7203125 0.49921875 0.04609375 0.06015625
0 0.7234375 0.5640625 0.04375 0.065625
0 0.7203125 0.62890625 0.046875 0.05625
0 0.72421875 0.67890625 0.04609375 0.05390625
0 0.81484375 0.075 0.053125 0.07265625
0 0.8140625 0.1296875 0.0515625 0.065625
0 0.8140625 0.1828125 0.05078125 0.06484375
0 0.815625 0.2390625 0.04765625 0.059375
0 0.81640625 0.2921875 0.0515625 0.06171875
0 0.81796875 0.346875 0.04921875 0.0578125
0 0.81796875 0.403125 0.0515625 0.05625
0 0.81640625 0.45703125 0.053125 0.05625
0 0.81640625 0.50859375 0.04765625 0.05
0 0.81875 0.55859375 0.0515625 0.06484375
0 0.81640625 0.61640625 0.05078125 0.04921875
0 0.81796875 0.66875 0.04765625 0.05390625
0 0.86328125 0.0921875 0.04765625 0.06875
0 0.8640625 0.1453125 0.046875 0.0640625
0 0.8640625 0.196875 0.04375 0.0609375
0 0.86328125 0.2453125 0.04453125 0.05703125
0 0.86640625 0.30078125 0.0453125 0.0578125
0 0.86484375 0.35 0.04609375 0.05390625
0 0.8671875 0.40390625 0.04765625 0.05
0 0.8671875 0.46015625 0.0453125 0.05390625
0 0.86484375 0.5125 0.04921875 0.05390625
0 0.8671875 0.5609375 0.04375 0.0546875
0 0.86640625 0.6125 0.04453125 0.0578125
0 0.86640625 0.65703125 0.04296875 0.05390625
0 0.90859375 0.10859375 0.04296875 0.06484375
0 0.91015625 0.1578125 0.04140625 0.06015625
0 0.90859375 0.20703125 0.04296875 0.0578125
0 0.909375 0.259375 0.04296875 0.0578125
0 0.9109375 0.30703125 0.0421875 0.0546875
0 0.9125 0.35546875 0.0421875 0.0546875
0 0.91484375 0.40703125 0.04375 0.05390625
0 0.91328125 0.45625 0.0453125 0.05
0 0.9140625 0.50546875 0.04375 0.04921875
0 0.9140625 0.56171875 0.04453125 0.04921875
0 0.91328125 0.60625 0.0421875 0.0515625
0 0.9125 0.65390625 0.0453125 0.05390625
0 0.95390625 0.6421875 0.0421875 0.05390625
0 0.95546875 0.5984375 0.04375 0.046875
0 0.9546875 0.55546875 0.04140625 0.0484375
0 0.95078125 0.51015625 0.03828125 0.05234375
0 0.95390625 0.4625 0.0421875 0.04375
0 0.95546875 0.415625 0.04296875 0.05
0 0.9546875 0.36953125 0.03828125 0.046875
0 0.95078125 0.31875 0.03671875 0.053125
0 0.95390625 0.2671875 0.0375 0.05234375
0 0.9515625 0.21875 0.034375 0.046875
0 0.95078125 0.1734375 0.03359375 0.04921875
0 0.95 0.12578125 0.0359375 0.05
0 0.9875 0.63984375 0.025 0.05703125
0 0.9875 0.59453125 0.025 0.05
0 0.98515625 0.553125 0.0296875 0.046875
0 0.9859375 0.50859375 0.02734375 0.05546875
0 0.9875 0.46328125 0.025 0.05
0 0.98671875 0.4171875 0.0265625 0.05390625
0 0.9875 0.36875 0.02421875 0.05
0 0.98359375 0.31875 0.0328125 0.04375
0 0.984375 0.27890625 0.03046875 0.05
0 0.9859375 0.228125 0.028125 0.0484375
0 0.984375 0.18515625 0.03125 0.0421875
0 0.984375 0.14140625 0.03046875 0.0484375