0 0.96015625 0.81796875 0.0796875 0.1046875
0 0.9640625 0.7375 0.071875 0.1
0 0.9671875 0.6515625 0.065625 0.103125
0 0.97734375 0.5578125 0.0453125 0.10078125
0 0.97734375 0.46328125 0.0453125 0.09921875
0 0.8671875 0.146875 0.0546875 0.0484375
0 0.86171875 0.1875 0.05625 0.05
0 0.86015625 0.22890625 0.05703125 0.0484375
0 0.85859375 0.2703125 0.0546875 0.04609375
0 0.85625 0.309375 0.05625 0.04765625
0 0.8546875 0.346875 0.05625 0.046875
0 0.8515625 0.38671875 0.05546875 0.04609375
0 0.84921875 0.42421875 0.05546875 0.04609375
0 0.8484375 0.4609375 0.05546875 0.05234375
0 0.846875 0.49921875 0.0546875 0.0484375
0 0.84375 0.53359375 0.05234375 0.0453125
0 0.84140625 0.56875 0.0515625 0.04609375
0 0.84140625 0.6015625 0.05078125 0.03984375
0 0.8390625 0.63984375 0.05390625 0.04609375
0 0.8375 0.671875 0.0515625 0.05
0 0.834375 0.7078125 0.053125 0.04609375
0 0.8328125 0.7390625 0.05234375 0.05
0 0.83046875 0.771875 0.053125 0.0484375
0 0.828125 0.803125 0.053125 0.0453125
0 0.8234375 0.8390625 0.05234375 0.04453125
0 0.82265625 0.8703125 0.05390625 0.046875
0 0.81875 0.903125 0.05 0.046875
0 0.81015625 0.15078125 0.059375 0.04609375
0 0.80546875 0.19375 0.059375 0.0421875
0 0.80234375 0.234375 0.05859375 0.05
0 0.8015625 0.27578125 0.05859375 0.0453125
0 0.79921875 0.31640625 0.0578125 0.04609375
0 0.7984375 0.35234375 0.059375 0.04375
0 0.79765625 0.3953125 0.05546875 0.04921875
0 0.79453125 0.43515625 0.05625 0.05234375
0 0.79296875 0.4734375 0.05703125 0.0484375
0 0.79140625 0.51015625 0.05703125 0.05
0 0.78984375 0.54765625 0.0578125 0.046875
0 0.7890625 0.58515625 0.05625 0.04921875
0 0.7875 0.61953125 0.05546875 0.04921875
0 0.78515625 0.653125 0.05703125 0.046875
0 0.78359375 0.6875 0.05546875 0.05
0 0.78203125 0.7203125 0.0546875 0.04921875
0 0.77890625 0.753125 0.053125 0.04765625
0 0.7796875 0.78671875 0.05390625 0.046875
0 0.77421875 0.81875 0.05390625 0.04609375
0 0.771875 0.85078125 0.053125 0.046875
0 0.76875 0.88515625 0.0515625 0.053125
0 0.7671875 0.9140625 0.053125 0.05234375
0 0.7484375 0.15078125 0.065625 0.04609375
0 0.74296875 0.1953125 0.0640625 0.0453125
0 0.740625 0.2375 0.06484375 0.046875
0 0.73984375 0.2796875 0.06484375 0.04921875
0 0.740625 0.3234375 0.0640625 0.05234375
0 0.73828125 0.3609375 0.0609375 0.04609375
0 0.73828125 0.39765625 0.0609375 0.05234375
0 0.73359375 0.44140625 0.0609375 0.04921875
0 0.73125 0.48125 0.0609375 0.04375
0 0.73125 0.51875 0.05625 0.04921875
0 0.72890625 0.55703125 0.059375 0.05234375
0 0.73125 0.59453125 0.059375 0.0453125
0 0.7296875 0.634375 0.0578125 0.04453125
0 0.728125 0.66484375 0.0578125 0.0484375
0 0.72578125 0.70078125 0.05703125 0.0484375
0 0.7234375 0.734375 0.0578125 0.0484375
0 0.72421875 0.77109375 0.05625 0.04921875
0 0.721875 0.80390625 0.0546875 0.04609375
0 0.71796875 0.8359375 0.05390625 0.0484375
0 0.7140625 0.86796875 0.05390625 0.04453125
0 0.7140625 0.90546875 0.05546875 0.0421875
0 0.7125 0.93515625 0.05546875 0.0453125
0 0.68125 0.15546875 0.0671875 0.04609375
0 0.678125 0.196875 0.0671875 0.0484375
0 0.675 0.24375 0.0671875 0.046875
0 0.6734375 0.2859375 0.06328125 0.05234375
0 0.6734375 0.32890625 0.065625 0.04765625
0 0.67265625 0.37109375 0.0640625 0.04609375
0 0.67109375 0.41171875 0.0640625 0.046875
0 0.6703125 0.4515625 0.0625 0.046875
0 0.6703125 0.48984375 0.0640625 0.04609375
0 0.66796875 0.528125 0.06171875 0.04921875
0 0.6671875 0.56796875 0.0609375 0.0484375
0 0.66796875 0.6078125 0.0609375 0.04921875
0 0.66875 0.646875 0.05859375 0.046875
0 0.665625 0.67734375 0.05859375 0.046875
0 0.66640625 0.71484375 0.059375 0.04921875
0 0.66484375 0.7515625 0.0578125 0.04921875
0 0.66328125 0.78359375 0.05625 0.05234375
0 0.66171875 0.82109375 0.05625 0.0515625
0 0.6609375 0.85 0.0546875 0.04921875
0 0.65859375 0.88359375 0.0546875 0.0453125
0 0.65703125 0.9171875 0.05625 0.046875
0 0.6546875 0.9484375 0.05703125 0.04375
0 0.6109375 0.1578125 0.06875 0.0515625
0 0.609375 0.20703125 0.06796875 0.053125
0 0.60625 0.25078125 0.06484375 0.05625
0 0.60703125 0.29453125 0.06875 0.05703125
0 0.6078125 0.33671875 0.06875 0.053125
0 0.60703125 0.378125 0.0671875 0.05234375
0 0.60625 0.4203125 0.065625 0.04921875
0 0.6046875 0.46328125 0.06328125 0.05390625
0 0.60625 0.50234375 0.0609375 0.05234375
0 0.60390625 0.540625 0.06171875 0.05
0 0.60390625 0.57890625 0.06171875 0.053125
0 0.603125 0.61640625 0.06171875 0.0515625
0 0.60390625 0.6546875 0.06640625 0.04453125
0 0.603125 0.69296875 0.0640625 0.0421875
0 0.60390625 0.725 0.06328125 0.04609375
0 0.60390625 0.765625 0.0640625 0.05234375
0 0.60078125 0.80078125 0.0640625 0.0546875
0 0.6 0.83515625 0.0625 0.04921875
0 0.5984375 0.86796875 0.06171875 0.04921875
0 0.5984375 0.9 0.0609375 0.05234375
0 0.596875 0.93203125 0.0609375 0.0515625
0 0.5953125 0.96640625 0.0578125 0.05546875
0 0.5390625 0.1578125 0.06953125 0.053125
0 0.5359375 0.20625 0.071875 0.053125
0 0.5359375 0.253125 0.07109375 0.05625
0 0.5359375 0.2953125 0.07265625 0.0546875
0 0.53515625 0.3390625 0.07109375 0.05546875
0 0.53515625 0.384375 0.06953125 0.05546875
0 0.5375 0.428125 0.06953125 0.05390625
0 0.5375 0.46953125 0.0671875 0.05546875
0 0.53671875 0.51171875 0.06953125 0.0515625
0 0.5390625 0.553125 0.0671875 0.05234375
0 0.53828125 0.58984375 0.06953125 0.0546875
0 0.53828125 0.62734375 0.065625 0.05390625
0 0.5375 0.665625 0.065625 0.05703125
0 0.5375 0.7078125 0.0609375 0.04921875
0 0.53671875 0.74296875 0.05546875 0.046875
0 0.53515625 0.7796875 0.05859375 0.0515625
0 0.53671875 0.825 0.0625 0.05234375
0 0.5375 0.8609375 0.0671875 0.05390625
0 0.534375 0.88828125 0.06171875 0.0453125
0 0.5359375 0.91640625 0.0609375 0.05625
0 0.534375 0.9546875 0.0625 0.04921875
0 0.53359375 0.98046875 0.0609375 0.0390625