0 0.0390625 0.7125 0.0765625 0.06953125
0 0.04140625 0.64375 0.08203125 0.06875
0 0.0453125 0.575 0.0890625 0.07109375
0 0.04609375 0.51171875 0.09140625 0.0671875
0 0.053125 0.45 0.09296875 0.06953125
0 0.06015625 0.390625 0.09296875 0.0609375
0 0.0640625 0.3296875 0.09296875 0.0640625
0 0.06875 0.26796875 0.090625 0.0640625
0 0.0734375 0.2171875 0.0921875 0.06015625
0 0.07890625 0.15859375 0.0921875 0.06171875
0 0.084375 0.10390625 0.0875 0.0578125
0 0.0890625 0.0484375 0.08671875 0.05703125
0 0.17421875 0.05703125 0.0875 0.0578125
0 0.17265625 0.11171875 0.0875 0.0578125
0 0.16796875 0.16171875 0.09140625 0.053125
0 0.1625 0.2171875 0.09375 0.06171875
0 0.16015625 0.27578125 0.09296875 0.059375
0 0.1546875 0.3328125 0.09296875 0.059375
0 0.14921875 0.3921875 0.0953125 0.05625
0 0.1453125 0.4484375 0.090625 0.065625
0 0.1390625 0.51484375 0.09609375 0.06796875
0 0.1328125 0.57890625 0.096875 0.0703125
0 0.1296875 0.64375 0.1 0.065625
0 0.125 0.71015625 0.1 0.06796875
0 0.35078125 0.728125 0.12578125 0.07109375
0 0.35859375 0.66328125 0.12265625 0.075
0 0.3609375 0.59140625 0.1234375 0.071875
0 0.36015625 0.52421875 0.11796875 0.0671875
0 0.3609375 0.45859375 0.11953125 0.06796875
0 0.3625 0.39609375 0.1140625 0.06953125
0 0.36953125 0.334375 0.1140625 0.06484375
0 0.36640625 0.2734375 0.1140625 0.0640625
0 0.36796875 0.209375 0.1140625 0.06875
0 0.36796875 0.1546875 0.1125 0.06484375
0 0.36953125 0.096875 0.11015625 0.06171875
0 0.37421875 0.0421875 0.1109375 0.0609375
0 0.48515625 0.73203125 0.12109375 0.07109375
0 0.4859375 0.6609375 0.11953125 0.065625
0 0.48671875 0.5984375 0.1171875 0.065625
0 0.484375 0.528125 0.11953125 0.0734375
0 0.48203125 0.46171875 0.115625 0.065625
0 0.4828125 0.40078125 0.11484375 0.0671875
0 0.484375 0.33515625 0.1140625 0.06484375
0 0.4828125 0.27421875 0.1125 0.06015625
0 0.4859375 0.21328125 0.11015625 0.05625
0 0.48125 0.15078125 0.1125 0.06171875
0 0.48359375 0.09453125 0.10625 0.06484375
0 0.48359375 0.04375 0.103125 0.059375
0 0.59140625 0.04609375 0.10703125 0.04921875
0 0.5953125 0.10390625 0.11015625 0.05
0 0.59609375 0.1578125 0.10625 0.05390625
0 0.59765625 0.21640625 0.1109375 0.059375
0 0.6 0.27265625 0.1125 0.0640625
0 0.5984375 0.3328125 0.11796875 0.05703125
0 0.5984375 0.39609375 0.1140625 0.0640625
0 0.60390625 0.45859375 0.115625 0.06328125
0 0.60703125 0.52421875 0.1125 0.0578125
0 0.6078125 0.59140625 0.11875 0.06015625
0 0.615625 0.6609375 0.12109375 0.06484375
0 0.61796875 0.728125 0.121875 0.0765625
0 0.83359375 0.71796875 0.0921875 0.0875
0 0.8296875 0.646875 0.08828125 0.078125
0 0.83046875 0.58203125 0.08984375 0.07734375
0 0.8234375 0.51640625 0.090625 0.0734375
0 0.82109375 0.45078125 0.08671875 0.0796875
0 0.81796875 0.3859375 0.08515625 0.075
0 0.81796875 0.3296875 0.08671875 0.0734375
0 0.815625 0.271875 0.0828125 0.0671875
0 0.81640625 0.21328125 0.0828125 0.071875
0 0.8109375 0.1578125 0.08359375 0.06015625
0 0.80859375 0.1015625 0.0765625 0.0625
0 0.80703125 0.04765625 0.0765625 0.05546875
0 0.8984375 0.04765625 0.10234375 0.05546875
0 0.9015625 0.10390625 0.10703125 0.05234375
0 0.90703125 0.15625 0.103125 0.059375
0 0.91171875 0.21328125 0.10546875 0.0515625
0 0.9171875 0.2703125 0.10859375 0.0578125
0 0.92265625 0.328125 0.1109375 0.0625
0 0.9296875 0.390625 0.1109375 0.0625
0 0.93515625 0.45390625 0.11328125 0.07265625
0 0.940625 0.51640625 0.1125 0.06796875
0 0.94375 0.58046875 0.1125 0.065625
0 0.946875 0.65 0.10625 0.06953125
0 0.95 0.71796875 0.1 0.06484375
0 0.97421875 0.0546875 0.0515625 0.059375
0 0.97734375 0.10859375 0.0453125 0.05625
0 0.9796875 0.16484375 0.040625 0.05703125
0 0.98203125 0.22265625 0.0359375 0.0578125