0 0.94140625 0.69296875 0.09609375 0.07109375
0 0.9375 0.628125 0.09140625 0.0703125
0 0.92890625 0.56796875 0.090625 0.065625
0 0.9234375 0.5046875 0.09140625 0.07109375
0 0.88984375 0.04765625 0.08359375 0.0609375
0 0.8921875 0.10390625 0.08125 0.04921875
0 0.89609375 0.15390625 0.084375 0.05546875
0 0.9 0.21015625 0.08671875 0.04921875
0 0.90703125 0.265625 0.08828125 0.05703125
0 0.909375 0.321875 0.08671875 0.05234375
0 0.9140625 0.38125 0.09140625 0.0609375
0 0.91953125 0.4421875 0.0890625 0.0578125
0 0.8515625 0.7 0.0921875 0.06875
0 0.84765625 0.634375 0.08984375 0.06484375
0 0.8421875 0.57265625 0.08515625 0.0703125
0 0.83828125 0.50703125 0.08125 0.06328125
0 0.8328125 0.44296875 0.084375 0.06484375
0 0.828125 0.3859375 0.0796875 0.059375
0 0.82578125 0.32578125 0.0796875 0.065625
0 0.8234375 0.26484375 0.0828125 0.0609375
0 0.81953125 0.20859375 0.0828125 0.0578125
0 0.81484375 0.15546875 0.0828125 0.05546875
0 0.8109375 0.103125 0.08359375 0.0578125
0 0.809375 0.053125 0.0859375 0.0578125
0 0.7296875 0.0515625 0.0828125 0.0546875
0 0.7328125 0.10703125 0.08359375 0.059375
0 0.73515625 0.15859375 0.08359375 0.05546875
0 0.7390625 0.2125 0.084375 0.053125
0 0.74140625 0.26640625 0.08203125 0.059375
0 0.74453125 0.32578125 0.0859375 0.0578125
0 0.746875 0.3859375 0.0859375 0.05703125
0 0.7484375 0.446875 0.0875 0.05546875
0 0.753125 0.50546875 0.0921875 0.06171875
0 0.75390625 0.5671875 0.0921875 0.06328125
0 0.759375 0.63203125 0.09453125 0.06484375
0 0.76015625 0.7015625 0.0921875 0.065625
0 0.6703125 0.7015625 0.0921875 0.0625
0 0.66875 0.6359375 0.0921875 0.06953125
0 0.665625 0.56875 0.090625 0.06484375
0 0.66484375 0.50703125 0.09140625 0.06328125
0 0.6640625 0.45078125 0.0875 0.06328125
0 0.6625 0.38515625 0.08671875 0.059375
0 0.66015625 0.33046875 0.084375 0.06484375
0 0.6578125 0.271875 0.08125 0.0546875
0 0.6578125 0.21640625 0.084375 0.05546875
0 0.6546875 0.16171875 0.08046875 0.0578125
0 0.653125 0.11171875 0.0828125 0.05625
0 0.6515625 0.05703125 0.07890625 0.05234375
0 0.5734375 0.05703125 0.08125 0.05
0 0.571875 0.11171875 0.0796875 0.059375
0 0.57421875 0.16640625 0.08125 0.05546875
0 0.57578125 0.2203125 0.08125 0.05625
0 0.57890625 0.275 0.07890625 0.06171875
0 0.57890625 0.33125 0.0796875 0.059375
0 0.57734375 0.3890625 0.0859375 0.06328125
0 0.57734375 0.45078125 0.0875 0.06328125
0 0.578125 0.50703125 0.08671875 0.0578125
0 0.57578125 0.56875 0.0890625 0.0609375
0 0.57890625 0.634375 0.0875 0.065625
0 0.58125 0.70078125 0.090625 0.06484375
0 0.440625 0.3375 0.0859375 0.059375
0 0.440625 0.39609375 0.08671875 0.0578125
0 0.440625 0.45390625 0.08828125 0.0609375
0 0.44140625 0.5171875 0.09140625 0.06015625
0 0.4359375 0.57265625 0.0890625 0.059375
0 0.43828125 0.63359375 0.0890625 0.0625
0 0.4390625 0.69609375 0.09140625 0.0578125
0 0.3546875 0.3265625 0.08515625 0.06328125
0 0.35234375 0.3828125 0.08515625 0.05546875
0 0.3515625 0.446875 0.08671875 0.06328125
0 0.35 0.50859375 0.08828125 0.06328125
0 0.346875 0.5703125 0.08984375 0.05703125
0 0.34609375 0.63359375 0.0890625 0.06015625
0 0.3421875 0.69609375 0.08671875 0.06328125
0 0.26875 0.33046875 0.08515625 0.06015625
0 0.26640625 0.38125 0.08359375 0.05546875
0 0.26484375 0.44375 0.08515625 0.06875
0 0.26171875 0.50703125 0.0859375 0.06484375
0 0.2609375 0.565625 0.084375 0.065625
0 0.2484375 0.62890625 0.0921875 0.06484375
0 0.23671875 0.69609375 0.0921875 0.065625
0 0.18515625 0.32578125 0.08203125 0.0578125
0 0.1828125 0.3796875 0.08046875 0.0578125
0 0.1796875 0.4390625 0.084375 0.0609375
0 0.1734375 0.5046875 0.08671875 0.0578125
0 0.16875 0.5640625 0.0859375 0.065625
0 0.159375 0.628125 0.08515625 0.0640625
0 0.14921875 0.6953125 0.08515625 0.065625
0 0.10703125 0.33359375 0.07890625 0.065625
0 0.10390625 0.39375 0.0765625 0.0515625
0 0.09609375 0.45 0.0828125 0.0625
0 0.08828125 0.5109375 0.08359375 0.059375
0 0.084375 0.56875 0.08515625 0.0640625
0 0.0765625 0.63046875 0.0796875 0.0609375
0 0.0640625 0.70234375 0.08359375 0.078125