0 0.9109375 0.52890625 0.178125 0.0765625
0 0.91015625 0.60234375 0.17890625 0.07890625
0 0.9125 0.68203125 0.175 0.0734375
0 0.70078125 0.5265625 0.2375 0.08046875
0 0.69765625 0.60546875 0.24296875 0.07890625
0 0.69765625 0.6828125 0.2484375 0.0765625
0 0.4328125 0.675 0.17265625 0.12265625
0 0.4328125 0.553125 0.17109375 0.1203125
0 0.43671875 0.43515625 0.1609375 0.12265625
0 0.43671875 0.32265625 0.16171875 0.11796875
0 0.43671875 0.21328125 0.1609375 0.11171875
0 0.4390625 0.11015625 0.153125 0.10703125
0 0.4390625 0.03203125 0.15 0.0625
0 0.2875 0.034375 0.1515625 0.0671875
0 0.284375 0.1203125 0.15546875 0.1015625
0 0.28046875 0.22109375 0.16328125 0.1
0 0.27734375 0.32578125 0.16640625 0.11171875
0 0.27265625 0.4390625 0.17265625 0.1234375
0 0.26953125 0.56015625 0.1671875 0.1125
0 0.2625 0.67890625 0.16875 0.115625
0 0.09296875 0.67890625 0.17890625 0.1203125
0 0.1015625 0.55390625 0.17265625 0.1125
0 0.11171875 0.43984375 0.165625 0.1125
0 0.11796875 0.33046875 0.1671875 0.115625
0 0.12578125 0.2203125 0.159375 0.1046875
0 0.13359375 0.11640625 0.1578125 0.10078125
0 0.13984375 0.03359375 0.1546875 0.06484375