0 0.60625 0.70625 0.0703125 0.0515625
0 0.684375 0.7625 0.075 0.05703125
0 0.7859375 0.81171875 0.0828125 0.06484375
0 0.86796875 0.80859375 0.0875 0.06328125
0 0.615625 0.87265625 0.08671875 0.05390625
0 0.6984375 0.87421875 0.0859375 0.0578125
0 0.7796875 0.875 0.08671875 0.0609375
0 0.86171875 0.8703125 0.08125 0.07109375
0 0.61328125 0.91953125 0.08125 0.05703125
0 0.6953125 0.92109375 0.07890625 0.053125
0 0.7765625 0.92734375 0.084375 0.04921875
0 0.85703125 0.9265625 0.08828125 0.05390625
0 0.61171875 0.97421875 0.07890625 0.0484375
0 0.69375 0.9734375 0.08203125 0.04921875
0 0.775 0.9734375 0.08203125 0.046875
0 0.85546875 0.97265625 0.0828125 0.0546875
0 0.0421875 0.975 0.07265625 0.05
0 0.03984375 0.9234375 0.0765625 0.06875
0 0.0390625 0.865625 0.0765625 0.05546875
0 0.03671875 0.8140625 0.071875 0.06171875
0 0.0328125 0.75859375 0.0640625 0.059375
0 0.0796875 0.40859375 0.0875 0.06796875
0 0.0828125 0.47109375 0.0875 0.0640625
0 0.0875 0.53203125 0.08515625 0.0640625
0 0.090625 0.59609375 0.0828125 0.06015625
0 0.0921875 0.6578125 0.08125 0.06484375
0 0.1 0.71640625 0.078125 0.05546875
0 0.10546875 0.77265625 0.0765625 0.05703125
0 0.10859375 0.825 0.0765625 0.05546875
0 0.115625 0.87421875 0.075 0.04921875
0 0.11640625 0.92734375 0.07421875 0.05625
0 0.1203125 0.975 0.07890625 0.05
0 0.16796875 0.41171875 0.0890625 0.065625
0 0.17109375 0.4703125 0.0875 0.06796875
0 0.171875 0.53203125 0.08671875 0.06484375
0 0.1765625 0.596875 0.084375 0.06328125
0 0.1765625 0.6546875 0.0875 0.0625
0 0.18125 0.71640625 0.08359375 0.0640625
0 0.18515625 0.76796875 0.0828125 0.059375
0 0.18828125 0.825 0.0828125 0.05546875
0 0.190625 0.87890625 0.0765625 0.05625
0 0.1921875 0.928125 0.078125 0.0578125
0 0.19609375 0.97578125 0.078125 0.04765625
0 0.2546875 0.40703125 0.08671875 0.065625
0 0.25625 0.4703125 0.0890625 0.0671875
0 0.259375 0.53125 0.0875 0.0609375
0 0.259375 0.5921875 0.08671875 0.06171875
0 0.2625 0.653125 0.0859375 0.065625
0 0.26328125 0.71015625 0.08671875 0.05625
0 0.26484375 0.76640625 0.08359375 0.06171875
0 0.26640625 0.825 0.08203125 0.0609375
0 0.2703125 0.8796875 0.0796875 0.05390625
0 0.27109375 0.93046875 0.08046875 0.05625
0 0.27265625 0.9765625 0.0796875 0.046875
0 0.34296875 0.40234375 0.09296875 0.0671875
0 0.34765625 0.47109375 0.0890625 0.06875
0 0.346875 0.53203125 0.090625 0.05625
0 0.34765625 0.5921875 0.0875 0.065625
0 0.34921875 0.6515625 0.08515625 0.0609375
0 0.3515625 0.71171875 0.0875 0.059375
0 0.34921875 0.765625 0.08671875 0.0609375
0 0.35078125 0.82578125 0.0828125 0.05703125
0 0.35234375 0.88203125 0.0796875 0.05390625
0 0.353125 0.93046875 0.08125 0.05625
0 0.35234375 0.97578125 0.07734375 0.04453125
1 0.70234375 0.30234375 0.11875 0.0875
1 0.7015625 0.3890625 0.11328125 0.07890625
1 0.57109375 0.490625 0.1375 0.128125
1 0.69375 0.49296875 0.1078125 0.1234375