0 0.91953125 0.31875 0.16015625 0.115625
0 0.92109375 0.41640625 0.1578125 0.1109375
0 0.928125 0.51875 0.1421875 0.1046875
0 0.92265625 0.61015625 0.1546875 0.0859375
0 0.925 0.7171875 0.1484375 0.1078125
0 0.92734375 0.81640625 0.1453125 0.115625
0 0.71875 0.096875 0.05234375 0.04375
0 0.7171875 0.13828125 0.053125 0.03828125
0 0.71875 0.1734375 0.053125 0.0375
0 0.72109375 0.20859375 0.05390625 0.034375
0 0.72109375 0.24140625 0.05625 0.03828125
0 0.72265625 0.2765625 0.05390625 0.0328125
0 0.7234375 0.3140625 0.05625 0.0359375
0 0.72421875 0.346875 0.05390625 0.0375
0 0.72734375 0.38125 0.053125 0.0359375
0 0.72734375 0.42109375 0.05625 0.0328125
0 0.72734375 0.4578125 0.05546875 0.0359375
0 0.728125 0.49453125 0.05546875 0.03671875
0 0.73046875 0.53203125 0.05390625 0.0328125
0 0.7328125 0.56953125 0.05859375 0.034375
0 0.73359375 0.60625 0.05859375 0.0359375
0 0.7328125 0.6453125 0.05703125 0.0359375
0 0.7359375 0.68203125 0.0578125 0.0359375
0 0.7359375 0.72109375 0.06015625 0.0359375
0 0.7359375 0.759375 0.05546875 0.0390625
0 0.734375 0.79765625 0.05625 0.03828125
0 0.734375 0.83515625 0.05546875 0.034375
0 0.7390625 0.86953125 0.0578125 0.04375
0 0.675 0.8765625 0.06484375 0.0484375
0 0.61484375 0.884375 0.0671875 0.05
0 0.54921875 0.88984375 0.06875 0.05
0 0.4828125 0.89765625 0.0671875 0.05234375
0 0.4125 0.9015625 0.07109375 0.0625
0 0.4125 0.85390625 0.07109375 0.0484375
0 0.48046875 0.85078125 0.0671875 0.04375
0 0.54765625 0.84609375 0.065625 0.040625
0 0.6125 0.8421875 0.06171875 0.0375
0 0.6734375 0.8390625 0.05859375 0.0359375
0 0.67734375 0.7984375 0.06015625 0.0453125
0 0.61328125 0.80390625 0.06328125 0.04921875
0 0.54921875 0.80703125 0.0640625 0.0421875
0 0.48359375 0.81484375 0.0703125 0.04609375
0 0.415625 0.8171875 0.06875 0.05
0 0.415625 0.775 0.06875 0.04140625
0 0.4828125 0.7703125 0.0625 0.03984375
0 0.55 0.7625 0.06328125 0.03203125
0 0.615625 0.75859375 0.0609375 0.034375
0 0.67578125 0.75703125 0.059375 0.0359375
0 0.67734375 0.72109375 0.0640625 0.0390625
0 0.615625 0.7234375 0.06484375 0.0484375
0 0.55 0.725 0.06328125 0.04921875
0 0.484375 0.73203125 0.065625 0.046875
0 0.415625 0.73515625 0.06953125 0.0546875
0 0.4171875 0.690625 0.0671875 0.04453125
0 0.48359375 0.6921875 0.07109375 0.0421875
0 0.55 0.68515625 0.06328125 0.03828125
0 0.6140625 0.68046875 0.065625 0.0328125
0 0.678125 0.68203125 0.05703125 0.03828125
0 0.67578125 0.6453125 0.059375 0.0328125
0 0.61328125 0.6515625 0.06328125 0.046875
0 0.55078125 0.6546875 0.06875 0.0421875
0 0.48515625 0.64765625 0.0671875 0.03671875
0 0.415625 0.64921875 0.0671875 0.034375
0 0.41640625 0.6109375 0.06484375 0.03984375
0 0.48359375 0.60859375 0.06953125 0.0390625
0 0.54921875 0.60625 0.0671875 0.03828125
0 0.6140625 0.60625 0.06171875 0.0375
0 0.6765625 0.60859375 0.05625 0.034375
0 0.6734375 0.5671875 0.05859375 0.0390625
0 0.6140625 0.56953125 0.06328125 0.03828125
0 0.54921875 0.56875 0.0640625 0.0390625
0 0.48359375 0.57421875 0.0640625 0.0390625
0 0.4171875 0.57578125 0.0671875 0.03671875
0 0.415625 0.5296875 0.06484375 0.03671875
0 0.48203125 0.52734375 0.0671875 0.0421875
0 0.5484375 0.53046875 0.06328125 0.03828125
0 0.6125 0.53203125 0.059375 0.04765625
0 0.671875 0.53203125 0.06171875 0.0375
0 0.67265625 0.490625 0.05703125 0.0421875
0 0.61171875 0.49375 0.065625 0.03984375
0 0.54765625 0.4953125 0.06796875 0.040625
0 0.48046875 0.49296875 0.0640625 0.0375
0 0.41328125 0.4890625 0.06953125 0.03671875
0 0.41640625 0.4453125 0.06640625 0.05
0 0.4796875 0.4484375 0.0609375 0.04375
0 0.54765625 0.45078125 0.0703125 0.0375
0 0.60859375 0.453125 0.0625 0.03125
0 0.66953125 0.46015625 0.06328125 0.0359375
0 0.6703125 0.4203125 0.05625 0.0453125
0 0.609375 0.41484375 0.06328125 0.04921875
0 0.54609375 0.41171875 0.0625 0.03828125
0 0.48203125 0.40703125 0.06875 0.0484375
0 0.4125 0.40390625 0.0734375 0.0453125
0 0.41171875 0.3640625 0.06875 0.03671875
0 0.478125 0.3703125 0.065625 0.03984375
0 0.54453125 0.375 0.0671875 0.03984375
0 0.60625 0.378125 0.06328125 0.0390625
0 0.6671875 0.375 0.059375 0.03984375
0 0.6671875 0.34296875 0.05859375 0.04453125
0 0.60703125 0.34140625 0.0609375 0.04375
0 0.5453125 0.33671875 0.0625 0.040625
0 0.4796875 0.3328125 0.065625 0.04140625
0 0.4140625 0.32890625 0.0671875 0.04921875
0 0.4125 0.2828125 0.06953125 0.04140625
0 0.47890625 0.2921875 0.06640625 0.03671875
0 0.5421875 0.29453125 0.06171875 0.03203125
0 0.6078125 0.29921875 0.065625 0.034375
0 0.66796875 0.30546875 0.05703125 0.034375
0 0.6671875 0.2765625 0.0578125 0.040625
0 0.6078125 0.2671875 0.0640625 0.04609375
0 0.54453125 0.2578125 0.06484375 0.03828125
0 0.48125 0.2546875 0.0671875 0.0390625
0 0.41171875 0.24765625 0.06796875 0.046875
0 0.41171875 0.20234375 0.06796875 0.04140625
0 0.47890625 0.21640625 0.06328125 0.0328125
0 0.54296875 0.221875 0.0640625 0.0390625
0 0.60390625 0.228125 0.0625 0.04140625
0 0.6640625 0.23359375 0.059375 0.040625
0 0.665625 0.2 0.05703125 0.04609375
0 0.60625 0.18828125 0.06328125 0.04375
0 0.5421875 0.184375 0.0640625 0.04375
0 0.47890625 0.178125 0.06171875 0.0421875
0 0.41171875 0.1671875 0.0671875 0.0375
0 0.4109375 0.12578125 0.06640625 0.04609375
0 0.47890625 0.1375 0.06484375 0.03203125
0 0.54140625 0.146875 0.065625 0.0359375
0 0.6046875 0.1515625 0.065625 0.040625
0 0.6625 0.15859375 0.0609375 0.034375
0 0.66171875 0.13046875 0.05703125 0.0484375
0 0.6640625 0.0921875 0.05546875 0.046875
0 0.60625 0.08046875 0.065625 0.046875
0 0.60078125 0.11328125 0.05703125 0.0375
0 0.54140625 0.1078125 0.06328125 0.0453125
0 0.54140625 0.06796875 0.06171875 0.04609375
0 0.47734375 0.059375 0.0640625 0.0421875
0 0.4765625 0.10234375 0.06328125 0.040625
0 0.4109375 0.08515625 0.06875 0.04140625
0 0.41328125 0.04609375 0.065625 0.046875