0 0.03984375 0.81875 0.07890625 0.10390625
0 0.0359375 0.73828125 0.07109375 0.1
0 0.03359375 0.6515625 0.065625 0.103125
0 0.0234375 0.5578125 0.0453125 0.10078125
0 0.02265625 0.46328125 0.0453125 0.09921875
0 0.1328125 0.146875 0.0546875 0.0484375
0 0.13828125 0.1875 0.05625 0.05
0 0.140625 0.22890625 0.05703125 0.0484375
0 0.14140625 0.2703125 0.0546875 0.04609375
0 0.14453125 0.309375 0.05625 0.04765625
0 0.1453125 0.346875 0.05625 0.046875
0 0.1484375 0.38671875 0.05546875 0.04609375
0 0.15078125 0.42421875 0.05546875 0.04609375
0 0.15234375 0.4609375 0.05546875 0.05234375
0 0.153125 0.49921875 0.0546875 0.0484375
0 0.15703125 0.53359375 0.05234375 0.0453125
0 0.15859375 0.56875 0.0515625 0.04609375
0 0.15859375 0.6015625 0.05078125 0.03984375
0 0.1609375 0.63984375 0.05390625 0.04609375
0 0.1625 0.671875 0.0515625 0.05
0 0.165625 0.7078125 0.053125 0.04609375
0 0.16796875 0.7390625 0.05234375 0.05
0 0.16953125 0.771875 0.053125 0.0484375
0 0.171875 0.803125 0.053125 0.0453125
0 0.17734375 0.8390625 0.05234375 0.04453125
0 0.17734375 0.8703125 0.05390625 0.046875
0 0.18125 0.903125 0.05 0.046875
0 0.18984375 0.15078125 0.059375 0.04609375
0 0.19453125 0.19375 0.059375 0.0421875
0 0.19765625 0.234375 0.05859375 0.05
0 0.1984375 0.27578125 0.05859375 0.0453125
0 0.20078125 0.31640625 0.0578125 0.04609375
0 0.20234375 0.35234375 0.059375 0.04375
0 0.203125 0.3953125 0.05546875 0.04921875
0 0.20546875 0.43515625 0.05625 0.05234375
0 0.20703125 0.4734375 0.05703125 0.0484375
0 0.209375 0.51015625 0.05703125 0.05
0 0.21015625 0.54765625 0.0578125 0.046875
0 0.21171875 0.58515625 0.05625 0.04921875
0 0.2125 0.61953125 0.05546875 0.04921875
0 0.215625 0.653125 0.05703125 0.046875
0 0.21640625 0.6875 0.05546875 0.05
0 0.21796875 0.7203125 0.0546875 0.04921875
0 0.22109375 0.753125 0.053125 0.04765625
0 0.2203125 0.78671875 0.05390625 0.046875
0 0.22578125 0.81875 0.05390625 0.04609375
0 0.22890625 0.85078125 0.053125 0.046875
0 0.23125 0.88515625 0.0515625 0.053125
0 0.2328125 0.9140625 0.053125 0.05234375
0 0.2515625 0.15078125 0.065625 0.04609375
0 0.2578125 0.1953125 0.0640625 0.0453125
0 0.259375 0.2375 0.06484375 0.046875
0 0.26015625 0.2796875 0.06484375 0.04921875
0 0.26015625 0.3234375 0.0640625 0.05234375
0 0.26171875 0.3609375 0.0609375 0.04609375
0 0.26171875 0.39765625 0.0609375 0.05234375
0 0.26640625 0.44140625 0.0609375 0.04921875
0 0.26875 0.48125 0.0609375 0.04375
0 0.26953125 0.51875 0.05625 0.04921875
0 0.27109375 0.55703125 0.059375 0.05234375
0 0.26875 0.59453125 0.059375 0.0453125
0 0.2703125 0.634375 0.0578125 0.04453125
0 0.271875 0.66484375 0.0578125 0.0484375
0 0.275 0.70078125 0.05703125 0.0484375
0 0.2765625 0.734375 0.0578125 0.0484375
0 0.27578125 0.77109375 0.05625 0.04921875
0 0.278125 0.80390625 0.0546875 0.04609375
0 0.28203125 0.8359375 0.05390625 0.0484375
0 0.2859375 0.86796875 0.05390625 0.04453125
0 0.28671875 0.90546875 0.05546875 0.0421875
0 0.2875 0.93515625 0.05546875 0.0453125
0 0.31875 0.15546875 0.0671875 0.04609375
0 0.32265625 0.196875 0.0671875 0.0484375
0 0.325 0.24375 0.0671875 0.046875
0 0.3265625 0.2859375 0.06328125 0.05234375
0 0.3265625 0.32890625 0.065625 0.04765625
0 0.32734375 0.37109375 0.0640625 0.04609375
0 0.32890625 0.41171875 0.0640625 0.046875
0 0.3296875 0.4515625 0.0625 0.046875
0 0.33046875 0.48984375 0.0640625 0.04609375
0 0.33203125 0.528125 0.06171875 0.04921875
0 0.3328125 0.56796875 0.0609375 0.0484375
0 0.33203125 0.6078125 0.0609375 0.04921875
0 0.33125 0.646875 0.05859375 0.046875
0 0.334375 0.67734375 0.05859375 0.046875
0 0.33359375 0.71484375 0.059375 0.04921875
0 0.33515625 0.7515625 0.0578125 0.04921875
0 0.33671875 0.78359375 0.05625 0.05234375
0 0.33828125 0.82109375 0.05625 0.0515625
0 0.3390625 0.85 0.0546875 0.04921875
0 0.34140625 0.88359375 0.0546875 0.0453125
0 0.34375 0.9171875 0.05625 0.046875
0 0.3453125 0.9484375 0.05703125 0.04375
0 0.3890625 0.1578125 0.06875 0.0515625
0 0.39140625 0.20703125 0.06796875 0.053125
0 0.39453125 0.25078125 0.06484375 0.05625
0 0.39296875 0.29453125 0.06875 0.05703125
0 0.3921875 0.33671875 0.06875 0.053125
0 0.39296875 0.378125 0.0671875 0.05234375
0 0.39375 0.4203125 0.065625 0.04921875
0 0.39609375 0.46328125 0.06328125 0.05390625
0 0.39375 0.50234375 0.0609375 0.05234375
0 0.39609375 0.540625 0.06171875 0.05
0 0.39609375 0.57890625 0.06171875 0.053125
0 0.396875 0.61640625 0.06171875 0.0515625
0 0.39609375 0.6546875 0.06640625 0.04453125
0 0.396875 0.69296875 0.0640625 0.0421875
0 0.39609375 0.725 0.06328125 0.04609375
0 0.39609375 0.765625 0.0640625 0.05234375
0 0.39921875 0.80078125 0.0640625 0.0546875
0 0.4 0.83515625 0.0625 0.04921875
0 0.4015625 0.86796875 0.06171875 0.04921875
0 0.40234375 0.9 0.0609375 0.05234375
0 0.403125 0.93203125 0.0609375 0.0515625
0 0.4046875 0.96640625 0.0578125 0.05546875
0 0.46171875 0.1578125 0.06953125 0.053125
0 0.46484375 0.20625 0.071875 0.053125
0 0.4640625 0.253125 0.07109375 0.05625
0 0.46484375 0.2953125 0.07265625 0.0546875
0 0.46484375 0.3390625 0.07109375 0.05546875
0 0.46484375 0.384375 0.06953125 0.05546875
0 0.4625 0.428125 0.06953125 0.05390625
0 0.4625 0.46953125 0.0671875 0.05546875
0 0.46328125 0.51171875 0.06953125 0.0515625
0 0.4609375 0.553125 0.0671875 0.05234375
0 0.46171875 0.58984375 0.06953125 0.0546875
0 0.46171875 0.62734375 0.065625 0.05390625
0 0.4625 0.665625 0.065625 0.05703125
0 0.4625 0.7078125 0.0609375 0.04921875
0 0.4640625 0.74296875 0.05546875 0.046875
0 0.46484375 0.7796875 0.05859375 0.0515625
0 0.46328125 0.825 0.0625 0.05234375
0 0.46328125 0.8609375 0.0671875 0.05390625
0 0.465625 0.88828125 0.06171875 0.0453125
0 0.4640625 0.91640625 0.0609375 0.05625
0 0.465625 0.9546875 0.0625 0.04921875
0 0.46640625 0.98046875 0.0609375 0.0390625