2 0.2109375 0.59765625 0.134375 0.15625
2 0.3484375 0.28671875 0.13828125 0.15390625
2 0.34921875 0.44765625 0.13828125 0.15078125
2 0.35 0.5984375 0.1359375 0.1484375
2 0.4875 0.446875 0.13359375 0.15546875
2 0.48984375 0.5984375 0.134375 0.14921875
2 0.521875 0.459375 0.13515625 0.16796875
2 0.52265625 0.61875 0.1328125 0.15078125
2 0.65859375 0.31015625 0.1375 0.15234375
2 0.65703125 0.46484375 0.134375 0.15390625
2 0.65859375 0.61875 0.1375 0.1484375
2 0.7953125 0.309375 0.1359375 0.1484375
2 0.79453125 0.46484375 0.1359375 0.15625
2 0.7953125 0.621875 0.13515625 0.14921875