2 0.13125 0.18515625 0.06953125 0.06640625
2 0.20234375 0.18671875 0.0703125 0.06640625
2 0.13203125 0.26171875 0.0703125 0.078125
2 0.20390625 0.26015625 0.06953125 0.0796875
2 0.284375 0.1875 0.06875 0.06796875
2 0.3546875 0.184375 0.0734375 0.06796875
2 0.284375 0.26171875 0.065625 0.075
2 0.353125 0.26171875 0.06640625 0.075
2 0.4546875 0.1875 0.07109375 0.06484375
2 0.4546875 0.26484375 0.06953125 0.08125
2 0.5265625 0.2640625 0.071875 0.07109375
2 0.1671875 0.4484375 0.14453125 0.14765625
2 0.2859375 0.45 0.06953125 0.14765625
2 0.3578125 0.44921875 0.0734375 0.14296875
2 0.45625 0.45234375 0.06953125 0.14921875
2 0.52578125 0.45078125 0.07109375 0.14609375
2 0.1671875 0.68515625 0.13671875 0.1609375
2 0.32109375 0.6859375 0.14375 0.15625
2 0.64375 0.6796875 0.140625 0.1546875
2 0.87421875 0.45234375 0.1234375 0.14921875
2 0.8703125 0.671875 0.12421875 0.14609375
2 0.83828125 0.18515625 0.06171875 0.075
2 0.9046875 0.19140625 0.0671875 0.0765625
2 0.84296875 0.2625 0.0609375 0.0765625
2 0.9046875 0.2625 0.0625 0.0828125