2 0.2453125 0.6421875 0.24921875 0.35859375
2 0.44921875 0.6203125 0.16953125 0.3921875
2 0.61953125 0.66953125 0.08359375 0.2515625
2 0.325 0.2703125 0.14375 0.22890625
2 0.22265625 0.21796875 0.0640625 0.12890625
2 0.171875 0.22109375 0.05859375 0.0953125
2 0.06484375 0.5015625 0.1296875 0.45546875
2 0.17265625 0.43125 0.21015625 0.40234375
2 0.0703125 0.8625 0.1328125 0.27421875
2 0.21875 0.9125 0.153125 0.175
2 0.3921875 0.91484375 0.20625 0.1703125
2 0.72578125 0.78984375 0.12578125 0.41953125
2 0.4390625 0.41953125 0.0671875 0.14765625
2 0.528125 0.571875 0.1078125 0.4265625
2 0.709375 0.453125 0.1625 0.13046875
2 0.70546875 0.57890625 0.16796875 0.16484375
2 0.5984375 0.52734375 0.0625 0.1515625
2 0.91640625 0.11796875 0.1671875 0.21171875
2 0.91796875 0.35546875 0.1640625 0.28203125
2 0.81640625 0.3953125 0.06171875 0.26171875
2 0.89375 0.63515625 0.21171875 0.36484375
2 0.9140625 0.85546875 0.16875 0.2890625