2 0.23828125 0.25859375 0.12109375 0.059375
2 0.2234375 0.3375 0.184375 0.11640625
2 0.209375 0.4828125 0.2203125 0.2140625
2 0.209375 0.70078125 0.2203125 0.21484375
2 0.4359375 0.48515625 0.2265625 0.2125
2 0.7296875 0.4890625 0.35546875 0.221875
2 0.434375 0.70703125 0.22890625 0.225
2 0.7265625 0.703125 0.3515625 0.21484375
2 0.48125 0.29765625 0.20703125 0.159375
2 0.50546875 0.1703125 0.1515625 0.1015625
2 0.65546875 0.19140625 0.10390625 0.06640625
2 0.7171875 0.30078125 0.28203125 0.16796875