2 0.7625 0.19765625 0.0453125 0.09609375
2 0.3171875 0.19921875 0.046875 0.09765625
2 0.23125 0.33203125 0.05703125 0.15078125
2 0.05390625 0.3390625 0.0546875 0.15546875
2 0.10859375 0.34453125 0.04921875 0.14375
2 0.1546875 0.33359375 0.04296875 0.1296875
2 0.05390625 0.45390625 0.06015625 0.07421875
2 0.09296875 0.46875 0.0328125 0.10859375
2 0.12578125 0.459375 0.03125 0.10390625
2 0.15546875 0.4640625 0.03828125 0.09921875
2 0.0484375 0.571875 0.04296875 0.15703125
2 0.084375 0.57421875 0.04140625 0.16640625
2 0.12890625 0.54140625 0.0390625 0.06484375
2 0.128125 0.60390625 0.03984375 0.08359375
2 0.16640625 0.59921875 0.0359375 0.1203125
2 0.28359375 0.34140625 0.05546875 0.14609375
2 0.3265625 0.36015625 0.034375 0.090625
2 0.2328125 0.44453125 0.06015625 0.08828125
2 0.22265625 0.57421875 0.0421875 0.14375
2 0.26171875 0.57421875 0.0421875 0.153125
2 0.30390625 0.58828125 0.0453125 0.10625
2 0.271875 0.4609375 0.025 0.08359375
2 0.30234375 0.459375 0.0375 0.090625
2 0.33515625 0.4546875 0.0328125 0.10390625
2 0.3375 0.590625 0.03046875 0.09296875
2 0.67578125 0.33828125 0.06171875 0.1203125
2 0.73515625 0.32890625 0.0546875 0.1484375
2 0.7734375 0.34609375 0.03125 0.10859375
2 0.6734375 0.4546875 0.05625 0.11796875
2 0.71484375 0.44921875 0.0296875 0.115625
2 0.6671875 0.5765625 0.04296875 0.1203125
2 0.70703125 0.57265625 0.03828125 0.13203125
2 0.746875 0.45 0.034375 0.10390625
2 0.778125 0.4640625 0.0375 0.0859375
2 0.74765625 0.596875 0.03828125 0.07421875
2 0.78359375 0.603125 0.03046875 0.0859375
2 0.8515625 0.59453125 0.0453125 0.06015625
2 0.8859375 0.6078125 0.0375 0.0859375
2 0.921875 0.59921875 0.0453125 0.08359375
2 0.95625 0.60390625 0.03125 0.08828125
2 0.8515625 0.3390625 0.065625 0.159375
2 0.91171875 0.346875 0.05078125 0.1015625
2 0.85234375 0.45234375 0.05078125 0.10390625
2 0.8875 0.4515625 0.02734375 0.09296875
2 0.921875 0.46953125 0.03515625 0.1203125
2 0.9625 0.4609375 0.0375 0.1015625