2 0.47265625 0.1359375 0.11015625 0.1734375
2 0.47890625 0.2265625 0.13828125 0.15078125
2 0.475 0.321875 0.13203125 0.1625
2 0.60859375 0.05390625 0.1375 0.1078125
2 0.60859375 0.1484375 0.1734375 0.109375
2 0.62578125 0.2515625 0.10625 0.08515625
2 0.7359375 0.221875 0.12734375 0.165625
2 0.74375 0.32421875 0.18359375 0.1375
2 0.73515625 0.39921875 0.1671875 0.14921875
2 0.971875 0.21640625 0.05625 0.1265625
2 0.9671875 0.3140625 0.065625 0.140625
2 0.96171875 0.41640625 0.0765625 0.15390625
2 0.6359375 0.7015625 0.3078125 0.440625
2 0.85234375 0.7234375 0.240625 0.40625