2 0.16640625 0.1828125 0.14140625 0.14296875
2 0.16328125 0.421875 0.21015625 0.1640625
2 0.17109375 0.65625 0.18359375 0.17578125
2 0.1859375 0.86796875 0.1953125 0.13828125
2 0.4125 0.18515625 0.240625 0.2359375
2 0.38359375 0.41015625 0.22578125 0.19453125
2 0.64765625 0.18515625 0.175 0.14453125
2 0.828125 0.17890625 0.16484375 0.12109375
2 0.62890625 0.41171875 0.20625 0.19453125
2 0.84609375 0.42109375 0.18359375 0.18828125
2 0.40078125 0.6375 0.2171875 0.17890625
2 0.61171875 0.63984375 0.18046875 0.1859375
2 0.828125 0.65078125 0.16484375 0.17265625
2 0.39375 0.8515625 0.20859375 0.14296875
2 0.6171875 0.85703125 0.1890625 0.15390625
2 0.82421875 0.86640625 0.18515625 0.146875