2 0.31640625 0.06171875 0.05859375 0.1171875
2 0.39296875 0.10078125 0.071875 0.11875
2 0.715625 0.0796875 0.0875 0.1515625
2 0.80625 0.12734375 0.09609375 0.1515625
2 0.846875 0.0296875 0.1625 0.059375
2 0.80546875 0.31015625 0.14921875 0.16875
2 0.49140625 0.1609375 0.06484375 0.13828125
2 0.5625 0.2 0.06875 0.15703125
2 0.653125 0.23515625 0.1 0.17890625
2 0.34453125 0.18828125 0.09921875 0.096875
2 0.92109375 0.4 0.10390625 0.19140625
2 0.78046875 0.490625 0.08671875 0.17890625
2 0.8828125 0.5609375 0.09453125 0.18828125
2 0.97109375 0.60625 0.0578125 0.17421875
2 0.67578125 0.44296875 0.07578125 0.1453125
2 0.66171875 0.56484375 0.07421875 0.13828125
2 0.59453125 0.3921875 0.09140625 0.15
2 0.521875 0.33359375 0.07265625 0.15
2 0.7640625 0.63984375 0.09453125 0.134375
2 0.86015625 0.71171875 0.09921875 0.1359375
2 0.9625 0.765625 0.075 0.1375
2 0.65859375 0.69765625 0.06640625 0.1359375
2 0.58046875 0.63984375 0.07734375 0.1453125
2 0.58203125 0.51640625 0.075 0.12109375
2 0.75078125 0.753125 0.0875 0.15546875
2 0.84765625 0.821875 0.09921875 0.1640625
2 0.9453125 0.88046875 0.109375 0.1078125
2 0.38359375 0.85234375 0.3 0.20546875
2 0.22890625 0.77578125 0.25625 0.228125
2 0.14140625 0.615625 0.19453125 0.33984375