2 0.19140625 0.1296875 0.11640625 0.11328125
2 0.1375 0.19140625 0.11640625 0.14375
2 0.06796875 0.29140625 0.13203125 0.15859375
2 0.2140625 0.31484375 0.09921875 0.12109375
2 0.1734375 0.38515625 0.0890625 0.1375
2 0.11328125 0.43984375 0.06796875 0.11796875
2 0.1390625 0.53984375 0.0953125 0.1390625
2 0.06171875 0.634375 0.0703125 0.19609375
2 0.265625 0.39921875 0.06015625 0.14375
2 0.22421875 0.48359375 0.0375 0.1296875
2 0.1828125 0.5734375 0.04921875 0.12421875
2 0.13046875 0.69921875 0.05859375 0.18515625
2 0.06953125 0.8515625 0.07890625 0.16171875
2 0.2796875 0.5140625 0.08671875 0.08046875
2 0.24609375 0.590625 0.065625 0.11171875
2 0.20859375 0.7015625 0.09453125 0.1421875
2 0.15625 0.83359375 0.09453125 0.16171875
2 0.71953125 0.2578125 0.21171875 0.453125
2 0.7 0.47109375 0.215625 0.16015625
2 0.70546875 0.61328125 0.26171875 0.1984375
2 0.6953125 0.7859375 0.2765625 0.2421875