2 0.275 0.1046875 0.2421875 0.12890625
2 0.11875 0.1890625 0.2375 0.14140625
2 0.78125 0.078125 0.23515625 0.125
2 0.49140625 0.1953125 0.309375 0.09609375
2 0.73984375 0.1984375 0.203125 0.1390625
2 0.5421875 0.28828125 0.3265625 0.1625
2 0.2546875 0.328125 0.3515625 0.115625
2 0.303125 0.45078125 0.32890625 0.12109375
2 0.89453125 0.30234375 0.165625 0.14609375
2 0.74765625 0.378125 0.27734375 0.140625
2 0.62109375 0.44375 0.2875 0.1484375
2 0.12890625 0.615625 0.2328125 0.12109375
2 0.39609375 0.54765625 0.346875 0.1265625
2 0.5046875 0.65078125 0.39140625 0.1375
2 0.8734375 0.60625 0.16796875 0.1515625
2 0.77265625 0.775 0.24765625 0.171875
2 0.446875 0.77109375 0.453125 0.125
2 0.184375 0.90078125 0.3046875 0.159375
2 0.51953125 0.890625 0.39140625 0.1515625