2 0.65234375 0.44296875 0.04609375 0.103125
2 0.62578125 0.51875 0.0609375 0.10546875
2 0.290625 0.17734375 0.046875 0.0625
2 0.3171875 0.2453125 0.065625 0.07890625
2 0.45234375 0.33046875 0.06328125 0.07265625
2 0.8734375 0.19140625 0.17265625 0.29140625
2 0.80703125 0.36875 0.11015625 0.27734375
2 0.775 0.48984375 0.08203125 0.24296875
2 0.15390625 0.2125 0.1890625 0.2328125
2 0.209375 0.40234375 0.13359375 0.18984375
2 0.23359375 0.5203125 0.11640625 0.2203125
2 0.07734375 0.4625 0.1546875 0.27109375
2 0.11640625 0.64453125 0.140625 0.234375
2 0.1640625 0.7453125 0.10859375 0.246875
2 0.93984375 0.4546875 0.1203125 0.446875
2 0.915625 0.6078125 0.16875 0.35859375
2 0.85703125 0.72578125 0.13359375 0.3375
2 0.43515625 0.18125 0.0515625 0.07109375
2 0.6890625 0.2859375 0.0421875 0.07421875
2 0.5234375 0.18046875 0.03671875 0.05859375
2 0.52734375 0.2453125 0.040625 0.0671875
2 0.50625 0.33828125 0.03359375 0.0515625
2 0.54609375 0.3359375 0.03984375 0.08828125