2 0.05546875 0.56171875 0.10390625 0.115625
2 0.05859375 0.68203125 0.1 0.0921875
2 0.06171875 0.78828125 0.09453125 0.0984375
2 0.14609375 0.56171875 0.06796875 0.09765625
2 0.14765625 0.66015625 0.06328125 0.07109375
2 0.146875 0.75703125 0.07265625 0.075
2 0.0515625 0.259375 0.08828125 0.1125
2 0.04609375 0.35078125 0.08203125 0.09453125
2 0.04140625 0.43203125 0.08046875 0.08203125
2 0.03984375 0.046875 0.0796875 0.09375
2 0.121875 0.0875 0.0625 0.16953125
2 0.18125 0.1125 0.04609375 0.20859375
2 0.93984375 0.38515625 0.07421875 0.1640625