2 0.15546875 0.1453125 0.07109375 0.07578125
2 0.1578125 0.23125 0.07578125 0.0796875
2 0.15546875 0.3234375 0.06875 0.07890625
2 0.16171875 0.4203125 0.0828125 0.07421875
2 0.1546875 0.696875 0.0703125 0.07734375
2 0.15859375 0.784375 0.06875 0.07421875
2 0.1578125 0.87265625 0.07421875 0.07734375
2 0.39609375 0.14609375 0.065625 0.084375
2 0.39765625 0.2328125 0.07109375 0.0828125
2 0.39921875 0.31953125 0.07109375 0.0703125
2 0.40078125 0.41875 0.07109375 0.07421875
2 0.63671875 0.14609375 0.0703125 0.07890625
2 0.63828125 0.2296875 0.0703125 0.07421875
2 0.6375 0.321875 0.0671875 0.07578125
2 0.63828125 0.69375 0.0671875 0.0703125
2 0.63828125 0.78203125 0.071875 0.07578125
2 0.8796875 0.1421875 0.0640625 0.07890625
2 0.88125 0.234375 0.06328125 0.07734375
2 0.88203125 0.3234375 0.0703125 0.0671875
2 0.88125 0.4171875 0.07109375 0.07421875
2 0.88359375 0.696875 0.06484375 0.0828125
2 0.88125 0.7796875 0.06484375 0.0796875
2 0.88359375 0.8734375 0.06484375 0.07578125