2 0.1125 0.196875 0.121875 0.25703125
2 0.19375 0.26484375 0.07265625 0.18671875
2 0.08203125 0.37109375 0.07109375 0.1140625
2 0.09296875 0.45234375 0.0640625 0.08125
2 0.14453125 0.38359375 0.0640625 0.08125
2 0.18359375 0.4359375 0.09140625 0.10546875
2 0.11015625 0.6359375 0.09375 0.17421875
2 0.19375 0.61015625 0.0734375 0.13359375
2 0.08828125 0.87421875 0.0734375 0.2203125
2 0.14453125 0.8171875 0.0546875 0.13515625
2 0.203125 0.76953125 0.09453125 0.13515625
2 0.28359375 0.71328125 0.0609375 0.0953125
2 0.328125 0.6765625 0.05703125 0.07890625
2 0.2796875 0.590625 0.0453125 0.10234375
2 0.290625 0.48125 0.06328125 0.10078125
2 0.32734375 0.59296875 0.05 0.071875
2 0.3375 0.50390625 0.0453125 0.084375
2 0.28671875 0.371875 0.05234375 0.10703125
2 0.3328125 0.39921875 0.04765625 0.09140625
2 0.28125 0.30390625 0.04453125 0.096875
2 0.31875 0.3421875 0.05390625 0.08125
2 0.89921875 0.21796875 0.121875 0.2234375
2 0.80703125 0.2765625 0.07421875 0.190625
2 0.79375 0.62890625 0.04921875 0.1265625
2 0.67890625 0.42578125 0.0515625 0.07890625
2 0.684375 0.36328125 0.0546875 0.1109375
2 0.73359375 0.3421875 0.04921875 0.14296875
2 0.6765625 0.50703125 0.05859375 0.0703125
2 0.72421875 0.4859375 0.05703125 0.08125
2 0.6796875 0.59765625 0.05625 0.09375
2 0.73125 0.60234375 0.04765625 0.12109375
2 0.66328125 0.6578125 0.03359375 0.0796875
2 0.68828125 0.68515625 0.02890625 0.08984375
2 0.72734375 0.71484375 0.05625 0.13515625
2 0.85390625 0.6328125 0.05625 0.15703125
2 0.92265625 0.57578125 0.04921875 0.1125
2 0.91171875 0.6765625 0.06875 0.10703125
2 0.80234375 0.7359375 0.05703125 0.07890625
2 0.7953125 0.7953125 0.05390625 0.1
2 0.8625 0.80546875 0.0828125 0.1390625
2 0.9171875 0.8953125 0.07734375 0.1953125
2 0.80703125 0.43203125 0.05703125 0.10390625
2 0.8671875 0.39921875 0.06015625 0.071875
2 0.8578125 0.453125 0.04921875 0.07578125
2 0.93203125 0.38046875 0.06796875 0.1125
2 0.91953125 0.46015625 0.08515625 0.0953125