2 0.89609375 0.21171875 0.0953125 0.1125
2 0.20546875 0.2109375 0.090625 0.11328125
2 0.4359375 0.209375 0.07890625 0.11640625
2 0.33828125 0.2078125 0.08828125 0.1203125
2 0.6640625 0.2140625 0.0921875 0.10546875
2 0.10390625 0.2109375 0.09140625 0.1125
2 0.56484375 0.2140625 0.09296875 0.10546875
2 0.33984375 0.3640625 0.0859375 0.1234375
2 0.79609375 0.21015625 0.0921875 0.1109375
2 0.4375 0.3625 0.0859375 0.121875
2 0.5703125 0.51796875 0.0828125 0.128125
2 0.89375 0.35859375 0.0828125 0.12890625
2 0.565625 0.36171875 0.0859375 0.1234375
2 0.66484375 0.3640625 0.09765625 0.11875
2 0.4359375 0.5203125 0.0890625 0.121875
2 0.89375 0.5203125 0.08828125 0.121875
2 0.8 0.35859375 0.0828125 0.12890625
2 0.1078125 0.3640625 0.09765625 0.12109375
2 0.33359375 0.51953125 0.096875 0.12109375
2 0.79375 0.51953125 0.084375 0.1234375
2 0.103125 0.5203125 0.084375 0.1234375
2 0.8234375 0.678125 0.1484375 0.12109375
2 0.20703125 0.3609375 0.090625 0.12421875
2 0.66640625 0.51875 0.0828125 0.1265625
2 0.43828125 0.67578125 0.084375 0.12890625
2 0.340625 0.67578125 0.0828125 0.12890625
2 0.571875 0.67734375 0.09609375 0.12109375
2 0.66953125 0.67265625 0.0828125 0.1296875
2 0.20390625 0.51640625 0.09375 0.13203125
2 0.92421875 0.67421875 0.03984375 0.1234375
2 0.1546875 0.67578125 0.17578125 0.11796875