2 0.35625 0.82421875 0.35859375 0.2515625
2 0.265625 0.59921875 0.21015625 0.090625
2 0.11640625 0.68984375 0.16640625 0.0875
2 0.11328125 0.7640625 0.18125 0.0859375
2 0.11015625 0.8203125 0.18359375 0.084375
2 0.3828125 0.925 0.44375 0.15
2 0.515625 0.65546875 0.21484375 0.121875
2 0.58125 0.76484375 0.2625 0.159375
2 0.609375 0.91953125 0.275 0.1609375
2 0.6875 0.615625 0.14140625 0.0484375
2 0.21796875 0.6671875 0.10625 0.05703125
2 0.32578125 0.66171875 0.09765625 0.0734375
2 0.70703125 0.6828125 0.16015625 0.07890625
2 0.721875 0.74453125 0.16875 0.096875
2 0.9484375 0.6265625 0.103125 0.07578125
2 0.9640625 0.72265625 0.071875 0.1046875
2 0.94609375 0.82734375 0.1078125 0.1390625